date,open,high,low,close,volume,vwap,transactions
2024-04-28 21:00:00,7.26559,7.26831,7.26475,7.26554,63.0,7.2657,63
2024-04-28 22:00:00,7.26685,7.26685,7.26615,7.26615,18.0,7.2666,18
2024-04-28 23:00:00,7.26592,7.26826,7.26415,7.2649,1947.0,7.2661,1947
2024-04-29 00:00:00,7.26494,7.26642,7.26191,7.26418,5949.0,7.2648,5949
2024-04-29 01:00:00,7.2642,7.26822,7.26176,7.2628,12122.0,7.2648,12122
2024-04-29 02:00:00,7.26278,7.26418,7.25821,7.25945,11742.0,7.2616,11742
2024-04-29 03:00:00,7.25957,7.26053,7.25669,7.2586,7307.0,7.2589,7307
2024-04-29 04:00:00,7.25877,7.25889,7.25247,7.25512,15627.0,7.2547,15627
2024-04-29 05:00:00,7.25531,7.2577,7.25253,7.25547,13788.0,7.2556,13788
2024-04-29 06:00:00,7.25549,7.26047,7.2546,7.25838,12431.0,7.2569,12431
2024-04-29 07:00:00,7.2584,7.25924,7.25425,7.25632,15998.0,7.2568,15998
2024-04-29 08:00:00,7.2563,7.25888,7.25391,7.25585,12057.0,7.2566,12057
2024-04-29 09:00:00,7.25583,7.25615,7.25108,7.25184,11122.0,7.2542,11122
2024-04-29 10:00:00,7.25176,7.25205,7.24861,7.25091,8608.0,7.2506,8608
2024-04-29 11:00:00,7.25063,7.25121,7.2453,7.2486,9501.0,7.2486,9501
2024-04-29 12:00:00,7.24844,7.25207,7.24709,7.25181,10220.0,7.2497,10220
2024-04-29 13:00:00,7.25183,7.25314,7.24922,7.24949,10899.0,7.2515,10899
2024-04-29 14:00:00,7.24951,7.25002,7.24411,7.24598,10889.0,7.247,10889
2024-04-29 15:00:00,7.24598,7.2583,7.24222,7.2424,8648.0,7.2448,8648
2024-04-29 16:00:00,7.24238,7.24249,7.234,7.23733,11358.0,7.2381,11358
2024-04-29 17:00:00,7.23729,7.24094,7.2364,7.24068,9705.0,7.2392,9705
2024-04-29 18:00:00,7.2405,7.24096,7.2384,7.23854,8711.0,7.2398,8711
2024-04-29 19:00:00,7.23852,7.24047,7.2375,7.23895,7001.0,7.2391,7001
2024-04-29 20:00:00,7.23901,7.24422,7.23855,7.24313,4451.0,7.2415,4451
2024-04-29 21:00:00,7.24313,7.24394,7.23743,7.24143,1067.0,7.2419,1067
2024-04-29 22:00:00,7.24272,7.24361,7.24129,7.24341,3151.0,7.2429,3151
2024-04-29 23:00:00,7.2429,7.24466,7.24224,7.24277,3134.0,7.2428,3134
2024-04-30 00:00:00,7.24325,7.24549,7.24272,7.24443,7551.0,7.244,7551
2024-04-30 01:00:00,7.24441,7.24832,7.24073,7.24778,10878.0,7.2455,10878
2024-04-30 02:00:00,7.24776,7.25263,7.24722,7.25084,9688.0,7.2503,9688
2024-04-30 03:00:00,7.25076,7.25324,7.25028,7.25217,7110.0,7.2522,7110
2024-04-30 04:00:00,7.25217,7.25396,7.25172,7.25376,4543.0,7.2527,4543
2024-04-30 05:00:00,7.2537,7.25516,7.2523,7.25461,7541.0,7.2538,7541
2024-04-30 06:00:00,7.25465,7.2572,7.25357,7.25714,10106.0,7.255,10106
2024-04-30 07:00:00,7.25714,7.25724,7.25135,7.25318,10654.0,7.2545,10654
2024-04-30 08:00:00,7.2532,7.25351,7.2491,7.25191,8643.0,7.2518,8643
2024-04-30 09:00:00,7.25189,7.25212,7.24578,7.24753,9122.0,7.2487,9122
2024-04-30 10:00:00,7.24757,7.24879,7.2471,7.24841,7055.0,7.248,7055
2024-04-30 11:00:00,7.24873,7.25059,7.24821,7.24893,6866.0,7.2494,6866
2024-04-30 12:00:00,7.24921,7.25591,7.24811,7.25402,13338.0,7.2523,13338
2024-04-30 13:00:00,7.25404,7.25515,7.2488,7.25065,13724.0,7.2522,13724
2024-04-30 14:00:00,7.25046,7.25375,7.24853,7.25277,14471.0,7.2507,14471
2024-04-30 15:00:00,7.2527,7.25402,7.238,7.25288,12077.0,7.2524,12077
2024-04-30 16:00:00,7.2531,7.25445,7.25259,7.25388,8609.0,7.2537,8609
2024-04-30 17:00:00,7.25384,7.25447,7.25195,7.25338,6125.0,7.2534,6125
2024-04-30 18:00:00,7.25336,7.25562,7.2526,7.25537,5925.0,7.2543,5925
2024-04-30 19:00:00,7.25531,7.25541,7.25299,7.25375,6984.0,7.2545,6984
2024-04-30 20:00:00,7.25346,7.25533,7.2519,7.25493,10306.0,7.2535,10306
2024-04-30 21:00:00,7.25493,7.25495,7.25232,7.2525,1236.0,7.2538,1236
2024-04-30 22:00:00,7.25409,7.25473,7.25075,7.25318,4832.0,7.253,4832
2024-04-30 23:00:00,7.25236,7.25416,7.25236,7.25339,4260.0,7.2531,4260
2024-05-01 00:00:00,7.25366,7.25456,7.25215,7.25286,5087.0,7.2533,5087
2024-05-01 01:00:00,7.25288,7.25486,7.24926,7.2503,5170.0,7.2515,5170
2024-05-01 02:00:00,7.25053,7.25208,7.24915,7.25011,3779.0,7.2506,3779
2024-05-01 03:00:00,7.25009,7.2539,7.24801,7.24893,3353.0,7.2497,3353
2024-05-01 04:00:00,7.2492,7.2492,7.2492,7.2492,3.0,7.2492,3
2024-05-01 05:00:00,7.24921,7.25007,7.24891,7.24951,1416.0,7.2494,1416
2024-05-01 06:00:00,7.24953,7.25026,7.24785,7.24992,5727.0,7.2493,5727
2024-05-01 07:00:00,7.24994,7.24994,7.2441,7.24617,7122.0,7.2472,7122
2024-05-01 08:00:00,7.24632,7.24678,7.24326,7.24497,6313.0,7.2454,6313
2024-05-01 09:00:00,7.24473,7.24505,7.24266,7.24393,5944.0,7.244,5944
2024-05-01 10:00:00,7.24418,7.24573,7.24377,7.24564,5495.0,7.2448,5495
2024-05-01 11:00:00,7.24541,7.24804,7.24541,7.24791,5620.0,7.2465,5620
2024-05-01 12:00:00,7.24793,7.24974,7.24453,7.24564,9674.0,7.2463,9674
2024-05-01 13:00:00,7.24545,7.24844,7.24197,7.24299,9317.0,7.2457,9317
2024-05-01 14:00:00,7.24298,7.24506,7.24141,7.24255,12359.0,7.2432,12359
2024-05-01 15:00:00,7.24246,7.24374,7.24148,7.24325,7912.0,7.2424,7912
2024-05-01 16:00:00,7.24323,7.24564,7.24271,7.24501,7455.0,7.2445,7455
2024-05-01 17:00:00,7.24501,7.24631,7.24395,7.24575,6521.0,7.2453,6521
2024-05-01 18:00:00,7.24569,7.24669,7.23167,7.23635,17805.0,7.2399,17805
2024-05-01 19:00:00,7.23631,7.24463,7.23549,7.24254,16854.0,7.239,16854
2024-05-01 20:00:00,7.24266,7.24281,7.23155,7.23227,14187.0,7.2364,14187
2024-05-01 21:00:00,7.23227,7.23526,7.23021,7.23204,1994.0,7.2329,1994
2024-05-01 22:00:00,7.23304,7.23457,7.23147,7.23312,1564.0,7.2333,1564
2024-05-02 02:00:00,7.24082,7.24151,7.23437,7.23741,7435.0,7.2389,7435
2024-05-02 03:00:00,7.23741,7.24024,7.23697,7.23805,7315.0,7.2384,7315
2024-05-02 04:00:00,7.23805,7.23878,7.23655,7.23741,5806.0,7.2378,5806
2024-05-02 05:00:00,7.23743,7.23761,7.23268,7.23488,8720.0,7.2356,8720
2024-05-02 06:00:00,7.23496,7.23496,7.21633,7.22232,14530.0,7.225,14530
2024-05-02 07:00:00,7.22238,7.22786,7.22235,7.22755,12118.0,7.2258,12118
2024-05-02 08:00:00,7.22753,7.23177,7.22708,7.22992,11157.0,7.2298,11157
2024-05-02 09:00:00,7.22994,7.23438,7.22755,7.2339,9536.0,7.2312,9536
2024-05-02 10:00:00,7.23398,7.23602,7.23182,7.23211,8395.0,7.2337,8395
2024-05-02 11:00:00,7.23209,7.23255,7.23029,7.23125,8253.0,7.2315,8253
2024-05-02 12:00:00,7.2312,7.23304,7.22542,7.23056,13212.0,7.23,13212
2024-05-02 13:00:00,7.23054,7.23486,7.23039,7.2329,13899.0,7.2324,13899
2024-05-02 14:00:00,7.23308,7.23672,7.22902,7.23078,14133.0,7.2329,14133
2024-05-02 15:00:00,7.23076,7.23212,7.22116,7.2216,12815.0,7.2268,12815
2024-05-02 16:00:00,7.22162,7.22394,7.21622,7.2184,9401.0,7.2196,9401
2024-05-02 17:00:00,7.21846,7.21852,7.20478,7.20825,9673.0,7.2128,9673
2024-05-02 18:00:00,7.20823,7.20893,7.1947,7.20131,12119.0,7.2015,12119
2024-05-02 19:00:00,7.20133,7.2045,7.20069,7.20198,9405.0,7.2025,9405
2024-05-02 20:00:00,7.20198,7.20835,7.20168,7.2036,8515.0,7.2054,8515
2024-05-02 21:00:00,7.2009,7.20663,7.2006,7.20494,1482.0,7.204,1482
2024-05-02 22:00:00,7.20531,7.20658,7.20153,7.20581,721.0,7.2055,721
2024-05-02 23:00:00,7.20264,7.20786,7.2023,7.20612,7960.0,7.2058,7960
2024-05-03 00:00:00,7.2065,7.20783,7.19541,7.19681,9338.0,7.2043,9338
2024-05-03 01:00:00,7.19683,7.20309,7.18507,7.18785,13497.0,7.196,13497
2024-05-03 02:00:00,7.18783,7.19775,7.18755,7.19668,10787.0,7.1929,10787
2024-05-03 03:00:00,7.19663,7.20117,7.19478,7.19605,8761.0,7.1974,8761
2024-05-03 04:00:00,7.19623,7.20081,7.19623,7.20027,3663.0,7.1991,3663
2024-05-03 05:00:00,7.20025,7.20035,7.19283,7.19534,7267.0,7.1968,7267
2024-05-03 06:00:00,7.19532,7.20158,7.19524,7.20034,10653.0,7.1992,10653
2024-05-03 07:00:00,7.20036,7.20432,7.19593,7.20009,11590.0,7.2013,11590
2024-05-03 08:00:00,7.20011,7.20128,7.19508,7.19533,10915.0,7.1985,10915
2024-05-03 09:00:00,7.19531,7.1973,7.1911,7.19651,9257.0,7.1938,9257
2024-05-03 10:00:00,7.19653,7.20057,7.19637,7.19749,8822.0,7.1983,8822
2024-05-03 11:00:00,7.19776,7.19804,7.1926,7.19488,9335.0,7.1953,9335
2024-05-03 12:00:00,7.19486,7.19541,7.1647,7.16862,16486.0,7.1799,16486
2024-05-03 13:00:00,7.1688,7.1868,7.16743,7.18589,18123.0,7.1791,18123
2024-05-03 14:00:00,7.18585,7.19473,7.17501,7.18865,17697.0,7.1903,17697
2024-05-03 15:00:00,7.18863,7.19306,7.18553,7.1921,12413.0,7.1891,12413
2024-05-03 16:00:00,7.19208,7.219,7.19186,7.19446,9554.0,7.194,9554
2024-05-03 17:00:00,7.19448,7.19629,7.1904,7.19226,6765.0,7.1938,6765
2024-05-03 18:00:00,7.19251,7.19306,7.18971,7.19038,8960.0,7.1916,8960
2024-05-03 19:00:00,7.19061,7.19295,7.18941,7.1904,9363.0,7.1914,9363
2024-05-03 20:00:00,7.19026,7.19463,7.15769,7.19236,10331.0,7.1909,10331
2024-05-05 21:00:00,7.1624,7.18945,7.1624,7.18945,3.0,7.1783,3
2024-05-05 22:00:00,7.18983,7.1928,7.18358,7.1928,12.0,7.1885,12
2024-05-05 23:00:00,7.19226,7.1991,7.19095,7.19743,2151.0,7.1959,2151
2024-05-06 00:00:00,7.19837,7.20037,7.19315,7.19569,6902.0,7.1971,6902
2024-05-06 01:00:00,7.19578,7.21547,7.1957,7.21248,14196.0,7.2073,14196
2024-05-06 02:00:00,7.21277,7.22006,7.21194,7.21884,10309.0,7.2165,10309
2024-05-06 03:00:00,7.21886,7.22331,7.1624,7.21743,9304.0,7.2194,9304
2024-05-06 04:00:00,7.21746,7.21764,7.21554,7.21657,2751.0,7.2165,2751
2024-05-06 05:00:00,7.21655,7.21994,7.21467,7.21946,8060.0,7.2174,8060
2024-05-06 06:00:00,7.21944,7.2198,7.21529,7.21899,10465.0,7.2179,10465
2024-05-06 07:00:00,7.21892,7.22153,7.21695,7.21934,8912.0,7.2189,8912
2024-05-06 08:00:00,7.21932,7.22033,7.21413,7.2149,9635.0,7.2166,9635
2024-05-06 09:00:00,7.21488,7.21621,7.20796,7.20889,9194.0,7.2122,9194
2024-05-06 10:00:00,7.20891,7.21139,7.20754,7.2096,8049.0,7.2097,8049
2024-05-06 11:00:00,7.20975,7.20988,7.20686,7.20726,5855.0,7.2084,5855
2024-05-06 12:00:00,7.20713,7.20714,7.19979,7.20109,9986.0,7.2022,9986
2024-05-06 13:00:00,7.20142,7.20909,7.20113,7.20797,12060.0,7.2066,12060
2024-05-06 14:00:00,7.2078,7.21058,7.2057,7.21036,9409.0,7.2078,9409
2024-05-06 15:00:00,7.21034,7.21388,7.2091,7.21272,8386.0,7.2121,8386
2024-05-06 16:00:00,7.21268,7.216,7.21226,7.21297,7949.0,7.2143,7949
2024-05-06 17:00:00,7.21318,7.21391,7.1915,7.21109,5263.0,7.2128,5263
2024-05-06 18:00:00,7.21114,7.2141,7.2101,7.21311,6172.0,7.2121,6172
2024-05-06 19:00:00,7.21336,7.21547,7.2123,7.21421,5851.0,7.2143,5851
2024-05-06 20:00:00,7.21412,7.21449,7.21082,7.21311,2223.0,7.2139,2223
2024-05-06 21:00:00,7.21311,7.21451,7.20771,7.21075,691.0,7.2123,691
2024-05-06 22:00:00,7.21284,7.21416,7.20965,7.2129,345.0,7.2129,345
2024-05-07 00:00:00,7.21597,7.21719,7.21352,7.21447,4328.0,7.2153,4328
2024-05-07 01:00:00,7.21447,7.22136,7.21412,7.221,11914.0,7.2183,11914
2024-05-07 02:00:00,7.22104,7.22272,7.21867,7.22154,9079.0,7.2205,9079
2024-05-07 03:00:00,7.22176,7.22221,7.21787,7.21834,6784.0,7.2205,6784
2024-05-07 04:00:00,7.21834,7.22153,7.21738,7.2192,6032.0,7.2198,6032
2024-05-07 05:00:00,7.21947,7.22112,7.21867,7.22053,7638.0,7.2197,7638
2024-05-07 06:00:00,7.22061,7.22178,7.2171,7.21955,10017.0,7.2204,10017
2024-05-07 07:00:00,7.21957,7.22112,7.21741,7.21843,11004.0,7.219,11004
2024-05-07 08:00:00,7.21847,7.22207,7.21765,7.22172,9718.0,7.2196,9718
2024-05-07 09:00:00,7.22184,7.22637,7.22116,7.22511,8514.0,7.2243,8514
2024-05-07 10:00:00,7.22513,7.22593,7.22371,7.22405,7822.0,7.2248,7822
2024-05-07 11:00:00,7.22414,7.22414,7.2198,7.22173,7219.0,7.2223,7219
2024-05-07 12:00:00,7.22169,7.22187,7.21816,7.21985,7853.0,7.2206,7853
2024-05-07 13:00:00,7.21987,7.22276,7.2178,7.22219,11576.0,7.2202,11576
2024-05-07 14:00:00,7.22191,7.22383,7.2103,7.22314,10724.0,7.2225,10724
2024-05-07 15:00:00,7.22313,7.22373,7.21978,7.22201,9651.0,7.2222,9651
2024-05-07 16:00:00,7.22199,7.22484,7.22015,7.22419,7703.0,7.2224,7703
2024-05-07 17:00:00,7.22436,7.22539,7.223,7.22444,6700.0,7.2243,6700
2024-05-07 18:00:00,7.22479,7.22689,7.2243,7.22584,6758.0,7.226,6758
2024-05-07 19:00:00,7.2259,7.226,7.22437,7.22506,5722.0,7.2254,5722
2024-05-07 20:00:00,7.22508,7.22524,7.223,7.22467,2398.0,7.2242,2398
2024-05-07 21:00:00,7.22469,7.22594,7.22096,7.22274,3399.0,7.2236,3399
2024-05-07 22:00:00,7.22462,7.22731,7.22132,7.22663,6042.0,7.2238,6042
2024-05-07 23:00:00,7.22433,7.22682,7.22431,7.22628,4665.0,7.226,4665
2024-05-08 00:00:00,7.22655,7.22796,7.22326,7.2276,6087.0,7.2263,6087
2024-05-08 01:00:00,7.22758,7.23025,7.22455,7.22965,10029.0,7.2282,10029
2024-05-08 02:00:00,7.22934,7.23091,7.22788,7.22954,9006.0,7.2293,9006
2024-05-08 03:00:00,7.22978,7.23167,7.2281,7.23038,6552.0,7.2303,6552
2024-05-08 04:00:00,7.2306,7.2323,7.22855,7.23027,5072.0,7.2306,5072
2024-05-08 05:00:00,7.23023,7.23246,7.229,7.23202,6538.0,7.2307,6538
2024-05-08 06:00:00,7.232,7.23229,7.22809,7.22957,10139.0,7.23,10139
2024-05-08 07:00:00,7.22986,7.23186,7.2293,7.23061,9311.0,7.2306,9311
2024-05-08 08:00:00,7.23061,7.23386,7.23061,7.23321,9029.0,7.2323,9029
2024-05-08 09:00:00,7.23321,7.23332,7.2277,7.23109,8660.0,7.2311,8660
2024-05-08 10:00:00,7.23122,7.23175,7.22941,7.23116,6852.0,7.2305,6852
2024-05-08 11:00:00,7.23118,7.23313,7.22997,7.23169,7079.0,7.2318,7079
2024-05-08 12:00:00,7.23167,7.23291,7.2302,7.23061,8195.0,7.2316,8195
2024-05-08 13:00:00,7.23086,7.2334,7.22916,7.23053,11227.0,7.2313,11227
2024-05-08 14:00:00,7.23051,7.23068,7.22749,7.22977,9846.0,7.229,9846
2024-05-08 15:00:00,7.22979,7.23142,7.2239,7.22704,9750.0,7.2283,9750
2024-05-08 16:00:00,7.22729,7.22933,7.2227,7.22849,7235.0,7.2282,7235
2024-05-08 17:00:00,7.22847,7.22992,7.2277,7.22845,5702.0,7.2291,5702
2024-05-08 18:00:00,7.22871,7.2296,7.2277,7.22865,4969.0,7.2285,4969
2024-05-08 19:00:00,7.22861,7.22921,7.22777,7.22871,4215.0,7.2285,4215
2024-05-08 20:00:00,7.22873,7.22977,7.228,7.22901,2928.0,7.2289,2928
2024-05-08 21:00:00,7.22952,7.23009,7.2232,7.22993,1534.0,7.2284,1534
2024-05-08 22:00:00,7.22722,7.22942,7.22575,7.22645,2087.0,7.2274,2087
2024-05-08 23:00:00,7.22643,7.22898,7.22621,7.22735,3939.0,7.2277,3939
2024-05-09 00:00:00,7.22759,7.22989,7.22631,7.22938,5909.0,7.2285,5909
2024-05-09 01:00:00,7.22947,7.2307,7.22757,7.22895,9668.0,7.2289,9668
2024-05-09 02:00:00,7.22899,7.23032,7.2286,7.23002,7440.0,7.2295,7440
2024-05-09 03:00:00,7.22995,7.23031,7.22543,7.22729,7834.0,7.228,7834
2024-05-09 04:00:00,7.2276,7.22919,7.22386,7.22839,6696.0,7.2274,6696
2024-05-09 05:00:00,7.22836,7.22979,7.2276,7.22932,6678.0,7.2289,6678
2024-05-09 06:00:00,7.22942,7.23202,7.22881,7.2308,8261.0,7.2302,8261
2024-05-09 07:00:00,7.23078,7.23291,7.22818,7.2304,9101.0,7.2306,9101
2024-05-09 08:00:00,7.23038,7.23326,7.23017,7.23302,8396.0,7.232,8396
2024-05-09 09:00:00,7.23304,7.2334,7.2309,7.23167,6770.0,7.2327,6770
2024-05-09 10:00:00,7.23194,7.23369,7.2307,7.23301,5822.0,7.2321,5822
2024-05-09 11:00:00,7.23303,7.23461,7.23234,7.23364,8551.0,7.2336,8551
2024-05-09 12:00:00,7.23366,7.23372,7.22633,7.22873,12003.0,7.2299,12003
2024-05-09 13:00:00,7.22852,7.23146,7.22618,7.22748,13435.0,7.2284,13435
2024-05-09 14:00:00,7.22752,7.22754,7.22279,7.22391,12500.0,7.225,12500
2024-05-09 15:00:00,7.22387,7.22606,7.222,7.22488,8351.0,7.224,8351
2024-05-09 16:00:00,7.2247,7.22596,7.22357,7.22466,6555.0,7.2247,6555
2024-05-09 17:00:00,7.22464,7.229,7.2219,7.22327,6548.0,7.2233,6548
2024-05-09 18:00:00,7.22325,7.22349,7.2194,7.22048,5460.0,7.2214,5460
2024-05-09 19:00:00,7.22057,7.22108,7.2195,7.22034,4801.0,7.2204,4801
2024-05-09 20:00:00,7.22036,7.22268,7.22014,7.22164,3262.0,7.2216,3262
2024-05-09 21:00:00,7.22164,7.22252,7.21525,7.21525,1436.0,7.2209,1436
2024-05-09 22:00:00,7.21972,7.22215,7.21711,7.21924,1375.0,7.2201,1375
2024-05-09 23:00:00,7.21993,7.22258,7.21673,7.22081,4822.0,7.221,4822
2024-05-10 00:00:00,7.22066,7.22746,7.21951,7.22502,7212.0,7.2234,7212
2024-05-10 01:00:00,7.22531,7.22928,7.2241,7.22914,10825.0,7.2269,10825
2024-05-10 02:00:00,7.22885,7.23027,7.22794,7.2287,7343.0,7.2293,7343
2024-05-10 03:00:00,7.22892,7.22928,7.2275,7.2289,5248.0,7.2286,5248
2024-05-10 04:00:00,7.22889,7.22962,7.2276,7.22873,3367.0,7.2288,3367
2024-05-10 05:00:00,7.22875,7.22891,7.2271,7.22754,5086.0,7.2278,5086
2024-05-10 06:00:00,7.22781,7.22892,7.22509,7.22748,10133.0,7.2274,10133
2024-05-10 07:00:00,7.22744,7.22868,7.2261,7.22774,9360.0,7.2276,9360
2024-05-10 08:00:00,7.22801,7.22826,7.22601,7.22688,8348.0,7.2272,8348
2024-05-10 09:00:00,7.22686,7.22836,7.2262,7.22709,7133.0,7.2272,7133
2024-05-10 10:00:00,7.22707,7.2287,7.22664,7.22761,6401.0,7.2277,6401
2024-05-10 11:00:00,7.22759,7.22853,7.22697,7.22833,6251.0,7.2278,6251
2024-05-10 12:00:00,7.22831,7.23034,7.22665,7.23009,8542.0,7.2286,8542
2024-05-10 13:00:00,7.22985,7.23085,7.2283,7.22837,11216.0,7.2297,11216
2024-05-10 14:00:00,7.22849,7.23274,7.22839,7.23256,12989.0,7.231,12989
2024-05-10 15:00:00,7.23255,7.23399,7.23157,7.23344,9476.0,7.2329,9476
2024-05-10 16:00:00,7.23318,7.23421,7.2326,7.23311,7653.0,7.2335,7653
2024-05-10 17:00:00,7.23306,7.23415,7.2322,7.23395,5473.0,7.2332,5473
2024-05-10 18:00:00,7.23399,7.23415,7.23245,7.23254,5172.0,7.2336,5172
2024-05-10 19:00:00,7.23252,7.23347,7.2319,7.23293,6102.0,7.2329,6102
2024-05-10 20:00:00,7.23286,7.23461,7.22745,7.22774,3412.0,7.233,3412
2024-05-12 21:00:00,7.23278,7.23345,7.2152,7.23345,76.0,7.2324,76
2024-05-12 22:00:00,7.23355,7.23435,7.23345,7.23434,58.0,7.2338,58
2024-05-12 23:00:00,7.23425,7.2368,7.23422,7.23668,1380.0,7.2354,1380
2024-05-13 00:00:00,7.23632,7.23693,7.23211,7.23598,5467.0,7.2352,5467
2024-05-13 01:00:00,7.23598,7.24111,7.2152,7.23927,11476.0,7.2374,11476
2024-05-13 02:00:00,7.23925,7.24194,7.23758,7.23928,9835.0,7.2399,9835
2024-05-13 03:00:00,7.23926,7.24022,7.2152,7.2392,7373.0,7.2388,7373
2024-05-13 04:00:00,7.23951,7.24226,7.23919,7.2412,5397.0,7.2411,5397
2024-05-13 05:00:00,7.2415,7.24306,7.2152,7.24137,7069.0,7.2414,7069
2024-05-13 06:00:00,7.24139,7.24277,7.23972,7.24203,8966.0,7.241,8966
2024-05-13 07:00:00,7.24201,7.24243,7.2399,7.24106,8145.0,7.2415,8145
2024-05-13 08:00:00,7.24118,7.24346,7.23816,7.24002,9034.0,7.2412,9034
2024-05-13 09:00:00,7.24025,7.24197,7.238,7.24191,7349.0,7.24,7349
2024-05-13 10:00:00,7.24158,7.24225,7.2405,7.2415,5535.0,7.2415,5535
2024-05-13 11:00:00,7.24148,7.24184,7.23951,7.24017,5067.0,7.2409,5067
2024-05-13 12:00:00,7.24019,7.24027,7.23683,7.23817,7493.0,7.2387,7493
2024-05-13 13:00:00,7.23815,7.23928,7.2352,7.23731,10449.0,7.2374,10449
2024-05-13 14:00:00,7.23729,7.23923,7.2366,7.23813,9517.0,7.2378,9517
2024-05-13 15:00:00,7.23811,7.24144,7.23762,7.23941,10254.0,7.2396,10254
2024-05-13 16:00:00,7.23943,7.24005,7.229,7.23919,7366.0,7.2388,7366
2024-05-13 17:00:00,7.23915,7.24033,7.2325,7.23866,6357.0,7.2396,6357
2024-05-13 18:00:00,7.23886,7.23978,7.2381,7.23974,5250.0,7.2392,5250
2024-05-13 19:00:00,7.23976,7.24031,7.2387,7.24025,4923.0,7.2399,4923
2024-05-13 20:00:00,7.24023,7.24038,7.23851,7.23888,2730.0,7.24,2730
2024-05-13 21:00:00,7.23888,7.23985,7.23698,7.23743,858.0,7.2391,858
2024-05-13 22:00:00,7.2389,7.24034,7.23695,7.23934,2379.0,7.2393,2379
2024-05-13 23:00:00,7.23865,7.23981,7.2383,7.23896,3940.0,7.2389,3940
2024-05-14 00:00:00,7.23921,7.24176,7.2386,7.24071,5550.0,7.2403,5550
2024-05-14 01:00:00,7.24075,7.24362,7.23911,7.24231,9430.0,7.2418,9430
2024-05-14 02:00:00,7.24229,7.24316,7.2411,7.24229,7369.0,7.2423,7369
2024-05-14 03:00:00,7.24226,7.24312,7.2409,7.24223,5441.0,7.2422,5441
2024-05-14 04:00:00,7.24241,7.24363,7.2416,7.24336,3333.0,7.243,3333
2024-05-14 05:00:00,7.2433,7.24343,7.24125,7.24159,3194.0,7.2427,3194
2024-05-14 06:00:00,7.24161,7.24398,7.24152,7.2432,8154.0,7.2428,8154
2024-05-14 07:00:00,7.24322,7.24556,7.2429,7.24431,7108.0,7.2444,7108
2024-05-14 08:00:00,7.24409,7.24534,7.2433,7.24463,8213.0,7.2443,8213
2024-05-14 09:00:00,7.24465,7.2457,7.24181,7.2425,7717.0,7.2436,7717
2024-05-14 10:00:00,7.24248,7.24328,7.2398,7.2406,6343.0,7.2415,6343
2024-05-14 11:00:00,7.24037,7.24228,7.2394,7.24178,5216.0,7.241,5216
2024-05-14 12:00:00,7.2418,7.24696,7.2354,7.23779,12850.0,7.2395,12850
2024-05-14 13:00:00,7.23816,7.23941,7.2349,7.23602,14507.0,7.2374,14507
2024-05-14 14:00:00,7.23629,7.24059,7.2354,7.23901,12396.0,7.2383,12396
2024-05-14 15:00:00,7.23953,7.24172,7.23804,7.24168,9775.0,7.2395,9775
2024-05-14 16:00:00,7.24166,7.2422,7.23963,7.24002,7000.0,7.2411,7000
2024-05-14 17:00:00,7.23976,7.2418,7.239,7.24084,5086.0,7.2409,5086
2024-05-14 18:00:00,7.24078,7.24096,7.2386,7.23961,4870.0,7.2399,4870
2024-05-14 19:00:00,7.23979,7.24018,7.2384,7.2397,4880.0,7.2394,4880
2024-05-14 20:00:00,7.2397,7.24117,7.23627,7.23686,2620.0,7.2398,2620
2024-05-14 21:00:00,7.23686,7.24066,7.22869,7.23706,2277.0,7.2373,2277
2024-05-14 22:00:00,7.23952,7.24141,7.23755,7.24103,5718.0,7.2397,5718
2024-05-14 23:00:00,7.23985,7.24236,7.23985,7.24092,2551.0,7.2412,2551
2024-05-15 00:00:00,7.24157,7.24239,7.2401,7.24045,5760.0,7.2411,5760
2024-05-15 01:00:00,7.24035,7.24102,7.23687,7.23816,8360.0,7.2388,8360
2024-05-15 02:00:00,7.2381,7.23836,7.22659,7.2304,8723.0,7.2342,8723
2024-05-15 03:00:00,7.23038,7.23082,7.2249,7.22652,7739.0,7.2279,7739
2024-05-15 04:00:00,7.22653,7.22659,7.2239,7.22471,4918.0,7.2255,4918
2024-05-15 05:00:00,7.22494,7.22623,7.22144,7.22283,7625.0,7.2239,7625
2024-05-15 06:00:00,7.22299,7.2296,7.22276,7.22593,10043.0,7.2267,10043
2024-05-15 07:00:00,7.2258,7.22622,7.22205,7.22274,9275.0,7.224,9275
2024-05-15 08:00:00,7.22298,7.22411,7.21746,7.22002,9673.0,7.2208,9673
2024-05-15 09:00:00,7.22004,7.22161,7.21702,7.22127,7881.0,7.2191,7881
2024-05-15 10:00:00,7.22151,7.22302,7.2206,7.22131,5806.0,7.222,5806
2024-05-15 11:00:00,7.22131,7.22154,7.21853,7.21897,7781.0,7.2202,7781
2024-05-15 12:00:00,7.21891,7.22009,7.20501,7.21544,15675.0,7.2161,15675
2024-05-15 13:00:00,7.21546,7.22938,7.21519,7.22632,17117.0,7.2224,17117
2024-05-15 14:00:00,7.22648,7.22759,7.2207,7.22249,13933.0,7.2236,13933
2024-05-15 15:00:00,7.22245,7.2415,7.2162,7.22274,12668.0,7.2203,12668
2024-05-15 16:00:00,7.22272,7.22362,7.21834,7.21979,10328.0,7.2204,10328
2024-05-15 17:00:00,7.21977,7.21984,7.2153,7.21679,8765.0,7.2174,8765
2024-05-15 18:00:00,7.21681,7.22108,7.2166,7.21951,6834.0,7.2196,6834
2024-05-15 19:00:00,7.21954,7.21978,7.21754,7.21794,5306.0,7.2187,5306
2024-05-15 20:00:00,7.21794,7.21925,7.21691,7.21728,4394.0,7.2185,4394
2024-05-15 21:00:00,7.21728,7.21832,7.21595,7.21764,1327.0,7.2169,1327
2024-05-15 22:00:00,7.21745,7.2178,7.21518,7.21644,2386.0,7.2163,2386
2024-05-15 23:00:00,7.21571,7.21666,7.2085,7.21004,5228.0,7.2124,5228
2024-05-16 00:00:00,7.20943,7.2129,7.20385,7.20499,11505.0,7.2086,11505
2024-05-16 01:00:00,7.20478,7.21613,7.20478,7.21369,13931.0,7.2108,13931
2024-05-16 02:00:00,7.21372,7.21725,7.21323,7.21436,11784.0,7.215,11784
2024-05-16 03:00:00,7.21457,7.21714,7.21432,7.21501,7719.0,7.2155,7719
2024-05-16 04:00:00,7.21501,7.21611,7.2125,7.21381,5898.0,7.2146,5898
2024-05-16 05:00:00,7.21399,7.21695,7.21288,7.21642,7457.0,7.2146,7457
2024-05-16 06:00:00,7.21664,7.2214,7.21648,7.22101,9534.0,7.2187,9534
2024-05-16 07:00:00,7.22099,7.22223,7.21836,7.22136,9794.0,7.2207,9794
2024-05-16 08:00:00,7.22155,7.22377,7.22057,7.22122,8520.0,7.2219,8520
2024-05-16 09:00:00,7.2212,7.22233,7.21886,7.21967,7828.0,7.2209,7828
2024-05-16 10:00:00,7.21969,7.22038,7.21726,7.21784,7024.0,7.2186,7024
2024-05-16 11:00:00,7.21786,7.22128,7.21595,7.22037,7711.0,7.2187,7711
2024-05-16 12:00:00,7.22035,7.22436,7.21467,7.22314,11401.0,7.2213,11401
2024-05-16 13:00:00,7.22334,7.22726,7.22291,7.22617,11300.0,7.2252,11300
2024-05-16 14:00:00,7.22644,7.2268,7.2234,7.22496,10244.0,7.2249,10244
2024-05-16 15:00:00,7.22512,7.2262,7.2239,7.22454,7338.0,7.225,7338
2024-05-16 16:00:00,7.22472,7.22561,7.2236,7.22447,5654.0,7.2249,5654
2024-05-16 17:00:00,7.22468,7.2255,7.2235,7.22452,6458.0,7.2248,6458
2024-05-16 18:00:00,7.22428,7.22526,7.2225,7.22258,5533.0,7.2241,5533
2024-05-16 19:00:00,7.2226,7.22314,7.2208,7.2225,4981.0,7.2221,4981
2024-05-16 20:00:00,7.22264,7.22335,7.2203,7.22282,2815.0,7.2224,2815
2024-05-16 21:00:00,7.22169,7.22441,7.2202,7.22243,1123.0,7.2224,1123
2024-05-16 22:00:00,7.22245,7.22382,7.21988,7.22274,2369.0,7.222,2369
2024-05-16 23:00:00,7.2227,7.22505,7.2217,7.22365,4192.0,7.2237,4192
2024-05-17 00:00:00,7.22333,7.22534,7.22226,7.2247,7422.0,7.2238,7422
2024-05-17 01:00:00,7.22472,7.22972,7.2231,7.22866,10187.0,7.2273,10187
2024-05-17 02:00:00,7.22864,7.23288,7.22756,7.23097,8947.0,7.2313,8947
2024-05-17 03:00:00,7.23096,7.23128,7.2292,7.23013,5435.0,7.2306,5435
2024-05-17 04:00:00,7.23033,7.23212,7.2297,7.23118,4342.0,7.2311,4342
2024-05-17 05:00:00,7.23115,7.23173,7.2254,7.22673,8384.0,7.2279,8384
2024-05-17 06:00:00,7.22638,7.22716,7.22191,7.22409,9114.0,7.2251,9114
2024-05-17 07:00:00,7.22379,7.22587,7.21946,7.2253,9094.0,7.2234,9094
2024-05-17 08:00:00,7.22532,7.23335,7.22256,7.23161,9925.0,7.2291,9925
2024-05-17 09:00:00,7.2314,7.23325,7.22998,7.2316,6610.0,7.2318,6610
2024-05-17 10:00:00,7.23164,7.23447,7.2311,7.23398,5745.0,7.2334,5745
2024-05-17 11:00:00,7.23396,7.23645,7.2323,7.23423,5374.0,7.2343,5374
2024-05-17 12:00:00,7.23425,7.23447,7.23205,7.23236,7950.0,7.233,7950
2024-05-17 13:00:00,7.23236,7.23316,7.22972,7.23223,11078.0,7.2315,11078
2024-05-17 14:00:00,7.23225,7.23277,7.2254,7.22945,9716.0,7.2306,9716
2024-05-17 15:00:00,7.22961,7.23261,7.22756,7.23149,9293.0,7.2307,9293
2024-05-17 16:00:00,7.23166,7.2325,7.2299,7.23232,5976.0,7.2313,5976
2024-05-17 17:00:00,7.23234,7.23332,7.23103,7.2331,5476.0,7.2322,5476
2024-05-17 18:00:00,7.23306,7.23365,7.2322,7.23339,4002.0,7.233,4002
2024-05-17 19:00:00,7.23315,7.23491,7.2326,7.23338,4636.0,7.2337,4636
2024-05-17 20:00:00,7.23364,7.23542,7.20587,7.21576,2977.0,7.2333,2977
2024-05-19 21:00:00,7.22837,7.23155,7.22837,7.22955,13.0,7.2301,13
2024-05-19 22:00:00,7.2298,7.23046,7.22965,7.2303,44.0,7.23,44
2024-05-19 23:00:00,7.23146,7.23436,7.23101,7.23426,1324.0,7.2332,1324
2024-05-20 00:00:00,7.23394,7.23438,7.23096,7.2325,5355.0,7.2329,5355
2024-05-20 01:00:00,7.23252,7.2376,7.23203,7.23625,12503.0,7.2355,12503
2024-05-20 02:00:00,7.23645,7.23938,7.23635,7.23886,9180.0,7.2381,9180
2024-05-20 03:00:00,7.23884,7.23941,7.23778,7.23822,6388.0,7.2387,6388
2024-05-20 04:00:00,7.23826,7.23834,7.23553,7.23705,5399.0,7.237,5399
2024-05-20 05:00:00,7.23699,7.23831,7.23584,7.23789,7467.0,7.237,7467
2024-05-20 06:00:00,7.2381,7.23899,7.2371,7.23827,8878.0,7.2381,8878
2024-05-20 07:00:00,7.23833,7.23991,7.23646,7.23904,8411.0,7.2385,8411
2024-05-20 08:00:00,7.23882,7.24017,7.23825,7.2394,6442.0,7.2395,6442
2024-05-20 09:00:00,7.23914,7.24071,7.2386,7.24036,5330.0,7.2397,5330
2024-05-20 10:00:00,7.24035,7.24145,7.239,7.24098,5338.0,7.2404,5338
2024-05-20 11:00:00,7.24096,7.24341,7.24,7.24332,5246.0,7.2413,5246
2024-05-20 12:00:00,7.24315,7.24501,7.2419,7.24271,9623.0,7.2435,9623
2024-05-20 13:00:00,7.24283,7.24513,7.24162,7.24171,10657.0,7.2436,10657
2024-05-20 14:00:00,7.24167,7.24517,7.24087,7.24459,9114.0,7.2432,9114
2024-05-20 15:00:00,7.24479,7.24701,7.2439,7.24507,7654.0,7.2457,7654
2024-05-20 16:00:00,7.24505,7.24603,7.2444,7.24584,5872.0,7.2454,5872
2024-05-20 17:00:00,7.2458,7.24688,7.2442,7.24567,6437.0,7.2459,6437
2024-05-20 18:00:00,7.24565,7.2463,7.2451,7.2461,5004.0,7.2459,5004
2024-05-20 19:00:00,7.24614,7.24676,7.2452,7.24596,3718.0,7.2462,3718
2024-05-20 20:00:00,7.24619,7.24746,7.2457,7.24662,1527.0,7.2464,1527
2024-05-20 21:00:00,7.24662,7.24806,7.24165,7.24335,1683.0,7.2444,1683
2024-05-20 22:00:00,7.24512,7.24643,7.2417,7.24532,1854.0,7.2452,1854
2024-05-20 23:00:00,7.24457,7.24638,7.24407,7.24575,3114.0,7.2454,3114
2024-05-21 00:00:00,7.24585,7.24661,7.24437,7.24518,6002.0,7.2457,6002
2024-05-21 01:00:00,7.24522,7.24941,7.24503,7.24821,10901.0,7.2475,10901
2024-05-21 02:00:00,7.24852,7.24952,7.2411,7.24304,10443.0,7.2473,10443
2024-05-21 03:00:00,7.24301,7.24372,7.2413,7.2425,7426.0,7.2427,7426
2024-05-21 04:00:00,7.24267,7.24428,7.24237,7.24366,5107.0,7.2435,5107
2024-05-21 05:00:00,7.24384,7.24415,7.2415,7.24311,6600.0,7.2432,6600
2024-05-21 06:00:00,7.24312,7.24425,7.2414,7.24331,8438.0,7.2426,8438
2024-05-21 07:00:00,7.24315,7.24588,7.2416,7.2452,9186.0,7.2433,9186
2024-05-21 08:00:00,7.24545,7.2458,7.2423,7.24373,8067.0,7.244,8067
2024-05-21 09:00:00,7.2435,7.24456,7.2421,7.24265,6424.0,7.2433,6424
2024-05-21 10:00:00,7.24277,7.24454,7.242,7.24419,5785.0,7.2436,5785
2024-05-21 11:00:00,7.24397,7.24543,7.24269,7.2433,5905.0,7.2441,5905
2024-05-21 12:00:00,7.24355,7.24542,7.24271,7.24469,8802.0,7.244,8802
2024-05-21 13:00:00,7.24467,7.24805,7.24308,7.24558,13828.0,7.2449,13828
2024-05-21 14:00:00,7.2456,7.24702,7.24506,7.2467,10385.0,7.2462,10385
2024-05-21 15:00:00,7.24686,7.24808,7.2451,7.24745,8982.0,7.2471,8982
2024-05-21 16:00:00,7.24735,7.24815,7.2465,7.24763,6219.0,7.2473,6219
2024-05-21 17:00:00,7.24784,7.24829,7.2468,7.24739,5303.0,7.2478,5303
2024-05-21 18:00:00,7.24758,7.24791,7.2463,7.24762,4573.0,7.2475,4573
2024-05-21 19:00:00,7.2476,7.24785,7.2466,7.24757,3708.0,7.2475,3708
2024-05-21 20:00:00,7.24759,7.24842,7.24514,7.24521,1506.0,7.2478,1506
2024-05-21 21:00:00,7.24521,7.24885,7.24023,7.24188,842.0,7.2467,842
2024-05-21 22:00:00,7.24568,7.24817,7.24485,7.24722,1431.0,7.2467,1431
2024-05-21 23:00:00,7.2467,7.24871,7.2461,7.24794,2549.0,7.2471,2549
2024-05-22 00:00:00,7.24821,7.2485,7.2457,7.24809,5362.0,7.2473,5362
2024-05-22 01:00:00,7.24819,7.24886,7.2447,7.24504,8601.0,7.2472,8601
2024-05-22 02:00:00,7.24502,7.24877,7.24426,7.24712,9192.0,7.247,9192
2024-05-22 03:00:00,7.24714,7.24887,7.2468,7.24811,5825.0,7.248,5825
2024-05-22 04:00:00,7.24806,7.24966,7.2475,7.24896,4063.0,7.2488,4063
2024-05-22 05:00:00,7.24882,7.24899,7.2458,7.24652,5376.0,7.2476,5376
2024-05-22 06:00:00,7.24654,7.24863,7.245,7.2485,9946.0,7.2467,9946
2024-05-22 07:00:00,7.24848,7.24918,7.2465,7.2475,8008.0,7.2482,8008
2024-05-22 08:00:00,7.24759,7.24876,7.2462,7.24841,6939.0,7.2477,6939
2024-05-22 09:00:00,7.24843,7.24893,7.24725,7.24839,6330.0,7.2483,6330
2024-05-22 10:00:00,7.24839,7.24874,7.2471,7.24796,5625.0,7.2481,5625
2024-05-22 11:00:00,7.24794,7.25306,7.24685,7.25236,8248.0,7.2502,8248
2024-05-22 12:00:00,7.2523,7.25284,7.25101,7.25237,9043.0,7.252,9043
2024-05-22 13:00:00,7.25235,7.25495,7.25097,7.25223,11600.0,7.2528,11600
2024-05-22 14:00:00,7.25225,7.25502,7.25212,7.25461,11214.0,7.2537,11214
2024-05-22 15:00:00,7.25461,7.255,7.2474,7.25382,8665.0,7.2541,8665
2024-05-22 16:00:00,7.25361,7.25462,7.25262,7.25319,6394.0,7.2537,6394
2024-05-22 17:00:00,7.25341,7.25429,7.25205,7.25323,6011.0,7.2536,6011
2024-05-22 18:00:00,7.25302,7.25532,7.2528,7.25455,9619.0,7.2543,9619
2024-05-22 19:00:00,7.25457,7.25527,7.25379,7.25476,5497.0,7.2546,5497
2024-05-22 20:00:00,7.25474,7.25576,7.25102,7.252,2974.0,7.2547,2974
2024-05-22 21:00:00,7.252,7.25616,7.25015,7.25158,926.0,7.2528,926
2024-05-22 22:00:00,7.25336,7.25462,7.25015,7.25203,2055.0,7.2531,2055
2024-05-22 23:00:00,7.25202,7.25456,7.25105,7.25277,4255.0,7.2526,4255
2024-05-23 00:00:00,7.25287,7.25366,7.2511,7.25289,6276.0,7.2528,6276
2024-05-23 01:00:00,7.2527,7.25733,7.2518,7.2539,12187.0,7.254,12187
2024-05-23 02:00:00,7.25388,7.25608,7.25299,7.25449,9376.0,7.2545,9376
2024-05-23 03:00:00,7.25448,7.25528,7.252,7.25457,6909.0,7.2537,6909
2024-05-23 04:00:00,7.25461,7.25506,7.2525,7.2546,5038.0,7.2538,5038
2024-05-23 05:00:00,7.25485,7.2579,7.2539,7.25728,6795.0,7.2553,6795
2024-05-23 06:00:00,7.2572,7.25757,7.255,7.25572,9814.0,7.2563,9814
2024-05-23 07:00:00,7.25574,7.25654,7.25372,7.25598,10025.0,7.2555,10025
2024-05-23 08:00:00,7.25602,7.25712,7.25485,7.25677,8730.0,7.256,8730
2024-05-23 09:00:00,7.25681,7.25796,7.2513,7.25222,8349.0,7.2557,8349
2024-05-23 10:00:00,7.25218,7.25315,7.25074,7.25196,6807.0,7.2519,6807
2024-05-23 11:00:00,7.25188,7.25223,7.2498,7.25067,5548.0,7.2511,5548
2024-05-23 12:00:00,7.25069,7.25291,7.249,7.2527,9963.0,7.2512,9963
2024-05-23 13:00:00,7.25252,7.25733,7.25,7.25563,13722.0,7.2531,13722
2024-05-23 14:00:00,7.25565,7.2591,7.25437,7.25906,14927.0,7.2572,14927
2024-05-23 15:00:00,7.25904,7.25964,7.25508,7.25586,9772.0,7.2572,9772
2024-05-23 16:00:00,7.25588,7.25728,7.254,7.25683,7672.0,7.2559,7672
2024-05-23 17:00:00,7.25681,7.2589,7.2565,7.25788,8460.0,7.2581,8460
2024-05-23 18:00:00,7.25788,7.25886,7.2571,7.25774,7172.0,7.2581,7172
2024-05-23 19:00:00,7.25755,7.25791,7.2561,7.25681,5891.0,7.2572,5891
2024-05-23 20:00:00,7.25682,7.25861,7.25677,7.25785,2571.0,7.2577,2571
2024-05-23 21:00:00,7.25785,7.25819,7.25545,7.25582,5590.0,7.2566,5590
2024-05-23 22:00:00,7.25703,7.25792,7.25545,7.25686,4040.0,7.2573,4040
2024-05-23 23:00:00,7.25686,7.25785,7.25566,7.25756,4227.0,7.2568,4227
2024-05-24 00:00:00,7.25756,7.2596,7.25679,7.25854,6378.0,7.2584,6378
2024-05-24 01:00:00,7.25851,7.26033,7.25585,7.25766,10599.0,7.2577,10599
2024-05-24 02:00:00,7.25762,7.25918,7.257,7.2583,6959.0,7.2581,6959
2024-05-24 03:00:00,7.25826,7.25926,7.257,7.25865,5260.0,7.2584,5260
2024-05-24 04:00:00,7.2587,7.25945,7.2573,7.25895,3679.0,7.2588,3679
2024-05-24 05:00:00,7.25879,7.25959,7.25675,7.25707,6027.0,7.2587,6027
2024-05-24 06:00:00,7.25715,7.25802,7.25424,7.25729,10108.0,7.2564,10108
2024-05-24 07:00:00,7.25724,7.25914,7.2565,7.25837,8319.0,7.2579,8319
2024-05-24 08:00:00,7.25839,7.25928,7.2569,7.25882,7012.0,7.2582,7012
2024-05-24 09:00:00,7.25884,7.2593,7.257,7.2588,6230.0,7.2585,6230
2024-05-24 10:00:00,7.2588,7.25922,7.2574,7.25811,5819.0,7.2584,5819
2024-05-24 11:00:00,7.25821,7.25909,7.2577,7.25864,5438.0,7.2586,5438
2024-05-24 12:00:00,7.25866,7.25976,7.25782,7.25967,8994.0,7.2588,8994
2024-05-24 13:00:00,7.25969,7.26115,7.25916,7.26038,9923.0,7.26,9923
2024-05-24 14:00:00,7.26046,7.26276,7.25918,7.26184,10017.0,7.2614,10017
2024-05-24 15:00:00,7.26217,7.26248,7.261,7.26215,7632.0,7.2618,7632
2024-05-24 16:00:00,7.262,7.26221,7.2601,7.26154,5670.0,7.2614,5670
2024-05-24 17:00:00,7.2617,7.26289,7.2608,7.26228,6204.0,7.2619,6204
2024-05-24 18:00:00,7.2623,7.26295,7.2614,7.26268,4925.0,7.2625,4925
2024-05-24 19:00:00,7.26266,7.26324,7.262,7.26282,3831.0,7.2628,3831
2024-05-24 20:00:00,7.26299,7.26315,7.25213,7.26202,2216.0,7.2622,2216
2024-05-26 21:00:00,7.25979,7.25979,7.25879,7.25945,50.0,7.2593,50
2024-05-26 22:00:00,7.25945,7.26081,7.25945,7.26065,44.0,7.2604,44
2024-05-26 23:00:00,7.26093,7.26217,7.26065,7.26135,1192.0,7.2613,1192
2024-05-27 00:00:00,7.26111,7.26153,7.25945,7.25968,3614.0,7.2607,3614
2024-05-27 01:00:00,7.2597,7.25983,7.252,7.25589,10466.0,7.2573,10466
2024-05-27 02:00:00,7.25553,7.25793,7.2539,7.25751,7813.0,7.2564,7813
2024-05-27 03:00:00,7.25749,7.25847,7.2565,7.25825,6106.0,7.2575,6106
2024-05-27 04:00:00,7.25841,7.2591,7.25782,7.25884,2677.0,7.2585,2677
2024-05-27 05:00:00,7.25856,7.25951,7.2572,7.25907,6428.0,7.2588,6428
2024-05-27 06:00:00,7.25905,7.25932,7.25622,7.2566,7483.0,7.2581,7483
2024-05-27 07:00:00,7.25679,7.25877,7.2557,7.25784,5665.0,7.2575,5665
2024-05-27 08:00:00,7.25786,7.25987,7.2577,7.25863,6524.0,7.2587,6524
2024-05-27 09:00:00,7.25886,7.25902,7.2556,7.2563,5843.0,7.258,5843
2024-05-27 10:00:00,7.25614,7.25657,7.2546,7.25604,6088.0,7.2558,6088
2024-05-27 11:00:00,7.25609,7.25871,7.2551,7.25825,5331.0,7.2574,5331
2024-05-27 12:00:00,7.25844,7.26015,7.2563,7.25726,8128.0,7.2583,8128
2024-05-27 13:00:00,7.25724,7.25815,7.2558,7.25749,8307.0,7.257,8307
2024-05-27 14:00:00,7.25747,7.25931,7.2566,7.25921,5922.0,7.2579,5922
2024-05-27 15:00:00,7.25923,7.26017,7.2579,7.25967,5342.0,7.2594,5342
2024-05-27 16:00:00,7.25987,7.26009,7.25856,7.25977,3490.0,7.2596,3490
2024-05-27 17:00:00,7.25981,7.26001,7.25779,7.25976,2666.0,7.2589,2666
2024-05-27 18:00:00,7.25967,7.25996,7.2585,7.25953,1942.0,7.2594,1942
2024-05-27 19:00:00,7.25921,7.25983,7.2585,7.25887,1821.0,7.2594,1821
2024-05-27 20:00:00,7.25882,7.25991,7.25625,7.25686,4293.0,7.2592,4293
2024-05-27 21:00:00,7.25686,7.25945,7.25676,7.25895,1928.0,7.258,1928
2024-05-27 22:00:00,7.25754,7.25956,7.25754,7.25894,1991.0,7.2587,1991
2024-05-27 23:00:00,7.25839,7.25996,7.25783,7.25803,2644.0,7.2587,2644
2024-05-28 00:00:00,7.25857,7.26011,7.25696,7.25983,5143.0,7.2588,5143
2024-05-28 01:00:00,7.25985,7.26053,7.25676,7.25752,9175.0,7.2586,9175
2024-05-28 02:00:00,7.25777,7.25951,7.2573,7.25901,7790.0,7.2587,7790
2024-05-28 03:00:00,7.25899,7.25939,7.2569,7.25831,6283.0,7.2584,6283
2024-05-28 04:00:00,7.25798,7.25835,7.2566,7.2578,4753.0,7.2578,4753
2024-05-28 05:00:00,7.25803,7.25952,7.2575,7.25932,6172.0,7.2586,6172
2024-05-28 06:00:00,7.25906,7.261,7.258,7.26098,8294.0,7.2595,8294
2024-05-28 07:00:00,7.26066,7.26298,7.26037,7.2622,7892.0,7.2617,7892
2024-05-28 08:00:00,7.2622,7.26431,7.26179,7.263,7360.0,7.2634,7360
2024-05-28 09:00:00,7.26302,7.26439,7.2619,7.26342,5474.0,7.2633,5474
2024-05-28 10:00:00,7.26363,7.26388,7.2619,7.26309,5232.0,7.2631,5232
2024-05-28 11:00:00,7.26311,7.26348,7.2617,7.26267,5785.0,7.2626,5785
2024-05-28 12:00:00,7.26294,7.2636,7.26176,7.26343,8591.0,7.2626,8591
2024-05-28 13:00:00,7.26345,7.26442,7.26241,7.26295,11056.0,7.2634,11056
2024-05-28 14:00:00,7.26297,7.26436,7.2623,7.26329,10410.0,7.2637,10410
2024-05-28 15:00:00,7.26356,7.26387,7.258,7.26258,7365.0,7.2632,7365
2024-05-28 16:00:00,7.2626,7.2629,7.26125,7.26216,7178.0,7.2622,7178
2024-05-28 17:00:00,7.26216,7.26387,7.261,7.26325,6940.0,7.2631,6940
2024-05-28 18:00:00,7.26325,7.26434,7.2628,7.26412,5611.0,7.2638,5611
2024-05-28 19:00:00,7.26414,7.26445,7.2632,7.26424,4735.0,7.2641,4735
2024-05-28 20:00:00,7.26428,7.26451,7.2618,7.26199,2076.0,7.264,2076
2024-05-28 21:00:00,7.26182,7.26379,7.26005,7.26197,1732.0,7.2623,1732
2024-05-28 22:00:00,7.26312,7.26465,7.26145,7.26368,1914.0,7.2636,1914
2024-05-28 23:00:00,7.26391,7.26484,7.26276,7.26415,2145.0,7.2641,2145
2024-05-29 00:00:00,7.26449,7.26669,7.26236,7.26626,5307.0,7.2656,5307
2024-05-29 01:00:00,7.26623,7.26665,7.26336,7.26483,10017.0,7.2649,10017
2024-05-29 02:00:00,7.26501,7.26569,7.26231,7.26472,7452.0,7.2646,7452
2024-05-29 03:00:00,7.26502,7.26551,7.26397,7.26428,5396.0,7.2648,5396
2024-05-29 04:00:00,7.26447,7.26597,7.2641,7.26545,3567.0,7.2653,3567
2024-05-29 05:00:00,7.26562,7.26826,7.2646,7.26759,6758.0,7.2666,6758
2024-05-29 06:00:00,7.26782,7.26826,7.2647,7.26585,9131.0,7.2664,9131
2024-05-29 07:00:00,7.26589,7.2689,7.26534,7.26822,7897.0,7.2672,7897
2024-05-29 08:00:00,7.26814,7.27055,7.26806,7.26941,9773.0,7.2693,9773
2024-05-29 09:00:00,7.26949,7.27027,7.26828,7.26903,7202.0,7.2694,7202
2024-05-29 10:00:00,7.26905,7.27386,7.26878,7.27302,6868.0,7.2715,6868
2024-05-29 11:00:00,7.27302,7.2748,7.2714,7.27279,7694.0,7.2735,7694
2024-05-29 12:00:00,7.27279,7.27484,7.27027,7.27457,11046.0,7.2723,11046
2024-05-29 13:00:00,7.27453,7.27506,7.27278,7.27407,12189.0,7.274,12189
2024-05-29 14:00:00,7.27428,7.27581,7.27175,7.27195,10850.0,7.2746,10850
2024-05-29 15:00:00,7.27195,7.27442,7.2713,7.27352,11451.0,7.2734,11451
2024-05-29 16:00:00,7.27354,7.27507,7.2624,7.27378,7747.0,7.274,7747
2024-05-29 17:00:00,7.27381,7.27533,7.2727,7.27289,7743.0,7.2743,7743
2024-05-29 18:00:00,7.27299,7.27375,7.27204,7.27246,6620.0,7.273,6620
2024-05-29 19:00:00,7.2725,7.27403,7.2718,7.27328,5900.0,7.273,5900
2024-05-29 20:00:00,7.27326,7.27424,7.27206,7.27239,2485.0,7.2733,2485
2024-05-29 21:00:00,7.27239,7.27356,7.2711,7.27302,1197.0,7.2725,1197
2024-05-29 22:00:00,7.27207,7.27292,7.27108,7.27169,3648.0,7.2722,3648
2024-05-29 23:00:00,7.27171,7.27276,7.2712,7.27155,2916.0,7.272,2916
2024-05-30 00:00:00,7.27191,7.27353,7.2709,7.27169,7172.0,7.2721,7172
2024-05-30 01:00:00,7.27167,7.27268,7.26841,7.26961,10512.0,7.2704,10512
2024-05-30 02:00:00,7.26963,7.27021,7.2681,7.269,8832.0,7.2692,8832
2024-05-30 03:00:00,7.26889,7.26925,7.2656,7.26682,7129.0,7.2673,7129
2024-05-30 04:00:00,7.26683,7.26905,7.2659,7.26877,4922.0,7.2682,4922
2024-05-30 05:00:00,7.26886,7.26937,7.2642,7.26625,8434.0,7.2678,8434
2024-05-30 06:00:00,7.26629,7.26635,7.2623,7.26371,10777.0,7.2639,10777
2024-05-30 07:00:00,7.26369,7.26416,7.2566,7.26145,12444.0,7.2612,12444
2024-05-30 08:00:00,7.26137,7.26399,7.24727,7.25287,11127.0,7.2597,11127
2024-05-30 09:00:00,7.25287,7.256,7.24889,7.25352,11372.0,7.2534,11372
2024-05-30 10:00:00,7.2535,7.25548,7.24983,7.25172,8278.0,7.2529,8278
2024-05-30 11:00:00,7.25173,7.25481,7.25139,7.25424,7618.0,7.2531,7618
2024-05-30 12:00:00,7.25411,7.25483,7.2503,7.25265,11399.0,7.2525,11399
2024-05-30 13:00:00,7.25263,7.25803,7.25232,7.2568,13788.0,7.2558,13788
2024-05-30 14:00:00,7.25706,7.25845,7.2508,7.25279,13614.0,7.2554,13614
2024-05-30 15:00:00,7.25281,7.2735,7.2521,7.25457,9808.0,7.2536,9808
2024-05-30 16:00:00,7.25476,7.25518,7.2518,7.25256,7071.0,7.2537,7071
2024-05-30 17:00:00,7.2528,7.25339,7.2516,7.2525,6448.0,7.2527,6448
2024-05-30 18:00:00,7.25264,7.25351,7.252,7.25321,6514.0,7.253,6514
2024-05-30 19:00:00,7.25312,7.2547,7.2524,7.25381,6317.0,7.2537,6317
2024-05-30 20:00:00,7.25383,7.25486,7.25015,7.2529,3276.0,7.2529,3276
2024-05-30 21:00:00,7.2529,7.25457,7.24857,7.24951,1498.0,7.2502,1498
2024-05-30 22:00:00,7.25118,7.25234,7.24849,7.25,3235.0,7.25,3235
2024-05-30 23:00:00,7.24998,7.25122,7.24871,7.24953,4386.0,7.2499,4386
2024-05-31 00:00:00,7.25003,7.25287,7.24989,7.25214,6687.0,7.2516,6687
2024-05-31 01:00:00,7.25214,7.25425,7.24735,7.24969,12650.0,7.2501,12650
2024-05-31 02:00:00,7.24967,7.25641,7.24857,7.25594,9779.0,7.2519,9779
2024-05-31 03:00:00,7.25563,7.25651,7.25379,7.25469,8234.0,7.2552,8234
2024-05-31 04:00:00,7.25471,7.25573,7.2539,7.25558,5694.0,7.255,5694
2024-05-31 05:00:00,7.25529,7.25815,7.25523,7.25779,7400.0,7.2566,7400
2024-05-31 06:00:00,7.25775,7.26027,7.25719,7.2593,9304.0,7.2591,9304
2024-05-31 07:00:00,7.25929,7.26356,7.25906,7.26166,10143.0,7.262,10143
2024-05-31 08:00:00,7.26164,7.26387,7.2591,7.26145,9939.0,7.2618,9939
2024-05-31 09:00:00,7.26143,7.26268,7.26023,7.26152,8100.0,7.2615,8100
2024-05-31 10:00:00,7.26134,7.26234,7.2597,7.26069,6526.0,7.2608,6526
2024-05-31 11:00:00,7.26048,7.26067,7.2566,7.25696,7644.0,7.2582,7644
2024-05-31 12:00:00,7.25696,7.25728,7.25271,7.25528,12941.0,7.2555,12941
2024-05-31 13:00:00,7.25536,7.26061,7.25534,7.25999,12424.0,7.258,12424
2024-05-31 14:00:00,7.26001,7.26829,7.25899,7.26753,14821.0,7.2627,14821
2024-05-31 15:00:00,7.26756,7.26827,7.2628,7.26429,12515.0,7.2649,12515
2024-05-31 16:00:00,7.26425,7.26545,7.2627,7.26357,7977.0,7.2641,7977
2024-05-31 17:00:00,7.26359,7.26507,7.26291,7.26423,6856.0,7.2638,6856
2024-05-31 18:00:00,7.26421,7.26538,7.2627,7.26484,6336.0,7.264,6336
2024-05-31 19:00:00,7.26488,7.26548,7.2634,7.2648,5517.0,7.2647,5517
2024-05-31 20:00:00,7.26476,7.26496,7.2392,7.24532,5318.0,7.2624,5318
2024-06-02 21:00:00,7.2597,7.2616,7.2597,7.2602,10.0,7.2602,10
2024-06-02 22:00:00,7.2602,7.26171,7.26018,7.2603,81.0,7.2608,81
2024-06-02 23:00:00,7.26124,7.26252,7.26011,7.26064,1659.0,7.2613,1659
2024-06-03 00:00:00,7.26049,7.26343,7.26001,7.26116,5341.0,7.2623,5341
2024-06-03 01:00:00,7.26111,7.26298,7.25361,7.25731,11016.0,7.2599,11016
2024-06-03 02:00:00,7.25721,7.25911,7.25649,7.25739,9060.0,7.2578,9060
2024-06-03 03:00:00,7.25758,7.26232,7.25648,7.26189,8960.0,7.2594,8960
2024-06-03 04:00:00,7.26191,7.26281,7.26092,7.26231,4634.0,7.262,4634
2024-06-03 05:00:00,7.26256,7.26298,7.2602,7.26161,8137.0,7.2618,8137
2024-06-03 06:00:00,7.26163,7.26173,7.2582,7.25992,10935.0,7.26,10935
2024-06-03 07:00:00,7.25994,7.26202,7.25945,7.26034,9520.0,7.2607,9520
2024-06-03 08:00:00,7.26011,7.26074,7.25795,7.25875,9579.0,7.2594,9579
2024-06-03 09:00:00,7.259,7.26023,7.25779,7.25971,7876.0,7.2593,7876
2024-06-03 10:00:00,7.25955,7.26005,7.2577,7.25884,6768.0,7.259,6768
2024-06-03 11:00:00,7.25891,7.26046,7.25834,7.25979,7537.0,7.2596,7537
2024-06-03 12:00:00,7.25959,7.26094,7.2585,7.25967,8520.0,7.2598,8520
2024-06-03 13:00:00,7.25965,7.25988,7.2574,7.25795,10570.0,7.2586,10570
2024-06-03 14:00:00,7.25815,7.25863,7.2547,7.25562,15603.0,7.2565,15603
2024-06-03 15:00:00,7.25561,7.2639,7.25456,7.2547,10429.0,7.2558,10429
2024-06-03 16:00:00,7.25487,7.25508,7.2527,7.25345,9239.0,7.2539,9239
2024-06-03 17:00:00,7.25353,7.25429,7.25216,7.25308,7237.0,7.2534,7237
2024-06-03 18:00:00,7.25315,7.25388,7.2517,7.25258,7055.0,7.253,7055
2024-06-03 19:00:00,7.25256,7.25266,7.2503,7.25083,5527.0,7.2515,5527
2024-06-03 20:00:00,7.25103,7.25241,7.2502,7.25184,1952.0,7.2515,1952
2024-06-03 21:00:00,7.25184,7.25279,7.24542,7.24567,1127.0,7.2491,1127
2024-06-03 22:00:00,7.24971,7.25273,7.24939,7.25146,2357.0,7.251,2357
2024-06-03 23:00:00,7.25094,7.25173,7.24931,7.24996,2989.0,7.2507,2989
2024-06-04 00:00:00,7.24994,7.25351,7.2484,7.25262,7039.0,7.2509,7039
2024-06-04 01:00:00,7.25264,7.25577,7.2518,7.25527,9769.0,7.2538,9769
2024-06-04 02:00:00,7.25543,7.25787,7.25489,7.25613,8932.0,7.2565,8932
2024-06-04 03:00:00,7.25632,7.25882,7.25609,7.25836,6393.0,7.2576,6393
2024-06-04 04:00:00,7.25838,7.25858,7.2556,7.25681,3876.0,7.2571,3876
2024-06-04 05:00:00,7.25677,7.25797,7.25611,7.25684,6520.0,7.2569,6520
2024-06-04 06:00:00,7.25686,7.25784,7.25462,7.25744,11108.0,7.2565,11108
2024-06-04 07:00:00,7.2575,7.25762,7.25487,7.25556,10994.0,7.2564,10994
2024-06-04 08:00:00,7.25554,7.25604,7.25025,7.25209,13384.0,7.253,13384
2024-06-04 09:00:00,7.25207,7.25323,7.24937,7.25049,11808.0,7.2514,11808
2024-06-04 10:00:00,7.25075,7.25089,7.24311,7.24603,12129.0,7.2472,12129
2024-06-04 11:00:00,7.24573,7.24773,7.24363,7.24383,10387.0,7.2457,10387
2024-06-04 12:00:00,7.24393,7.2451,7.24036,7.24354,12354.0,7.2426,12354
2024-06-04 13:00:00,7.24322,7.25033,7.24322,7.24752,13701.0,7.2485,13701
2024-06-04 14:00:00,7.24736,7.2555,7.2452,7.24682,15378.0,7.2503,15378
2024-06-04 15:00:00,7.24709,7.24953,7.24521,7.24792,11510.0,7.2475,11510
2024-06-04 16:00:00,7.24773,7.24874,7.24621,7.24745,8673.0,7.2474,8673
2024-06-04 17:00:00,7.2474,7.24827,7.2447,7.2465,8472.0,7.2467,8472
2024-06-04 18:00:00,7.24652,7.24724,7.2459,7.2461,6989.0,7.2465,6989
2024-06-04 19:00:00,7.24612,7.24697,7.2454,7.24668,7171.0,7.2464,7171
2024-06-04 20:00:00,7.2467,7.2477,7.24432,7.24432,2555.0,7.2464,2555
2024-06-04 21:00:00,7.24528,7.24764,7.23622,7.23644,805.0,7.2405,805
2024-06-04 22:00:00,7.24329,7.24737,7.24307,7.24699,2099.0,7.2462,2099
2024-06-04 23:00:00,7.24625,7.25047,7.24607,7.24863,5648.0,7.2479,5648
2024-06-05 00:00:00,7.24906,7.2519,7.24728,7.24981,7466.0,7.2498,7466
2024-06-05 01:00:00,7.24961,7.25164,7.2467,7.25018,9569.0,7.2495,9569
2024-06-05 02:00:00,7.25018,7.25446,7.24997,7.25353,7548.0,7.2526,7548
2024-06-05 03:00:00,7.25354,7.25494,7.25332,7.25389,6812.0,7.2542,6812
2024-06-05 04:00:00,7.25412,7.25499,7.2532,7.25366,4378.0,7.2544,4378
2024-06-05 05:00:00,7.2537,7.25501,7.2527,7.2538,6003.0,7.2541,6003
2024-06-05 06:00:00,7.25382,7.25382,7.2513,7.25279,8517.0,7.2528,8517
2024-06-05 07:00:00,7.25281,7.25422,7.2519,7.25326,9217.0,7.2534,9217
2024-06-05 08:00:00,7.25326,7.25637,7.2524,7.25488,8100.0,7.2545,8100
2024-06-05 09:00:00,7.25486,7.25621,7.2529,7.2549,6679.0,7.2549,6679
2024-06-05 10:00:00,7.25491,7.25596,7.2531,7.25468,6303.0,7.2546,6303
2024-06-05 11:00:00,7.25456,7.25555,7.2525,7.25353,6391.0,7.2543,6391
2024-06-05 12:00:00,7.25379,7.255,7.25204,7.253,9791.0,7.2536,9791
2024-06-05 13:00:00,7.25304,7.25513,7.25139,7.25139,10959.0,7.2532,10959
2024-06-05 14:00:00,7.25137,7.25952,7.25087,7.25901,15103.0,7.256,15103
2024-06-05 15:00:00,7.25889,7.25968,7.25676,7.25924,10860.0,7.2588,10860
2024-06-05 16:00:00,7.25922,7.26067,7.25536,7.25982,7106.0,7.2599,7106
2024-06-05 17:00:00,7.25988,7.26055,7.25878,7.25931,5338.0,7.2598,5338
2024-06-05 18:00:00,7.25931,7.25998,7.2582,7.25853,5701.0,7.2592,5701
2024-06-05 19:00:00,7.25855,7.25887,7.2576,7.25859,4500.0,7.2585,4500
2024-06-05 20:00:00,7.25871,7.25971,7.25653,7.25781,2197.0,7.2587,2197
2024-06-05 21:00:00,7.25781,7.26176,7.2568,7.2595,1017.0,7.2584,1017
2024-06-05 22:00:00,7.25895,7.25952,7.2568,7.25764,2566.0,7.258,2566
2024-06-05 23:00:00,7.2576,7.25843,7.2556,7.25658,2515.0,7.257,2515
2024-06-06 00:00:00,7.25669,7.25861,7.25426,7.25744,5688.0,7.2568,5688
2024-06-06 01:00:00,7.25746,7.25828,7.2524,7.25367,11698.0,7.2552,11698
2024-06-06 02:00:00,7.25369,7.25693,7.25332,7.25525,7795.0,7.2556,7795
2024-06-06 03:00:00,7.2552,7.25673,7.2544,7.25605,5816.0,7.2556,5816
2024-06-06 04:00:00,7.25608,7.25683,7.2553,7.25619,4463.0,7.2562,4463
2024-06-06 05:00:00,7.25582,7.25804,7.2558,7.25757,5845.0,7.257,5845
2024-06-06 06:00:00,7.25757,7.26075,7.2572,7.2604,9702.0,7.2593,9702
2024-06-06 07:00:00,7.26038,7.26294,7.25906,7.26276,8597.0,7.2608,8597
2024-06-06 08:00:00,7.26278,7.26446,7.25889,7.26031,8926.0,7.2625,8926
2024-06-06 09:00:00,7.26035,7.26197,7.2588,7.26006,7115.0,7.2605,7115
2024-06-06 10:00:00,7.26008,7.26034,7.25733,7.25865,6826.0,7.259,6826
2024-06-06 11:00:00,7.25863,7.2621,7.25839,7.26145,6896.0,7.2605,6896
2024-06-06 12:00:00,7.26126,7.26254,7.25677,7.26148,12078.0,7.2608,12078
2024-06-06 13:00:00,7.26152,7.26232,7.2576,7.2598,13943.0,7.2601,13943
2024-06-06 14:00:00,7.26001,7.26396,7.25883,7.26372,11227.0,7.2617,11227
2024-06-06 15:00:00,7.26359,7.26413,7.2583,7.26303,7664.0,7.2635,7664
2024-06-06 16:00:00,7.26312,7.26395,7.2603,7.26213,6537.0,7.2628,6537
2024-06-06 17:00:00,7.26232,7.26318,7.2604,7.26185,6648.0,7.2618,6648
2024-06-06 18:00:00,7.26209,7.26264,7.2596,7.26067,6050.0,7.2613,6050
2024-06-06 19:00:00,7.26059,7.26116,7.25946,7.25962,5859.0,7.2606,5859
2024-06-06 20:00:00,7.25962,7.25979,7.25757,7.2595,2821.0,7.259,2821
2024-06-06 21:00:00,7.2595,7.25958,7.2526,7.25816,1379.0,7.2572,1379
2024-06-06 22:00:00,7.25266,7.25946,7.25266,7.25829,1527.0,7.2579,1527
2024-06-06 23:00:00,7.25874,7.26025,7.2569,7.26005,2294.0,7.2589,2294
2024-06-07 00:00:00,7.25991,7.26148,7.25736,7.26059,5790.0,7.26,5790
2024-06-07 01:00:00,7.26045,7.26101,7.25647,7.25701,10635.0,7.2588,10635
2024-06-07 02:00:00,7.25677,7.25849,7.25591,7.25674,7943.0,7.2572,7943
2024-06-07 03:00:00,7.25674,7.25695,7.25446,7.25583,6606.0,7.2559,6606
2024-06-07 04:00:00,7.25594,7.25773,7.2556,7.2569,4944.0,7.2567,4944
2024-06-07 05:00:00,7.25686,7.25777,7.25331,7.25509,7123.0,7.256,7123
2024-06-07 06:00:00,7.25505,7.25527,7.25,7.25203,11970.0,7.2527,11970
2024-06-07 07:00:00,7.25203,7.25361,7.24831,7.25311,10389.0,7.2517,10389
2024-06-07 08:00:00,7.25315,7.25419,7.2512,7.25209,9594.0,7.2527,9594
2024-06-07 09:00:00,7.25219,7.25328,7.25053,7.25312,8004.0,7.2519,8004
2024-06-07 10:00:00,7.2531,7.25434,7.25187,7.25418,6125.0,7.2532,6125
2024-06-07 11:00:00,7.2542,7.25422,7.24943,7.24978,8224.0,7.2515,8224
2024-06-07 12:00:00,7.24976,7.26289,7.24619,7.2624,16630.0,7.2557,16630
2024-06-07 13:00:00,7.26242,7.2647,7.26103,7.26404,15217.0,7.2629,15217
2024-06-07 14:00:00,7.26402,7.26527,7.26177,7.26402,12315.0,7.2635,12315
2024-06-07 15:00:00,7.26402,7.26424,7.26215,7.26297,10365.0,7.2635,10365
2024-06-07 16:00:00,7.26279,7.26425,7.26166,7.26363,8774.0,7.263,8774
2024-06-07 17:00:00,7.26357,7.26474,7.2628,7.26439,7515.0,7.2642,7515
2024-06-07 18:00:00,7.26441,7.26507,7.2637,7.26463,6705.0,7.2646,6705
2024-06-07 19:00:00,7.26465,7.26477,7.2634,7.26422,5464.0,7.2642,5464
2024-06-07 20:00:00,7.26424,7.2644,7.24857,7.25285,1906.0,7.2635,1906
2024-06-09 21:00:00,7.26165,7.26478,7.26165,7.26445,85.0,7.2636,85
2024-06-09 22:00:00,7.26445,7.26479,7.26445,7.2647,16.0,7.2647,16
2024-06-09 23:00:00,7.26489,7.26543,7.26447,7.26489,1256.0,7.2649,1256
2024-06-10 00:00:00,7.26496,7.26687,7.26353,7.26376,5080.0,7.2652,5080
2024-06-10 01:00:00,7.26374,7.26715,7.26263,7.26591,6087.0,7.265,6087
2024-06-10 02:00:00,7.266,7.26894,7.26585,7.2686,4464.0,7.2673,4464
2024-06-10 03:00:00,7.26862,7.27097,7.2421,7.27081,5410.0,7.2698,5410
2024-06-10 04:00:00,7.2706,7.27262,7.26912,7.26929,6172.0,7.2714,6172
2024-06-10 05:00:00,7.26927,7.2714,7.2421,7.26743,6382.0,7.2699,6382
2024-06-10 06:00:00,7.26745,7.2683,7.26571,7.26787,8697.0,7.2672,8697
2024-06-10 07:00:00,7.2679,7.2692,7.26608,7.26647,9607.0,7.2677,9607
2024-06-10 08:00:00,7.26622,7.26679,7.26432,7.26586,7723.0,7.2655,7723
2024-06-10 09:00:00,7.26591,7.26749,7.26482,7.26696,7554.0,7.2662,7554
2024-06-10 10:00:00,7.26682,7.26707,7.26474,7.26542,6585.0,7.2661,6585
2024-06-10 11:00:00,7.26515,7.26726,7.26483,7.26589,6656.0,7.2661,6656
2024-06-10 12:00:00,7.26587,7.26773,7.26481,7.26729,9301.0,7.2662,9301
2024-06-10 13:00:00,7.26731,7.26746,7.26492,7.26673,9860.0,7.2663,9860
2024-06-10 14:00:00,7.26675,7.26954,7.26646,7.268,8911.0,7.2683,8911
2024-06-10 15:00:00,7.26798,7.2685,7.2658,7.26674,8153.0,7.2671,8153
2024-06-10 16:00:00,7.26672,7.26699,7.26483,7.26612,6617.0,7.2663,6617
2024-06-10 17:00:00,7.26612,7.26711,7.2644,7.26595,6372.0,7.2659,6372
2024-06-10 18:00:00,7.26563,7.26627,7.2648,7.26562,6013.0,7.2656,6013
2024-06-10 19:00:00,7.26563,7.26619,7.265,7.26574,4662.0,7.2657,4662
2024-06-10 20:00:00,7.26574,7.26585,7.26468,7.26557,1612.0,7.2654,1612
2024-06-10 21:00:00,7.26557,7.26583,7.26081,7.26104,1220.0,7.2633,1220
2024-06-10 22:00:00,7.26394,7.26571,7.26386,7.26565,1731.0,7.2646,1731
2024-06-10 23:00:00,7.2642,7.26752,7.26411,7.26647,5367.0,7.2659,5367
2024-06-11 00:00:00,7.26658,7.26927,7.26586,7.26822,6755.0,7.268,6755
2024-06-11 01:00:00,7.26856,7.27154,7.26591,7.26774,11420.0,7.2687,11420
2024-06-11 02:00:00,7.26798,7.26864,7.2657,7.26627,8413.0,7.2674,8413
2024-06-11 03:00:00,7.26625,7.26749,7.2659,7.26643,6130.0,7.2668,6130
2024-06-11 04:00:00,7.26645,7.26647,7.26146,7.26637,6666.0,7.2644,6666
2024-06-11 05:00:00,7.26639,7.26755,7.26527,7.2665,5967.0,7.2666,5967
2024-06-11 06:00:00,7.26652,7.26809,7.26491,7.2669,8703.0,7.2666,8703
2024-06-11 07:00:00,7.26688,7.2709,7.26688,7.26774,9947.0,7.2689,9947
2024-06-11 08:00:00,7.26776,7.27132,7.26754,7.27016,8545.0,7.2698,8545
2024-06-11 09:00:00,7.26994,7.27215,7.2691,7.26982,8561.0,7.2711,8561
2024-06-11 10:00:00,7.26995,7.27253,7.2687,7.27233,7222.0,7.2704,7222
2024-06-11 11:00:00,7.27205,7.27239,7.2696,7.27023,7659.0,7.271,7659
2024-06-11 12:00:00,7.2703,7.27097,7.2679,7.26876,9225.0,7.2696,9225
2024-06-11 13:00:00,7.26885,7.27336,7.26874,7.27288,11709.0,7.2715,11709
2024-06-11 14:00:00,7.27284,7.27406,7.2718,7.27379,9552.0,7.2732,9552
2024-06-11 15:00:00,7.27383,7.27402,7.267,7.2732,7735.0,7.2734,7735
2024-06-11 16:00:00,7.27318,7.27462,7.2544,7.2739,5662.0,7.2738,5662
2024-06-11 17:00:00,7.27386,7.27399,7.2723,7.27287,5938.0,7.2733,5938
2024-06-11 18:00:00,7.27288,7.27305,7.2707,7.27125,4877.0,7.272,4877
2024-06-11 19:00:00,7.27114,7.27178,7.2702,7.27144,5011.0,7.2712,5011
2024-06-11 20:00:00,7.27146,7.27181,7.2703,7.27066,2657.0,7.2712,2657
2024-06-11 21:00:00,7.27164,7.27226,7.26725,7.26749,608.0,7.2704,608
2024-06-11 22:00:00,7.27017,7.27226,7.27015,7.27189,2290.0,7.2709,2290
2024-06-11 23:00:00,7.27062,7.27357,7.27044,7.27242,3116.0,7.272,3116
2024-06-12 00:00:00,7.27257,7.27386,7.2717,7.27371,5372.0,7.2729,5372
2024-06-12 01:00:00,7.2737,7.27393,7.2677,7.26888,10904.0,7.2703,10904
2024-06-12 02:00:00,7.26889,7.26974,7.26646,7.26815,8357.0,7.2685,8357
2024-06-12 03:00:00,7.2682,7.26887,7.26672,7.26819,5971.0,7.2681,5971
2024-06-12 04:00:00,7.26821,7.27,7.2678,7.26978,3592.0,7.269,3592
2024-06-12 05:00:00,7.26982,7.27015,7.268,7.26895,5907.0,7.2695,5907
2024-06-12 06:00:00,7.26893,7.27012,7.2681,7.26982,7732.0,7.2693,7732
2024-06-12 07:00:00,7.26984,7.2702,7.26824,7.26877,7607.0,7.2695,7607
2024-06-12 08:00:00,7.26887,7.27043,7.26776,7.26894,7086.0,7.2689,7086
2024-06-12 09:00:00,7.269,7.27011,7.2671,7.26954,6722.0,7.2685,6722
2024-06-12 10:00:00,7.26956,7.27037,7.2686,7.26973,5548.0,7.2696,5548
2024-06-12 11:00:00,7.26968,7.27007,7.2677,7.26853,6315.0,7.2689,6315
2024-06-12 12:00:00,7.26855,7.26926,7.25223,7.25465,14369.0,7.2609,14369
2024-06-12 13:00:00,7.25467,7.25766,7.25288,7.25479,16531.0,7.2553,16531
2024-06-12 14:00:00,7.25468,7.2738,7.2515,7.25272,13776.0,7.2553,13776
2024-06-12 15:00:00,7.25274,7.25361,7.25105,7.25188,10378.0,7.2523,10378
2024-06-12 16:00:00,7.25181,7.2527,7.2499,7.25112,7064.0,7.2517,7064
2024-06-12 17:00:00,7.25106,7.25205,7.24889,7.24932,6938.0,7.2509,6938
2024-06-12 18:00:00,7.25119,7.26039,7.24773,7.25933,18975.0,7.256,18975
2024-06-12 19:00:00,7.25929,7.26314,7.25812,7.2625,12385.0,7.2615,12385
2024-06-12 20:00:00,7.26248,7.26337,7.2615,7.26234,3124.0,7.2625,3124
2024-06-12 21:00:00,7.26234,7.26318,7.25793,7.26146,3459.0,7.2604,3459
2024-06-12 22:00:00,7.26051,7.26186,7.25836,7.26106,2130.0,7.2603,2130
2024-06-12 23:00:00,7.25956,7.26381,7.25894,7.26337,5347.0,7.2612,5347
2024-06-13 00:00:00,7.2633,7.2638,7.26166,7.26215,6826.0,7.2628,6826
2024-06-13 01:00:00,7.26214,7.26489,7.25828,7.2641,10806.0,7.2618,10806
2024-06-13 02:00:00,7.26408,7.26536,7.2636,7.26446,7380.0,7.2645,7380
2024-06-13 03:00:00,7.26448,7.26486,7.2632,7.26406,5757.0,7.2642,5757
2024-06-13 04:00:00,7.26407,7.26666,7.2637,7.2661,3801.0,7.2653,3801
2024-06-13 05:00:00,7.26607,7.26712,7.26448,7.26511,5726.0,7.2661,5726
2024-06-13 06:00:00,7.26494,7.26667,7.2638,7.26606,9133.0,7.2655,9133
2024-06-13 07:00:00,7.26606,7.26678,7.2646,7.26646,8668.0,7.2659,8668
2024-06-13 08:00:00,7.26655,7.26721,7.2655,7.26634,7426.0,7.2666,7426
2024-06-13 09:00:00,7.26625,7.26843,7.2655,7.26723,6239.0,7.2672,6239
2024-06-13 10:00:00,7.26725,7.26785,7.2664,7.2676,6078.0,7.2674,6078
2024-06-13 11:00:00,7.26759,7.26884,7.2662,7.26855,6257.0,7.2678,6257
2024-06-13 12:00:00,7.26848,7.26906,7.25988,7.2677,13264.0,7.2659,13264
2024-06-13 13:00:00,7.26768,7.26796,7.26449,7.26614,12840.0,7.266,12840
2024-06-13 14:00:00,7.2662,7.26856,7.26485,7.26765,11353.0,7.2672,11353
2024-06-13 15:00:00,7.26767,7.26921,7.2421,7.26915,9350.0,7.268,9350
2024-06-13 16:00:00,7.26917,7.27026,7.2672,7.26911,9631.0,7.2692,9631
2024-06-13 17:00:00,7.26905,7.26926,7.2673,7.26867,9750.0,7.2684,9750
2024-06-13 18:00:00,7.26865,7.2694,7.2525,7.26896,6764.0,7.2689,6764
2024-06-13 19:00:00,7.26894,7.27027,7.268,7.27016,4155.0,7.2693,4155
2024-06-13 20:00:00,7.27011,7.27083,7.26921,7.26936,2063.0,7.27,2063
2024-06-13 21:00:00,7.26936,7.2705,7.26332,7.26836,956.0,7.2685,956
2024-06-13 22:00:00,7.26772,7.27026,7.26713,7.26809,1920.0,7.2684,1920
2024-06-13 23:00:00,7.26815,7.27076,7.2678,7.2704,4190.0,7.2697,4190
2024-06-14 00:00:00,7.27055,7.27123,7.26846,7.27034,6352.0,7.2704,6352
2024-06-14 01:00:00,7.27038,7.27295,7.26884,7.26916,8665.0,7.271,8665
2024-06-14 02:00:00,7.26914,7.27154,7.2685,7.27015,8031.0,7.2702,8031
2024-06-14 03:00:00,7.27016,7.27235,7.26848,7.27131,9537.0,7.2707,9537
2024-06-14 04:00:00,7.27142,7.27244,7.2707,7.27217,5733.0,7.2718,5733
2024-06-14 05:00:00,7.27208,7.27228,7.2703,7.27163,7123.0,7.2715,7123
2024-06-14 06:00:00,7.2717,7.27192,7.26922,7.26953,11073.0,7.2708,11073
2024-06-14 07:00:00,7.26957,7.27366,7.2692,7.27172,12081.0,7.272,12081
2024-06-14 08:00:00,7.27174,7.27316,7.2697,7.27288,11213.0,7.2715,11213
2024-06-14 09:00:00,7.27288,7.27515,7.27186,7.27369,11102.0,7.2734,11102
2024-06-14 10:00:00,7.27344,7.27474,7.2717,7.27263,9256.0,7.2736,9256
2024-06-14 11:00:00,7.27264,7.273,7.2701,7.2721,8757.0,7.2716,8757
2024-06-14 12:00:00,7.27212,7.27445,7.2711,7.27344,12455.0,7.2728,12455
2024-06-14 13:00:00,7.27348,7.27512,7.27185,7.27241,12190.0,7.2736,12190
2024-06-14 14:00:00,7.27243,7.27503,7.27165,7.2739,12761.0,7.274,12761
2024-06-14 15:00:00,7.27392,7.27438,7.2717,7.27271,9660.0,7.2738,9660
2024-06-14 16:00:00,7.27264,7.27418,7.27226,7.2724,7837.0,7.2734,7837
2024-06-14 17:00:00,7.2724,7.27262,7.2707,7.27228,6889.0,7.2719,6889
2024-06-14 18:00:00,7.27231,7.27325,7.2717,7.27274,6652.0,7.2727,6652
2024-06-14 19:00:00,7.27258,7.27278,7.27,7.27068,5660.0,7.2716,5660
2024-06-14 20:00:00,7.27062,7.27141,7.26289,7.26289,2362.0,7.2705,2362
2024-06-16 21:00:00,7.26763,7.26859,7.2464,7.26838,54.0,7.2678,54
2024-06-16 22:00:00,7.26834,7.26993,7.26818,7.2698,19.0,7.2691,19
2024-06-16 23:00:00,7.26999,7.27184,7.2464,7.27137,847.0,7.2709,847
2024-06-17 00:00:00,7.27137,7.27162,7.26892,7.27042,4963.0,7.2701,4963
2024-06-17 01:00:00,7.27038,7.27172,7.2464,7.26737,7643.0,7.2699,7643
2024-06-17 02:00:00,7.26771,7.26948,7.26703,7.26866,7542.0,7.2681,7542
2024-06-17 03:00:00,7.26868,7.26965,7.267,7.26766,5684.0,7.268,5684
2024-06-17 04:00:00,7.26772,7.26871,7.26755,7.26847,3201.0,7.268,3201
2024-06-17 05:00:00,7.26847,7.2709,7.268,7.27012,5948.0,7.2693,5948
2024-06-17 06:00:00,7.27008,7.27221,7.27004,7.27157,9345.0,7.2713,9345
2024-06-17 07:00:00,7.27163,7.2729,7.27023,7.27048,8716.0,7.2716,8716
2024-06-17 08:00:00,7.2705,7.27073,7.2684,7.26926,7834.0,7.2698,7834
2024-06-17 09:00:00,7.26928,7.27064,7.26875,7.26915,6672.0,7.2697,6672
2024-06-17 10:00:00,7.26917,7.27022,7.2689,7.2699,5544.0,7.2697,5544
2024-06-17 11:00:00,7.2699,7.27105,7.2688,7.27086,6052.0,7.2701,6052
2024-06-17 12:00:00,7.27082,7.2711,7.2693,7.27071,7300.0,7.2705,7300
2024-06-17 13:00:00,7.27072,7.27276,7.2696,7.2721,9357.0,7.2715,9357
2024-06-17 14:00:00,7.27208,7.27292,7.2709,7.27179,7980.0,7.2723,7980
2024-06-17 15:00:00,7.27191,7.27228,7.27091,7.27174,7200.0,7.2717,7200
2024-06-17 16:00:00,7.27172,7.2718,7.2697,7.27061,5491.0,7.2708,5491
2024-06-17 17:00:00,7.27063,7.27091,7.2695,7.27036,3709.0,7.2705,3709
2024-06-17 18:00:00,7.27036,7.2708,7.2688,7.2695,4240.0,7.2699,4240
2024-06-17 19:00:00,7.26952,7.27016,7.2689,7.26971,3264.0,7.2698,3264
2024-06-17 20:00:00,7.26963,7.26997,7.2686,7.26907,2026.0,7.2695,2026
2024-06-17 21:00:00,7.26898,7.27056,7.26788,7.26801,583.0,7.2697,583
2024-06-17 22:00:00,7.26965,7.27055,7.26865,7.26925,1749.0,7.2695,1749
2024-06-17 23:00:00,7.26907,7.27002,7.2687,7.26924,2930.0,7.2693,2930
2024-06-18 00:00:00,7.26916,7.27181,7.269,7.27093,6457.0,7.2708,6457
2024-06-18 01:00:00,7.27091,7.2716,7.2691,7.27074,8019.0,7.2707,8019
2024-06-18 02:00:00,7.27074,7.2721,7.2698,7.27197,6938.0,7.271,6938
2024-06-18 03:00:00,7.27204,7.27271,7.2706,7.27115,4814.0,7.2717,4814
2024-06-18 04:00:00,7.27119,7.27346,7.2703,7.27314,4121.0,7.2718,4121
2024-06-18 05:00:00,7.27314,7.27386,7.2718,7.2727,6027.0,7.2729,6027
2024-06-18 06:00:00,7.27261,7.27359,7.2712,7.27181,6261.0,7.2728,6261
2024-06-18 07:00:00,7.27185,7.27464,7.27153,7.27439,6933.0,7.273,6933
2024-06-18 08:00:00,7.27437,7.27661,7.2737,7.27534,7466.0,7.2753,7466
2024-06-18 09:00:00,7.27517,7.27731,7.2736,7.27617,5856.0,7.2757,5856
2024-06-18 10:00:00,7.27619,7.27643,7.2746,7.2759,4676.0,7.2759,4676
2024-06-18 11:00:00,7.27587,7.27719,7.2753,7.27609,4960.0,7.2765,4960
2024-06-18 12:00:00,7.27627,7.27677,7.2712,7.27453,11137.0,7.274,11137
2024-06-18 13:00:00,7.27451,7.27573,7.27123,7.27135,11654.0,7.2736,11654
2024-06-18 14:00:00,7.27131,7.27374,7.2711,7.2735,11593.0,7.2721,11593
2024-06-18 15:00:00,7.2735,7.27386,7.2701,7.27141,8802.0,7.2721,8802
2024-06-18 16:00:00,7.27148,7.27177,7.2701,7.27046,5621.0,7.271,5621
2024-06-18 17:00:00,7.27044,7.2713,7.2691,7.2705,5692.0,7.2705,5692
2024-06-18 18:00:00,7.27043,7.27266,7.2698,7.27124,4876.0,7.2716,4876
2024-06-18 19:00:00,7.2712,7.27221,7.2706,7.27192,3811.0,7.2717,3811
2024-06-18 20:00:00,7.27191,7.27214,7.26996,7.27023,1888.0,7.2715,1888
2024-06-18 21:00:00,7.27025,7.2722,7.26331,7.27145,2406.0,7.2677,2406
2024-06-18 22:00:00,7.26971,7.27136,7.26935,7.26949,1244.0,7.2702,1244
2024-06-18 23:00:00,7.26947,7.27216,7.26943,7.27182,2432.0,7.2708,2432
2024-06-19 00:00:00,7.272,7.27446,7.2711,7.27342,5384.0,7.2729,5384
2024-06-19 01:00:00,7.27327,7.27379,7.271,7.27203,6753.0,7.2723,6753
2024-06-19 02:00:00,7.27201,7.27219,7.2707,7.27164,5281.0,7.2716,5281
2024-06-19 03:00:00,7.27157,7.27381,7.26921,7.27381,5122.0,7.2714,5122
2024-06-19 04:00:00,7.27372,7.27495,7.2729,7.27475,3361.0,7.2742,3361
2024-06-19 05:00:00,7.27474,7.27664,7.27444,7.27651,5271.0,7.2754,5271
2024-06-19 06:00:00,7.27652,7.2766,7.2731,7.27462,6909.0,7.2754,6909
2024-06-19 07:00:00,7.27459,7.27624,7.2731,7.27545,7336.0,7.2755,7336
2024-06-19 08:00:00,7.27542,7.27689,7.2746,7.27655,6176.0,7.2763,6176
2024-06-19 09:00:00,7.2766,7.27753,7.2755,7.27693,5678.0,7.2768,5678
2024-06-19 10:00:00,7.27695,7.27755,7.2763,7.27705,5561.0,7.277,5561
2024-06-19 11:00:00,7.27712,7.27858,7.27677,7.27858,5064.0,7.2779,5064
2024-06-19 12:00:00,7.27856,7.27981,7.2777,7.27947,5583.0,7.279,5583
2024-06-19 13:00:00,7.2795,7.28042,7.279,7.27998,4997.0,7.2799,4997
2024-06-19 14:00:00,7.27996,7.28008,7.2782,7.28,4699.0,7.2794,4699
2024-06-19 15:00:00,7.28001,7.2807,7.2786,7.27947,3955.0,7.2798,3955
2024-06-19 16:00:00,7.27936,7.28034,7.2571,7.28007,2163.0,7.2797,2163
2024-06-19 17:00:00,7.28005,7.28053,7.2792,7.27991,1376.0,7.2802,1376
2024-06-19 18:00:00,7.27985,7.28042,7.2792,7.28026,1327.0,7.2801,1327
2024-06-19 19:00:00,7.28028,7.28111,7.2794,7.28084,1186.0,7.2804,1186
2024-06-19 20:00:00,7.28071,7.28226,7.27824,7.28073,1147.0,7.2807,1147
2024-06-19 21:00:00,7.28073,7.28266,7.27253,7.27986,1144.0,7.2764,1144
2024-06-19 22:00:00,7.27784,7.28043,7.27739,7.27916,1434.0,7.2788,1434
2024-06-19 23:00:00,7.27913,7.28011,7.27767,7.2791,2084.0,7.2789,2084
2024-06-20 00:00:00,7.27942,7.28176,7.27786,7.27906,5931.0,7.2803,5931
2024-06-20 01:00:00,7.2791,7.28792,7.27885,7.28429,9383.0,7.2836,9383
2024-06-20 02:00:00,7.28427,7.28514,7.28292,7.2847,6008.0,7.284,6008
2024-06-20 03:00:00,7.28472,7.28516,7.282,7.28216,4823.0,7.2832,4823
2024-06-20 04:00:00,7.28223,7.28492,7.282,7.28419,4189.0,7.2838,4189
2024-06-20 05:00:00,7.28415,7.28494,7.28324,7.28447,4780.0,7.2842,4780
2024-06-20 06:00:00,7.28452,7.28454,7.2825,7.28383,4719.0,7.2835,4719
2024-06-20 07:00:00,7.28386,7.28464,7.28289,7.28435,5107.0,7.2839,5107
2024-06-20 08:00:00,7.28435,7.28758,7.28423,7.28527,5482.0,7.286,5482
2024-06-20 09:00:00,7.28513,7.28739,7.285,7.28693,4064.0,7.286,4064
2024-06-20 10:00:00,7.28698,7.28791,7.286,7.28745,3799.0,7.2871,3799
2024-06-20 11:00:00,7.28743,7.28758,7.2847,7.2866,4914.0,7.2862,4914
2024-06-20 12:00:00,7.28662,7.28785,7.28503,7.28723,6013.0,7.2866,6013
2024-06-20 13:00:00,7.28738,7.28932,7.28698,7.28767,6127.0,7.2882,6127
2024-06-20 14:00:00,7.28771,7.289,7.2869,7.28886,5621.0,7.2883,5621
2024-06-20 15:00:00,7.28886,7.29023,7.2881,7.28993,5022.0,7.2892,5022
2024-06-20 16:00:00,7.28991,7.29178,7.28963,7.29154,4528.0,7.2909,4528
2024-06-20 17:00:00,7.29164,7.29188,7.28,7.29142,3970.0,7.2916,3970
2024-06-20 18:00:00,7.29154,7.29189,7.2897,7.29139,4221.0,7.291,4221
2024-06-20 19:00:00,7.29143,7.29161,7.2902,7.29095,4227.0,7.2911,4227
2024-06-20 20:00:00,7.29101,7.2918,7.28951,7.29078,1816.0,7.2912,1816
2024-06-20 21:00:00,7.29051,7.29236,7.28815,7.2894,764.0,7.2903,764
2024-06-20 22:00:00,7.29013,7.29154,7.28815,7.29125,1279.0,7.2903,1279
2024-06-20 23:00:00,7.28981,7.29201,7.2885,7.29118,3117.0,7.2901,3117
2024-06-21 00:00:00,7.29137,7.29261,7.2898,7.29179,4375.0,7.2915,4375
2024-06-21 01:00:00,7.29171,7.29209,7.28441,7.28455,5949.0,7.2877,5949
2024-06-21 02:00:00,7.28458,7.28708,7.2834,7.28696,5166.0,7.2854,5166
2024-06-21 03:00:00,7.2871,7.28912,7.28623,7.28661,3862.0,7.2878,3862
2024-06-21 04:00:00,7.28661,7.28727,7.285,7.28594,2859.0,7.2865,2859
2024-06-21 05:00:00,7.28586,7.28786,7.28532,7.28551,3936.0,7.2864,3936
2024-06-21 06:00:00,7.28549,7.28744,7.28392,7.28409,5132.0,7.2864,5132
2024-06-21 07:00:00,7.28422,7.28834,7.28375,7.28801,6385.0,7.2871,6385
2024-06-21 08:00:00,7.28806,7.28868,7.28671,7.28812,5739.0,7.2879,5739
2024-06-21 09:00:00,7.28814,7.28934,7.2869,7.28803,4666.0,7.2881,4666
2024-06-21 10:00:00,7.28804,7.28977,7.2878,7.28928,4456.0,7.2888,4456
2024-06-21 11:00:00,7.28927,7.28964,7.28769,7.28787,4449.0,7.2889,4449
2024-06-21 12:00:00,7.28789,7.28807,7.2866,7.28766,4834.0,7.2872,4834
2024-06-21 13:00:00,7.28766,7.29094,7.2867,7.2902,6796.0,7.2891,6796
2024-06-21 14:00:00,7.29028,7.29187,7.2897,7.29172,6724.0,7.2906,6724
2024-06-21 15:00:00,7.29174,7.29209,7.2893,7.29006,5859.0,7.2908,5859
2024-06-21 16:00:00,7.29006,7.29044,7.28931,7.29006,4341.0,7.2898,4341
2024-06-21 17:00:00,7.29008,7.29086,7.28962,7.28982,3904.0,7.2903,3904
2024-06-21 18:00:00,7.28999,7.29061,7.2895,7.28973,3649.0,7.2901,3649
2024-06-21 19:00:00,7.28973,7.29123,7.28941,7.29115,3744.0,7.2899,3744
2024-06-21 20:00:00,7.29115,7.29125,7.27788,7.29041,2225.0,7.2896,2225
2024-06-23 21:00:00,7.28678,7.28843,7.28678,7.28841,39.0,7.2883,39
2024-06-23 22:00:00,7.28831,7.28934,7.28831,7.28901,20.0,7.289,20
2024-06-23 23:00:00,7.28967,7.29182,7.2867,7.29145,1673.0,7.2905,1673
2024-06-24 00:00:00,7.29146,7.29193,7.28943,7.28995,5334.0,7.2907,5334
2024-06-24 01:00:00,7.28997,7.2938,7.28671,7.28759,9555.0,7.2897,9555
2024-06-24 02:00:00,7.28752,7.28902,7.28641,7.28778,6970.0,7.2878,6970
2024-06-24 03:00:00,7.28778,7.28912,7.28727,7.28861,5000.0,7.288,5000
2024-06-24 04:00:00,7.28872,7.28989,7.28861,7.28959,4159.0,7.2892,4159
2024-06-24 05:00:00,7.28969,7.28984,7.2878,7.28853,5804.0,7.2892,5804
2024-06-24 06:00:00,7.28851,7.28896,7.2871,7.28868,6355.0,7.2881,6355
2024-06-24 07:00:00,7.2887,7.29098,7.28828,7.28931,7384.0,7.2895,7384
2024-06-24 08:00:00,7.2893,7.28971,7.2879,7.28863,6054.0,7.2889,6054
2024-06-24 09:00:00,7.28865,7.28871,7.28079,7.28372,9461.0,7.2846,9461
2024-06-24 10:00:00,7.2837,7.28511,7.28029,7.28375,8693.0,7.2832,8693
2024-06-24 11:00:00,7.28378,7.28393,7.2822,7.28312,5867.0,7.2831,5867
2024-06-24 12:00:00,7.28304,7.28341,7.2799,7.28055,7661.0,7.2819,7661
2024-06-24 13:00:00,7.28053,7.28129,7.27686,7.2773,11191.0,7.2786,11191
2024-06-24 14:00:00,7.27732,7.28432,7.2764,7.2839,10279.0,7.2802,10279
2024-06-24 15:00:00,7.28394,7.28603,7.28341,7.28389,8441.0,7.2847,8441
2024-06-24 16:00:00,7.28369,7.28513,7.2817,7.28478,6091.0,7.2837,6091
2024-06-24 17:00:00,7.28477,7.291,7.28446,7.28566,5931.0,7.2855,5931
2024-06-24 18:00:00,7.28565,7.28585,7.28274,7.28323,5885.0,7.2846,5885
2024-06-24 19:00:00,7.28319,7.28349,7.2815,7.28275,7512.0,7.2827,7512
2024-06-24 20:00:00,7.28275,7.28335,7.28112,7.28226,3266.0,7.2824,3266
2024-06-24 21:00:00,7.28226,7.28405,7.27712,7.28323,679.0,7.2813,679
2024-06-24 22:00:00,7.2818,7.284,7.2813,7.2821,3616.0,7.2822,3616
2024-06-24 23:00:00,7.28208,7.28491,7.28201,7.28378,6155.0,7.2835,6155
2024-06-25 00:00:00,7.28376,7.28419,7.28073,7.28198,5269.0,7.2831,5269
2024-06-25 01:00:00,7.282,7.28543,7.27761,7.28406,10135.0,7.2829,10135
2024-06-25 02:00:00,7.28418,7.28451,7.27771,7.27805,7476.0,7.2828,7476
2024-06-25 03:00:00,7.27801,7.2804,7.27612,7.28003,7566.0,7.2785,7566
2024-06-25 04:00:00,7.27998,7.28189,7.2783,7.28161,4438.0,7.2805,4438
2024-06-25 05:00:00,7.28159,7.28294,7.2797,7.28264,5377.0,7.2811,5377
2024-06-25 06:00:00,7.28268,7.28484,7.2818,7.2838,7589.0,7.2836,7589
2024-06-25 07:00:00,7.28397,7.28628,7.2833,7.28491,8696.0,7.2853,8696
2024-06-25 08:00:00,7.28492,7.28558,7.2826,7.28402,7037.0,7.2844,7037
2024-06-25 09:00:00,7.284,7.28636,7.283,7.28604,5725.0,7.2849,5725
2024-06-25 10:00:00,7.28606,7.2861,7.2845,7.28587,5379.0,7.2855,5379
2024-06-25 11:00:00,7.28583,7.28691,7.285,7.28631,5830.0,7.2862,5830
2024-06-25 12:00:00,7.28639,7.28913,7.2847,7.28891,8191.0,7.287,8191
2024-06-25 13:00:00,7.28884,7.28995,7.28838,7.28927,9118.0,7.2892,9118
2024-06-25 14:00:00,7.28923,7.29071,7.28921,7.28979,8406.0,7.2902,8406
2024-06-25 15:00:00,7.28977,7.29054,7.28865,7.28907,7586.0,7.2897,7586
2024-06-25 16:00:00,7.28905,7.28987,7.2878,7.28856,6224.0,7.2889,6224
2024-06-25 17:00:00,7.28851,7.28871,7.2872,7.2885,4969.0,7.2883,4969
2024-06-25 18:00:00,7.28857,7.28926,7.2877,7.28876,3828.0,7.2886,3828
2024-06-25 19:00:00,7.28891,7.2894,7.2878,7.28868,4273.0,7.2888,4273
2024-06-25 20:00:00,7.2887,7.28948,7.2878,7.28929,1804.0,7.2888,1804
2024-06-25 21:00:00,7.28929,7.28942,7.28466,7.28552,1011.0,7.2874,1011
2024-06-25 22:00:00,7.28801,7.2892,7.28625,7.2874,1833.0,7.288,1833
2024-06-25 23:00:00,7.28803,7.28936,7.28705,7.28906,4590.0,7.2882,4590
2024-06-26 00:00:00,7.28914,7.29046,7.28711,7.28898,5799.0,7.2891,5799
2024-06-26 01:00:00,7.28865,7.29105,7.28772,7.28874,9923.0,7.289,9923
2024-06-26 02:00:00,7.28874,7.29121,7.2873,7.29109,7122.0,7.2889,7122
2024-06-26 03:00:00,7.2911,7.29313,7.29,7.29195,6253.0,7.2916,6253
2024-06-26 04:00:00,7.29206,7.29275,7.2912,7.29252,4118.0,7.2922,4118
2024-06-26 05:00:00,7.29258,7.2935,7.2914,7.29292,5718.0,7.2927,5718
2024-06-26 06:00:00,7.29294,7.29566,7.2917,7.29499,8189.0,7.2938,8189
2024-06-26 07:00:00,7.29505,7.29636,7.2937,7.29516,8055.0,7.2955,8055
2024-06-26 08:00:00,7.29512,7.29756,7.2949,7.29701,7318.0,7.2965,7318
2024-06-26 09:00:00,7.29697,7.2986,7.29626,7.29792,7213.0,7.2977,7213
2024-06-26 10:00:00,7.29801,7.30189,7.2974,7.30027,8116.0,7.3002,8116
2024-06-26 11:00:00,7.30025,7.30221,7.2992,7.30026,7213.0,7.3008,7213
2024-06-26 12:00:00,7.30043,7.30588,7.29996,7.30572,10810.0,7.3043,10810
2024-06-26 13:00:00,7.3058,7.30774,7.3015,7.30269,13529.0,7.3044,13529
2024-06-26 14:00:00,7.30284,7.30305,7.29785,7.2991,12745.0,7.3012,12745
2024-06-26 15:00:00,7.29908,7.30209,7.29771,7.30051,9953.0,7.3008,9953
2024-06-26 16:00:00,7.30056,7.30214,7.2895,7.30135,7328.0,7.3013,7328
2024-06-26 17:00:00,7.30149,7.30228,7.29952,7.29961,7320.0,7.3009,7320
2024-06-26 18:00:00,7.29959,7.30145,7.299,7.30096,6389.0,7.3004,6389
2024-06-26 19:00:00,7.30101,7.30166,7.3001,7.30106,5026.0,7.3012,5026
2024-06-26 20:00:00,7.30108,7.30229,7.29864,7.30036,2944.0,7.3011,2944
2024-06-26 21:00:00,7.30036,7.30075,7.29454,7.29492,987.0,7.299,987
2024-06-26 22:00:00,7.2949,7.30041,7.2949,7.29878,3711.0,7.2983,3711
2024-06-26 23:00:00,7.29697,7.30031,7.29697,7.29907,3848.0,7.299,3848
2024-06-27 00:00:00,7.29924,7.30057,7.29731,7.29954,5684.0,7.2993,5684
2024-06-27 01:00:00,7.29944,7.30011,7.29556,7.29684,9313.0,7.2979,9313
2024-06-27 02:00:00,7.29661,7.29768,7.2943,7.29745,8009.0,7.2964,8009
2024-06-27 03:00:00,7.29759,7.29909,7.2974,7.2985,4947.0,7.2981,4947
2024-06-27 04:00:00,7.29849,7.29908,7.2975,7.29824,3661.0,7.2985,3661
2024-06-27 05:00:00,7.29822,7.30338,7.2966,7.30055,5854.0,7.2985,5854
2024-06-27 06:00:00,7.30055,7.30203,7.2959,7.29716,9366.0,7.2984,9366
2024-06-27 07:00:00,7.29733,7.30032,7.2963,7.29759,9119.0,7.2984,9119
2024-06-27 08:00:00,7.29757,7.29986,7.29691,7.29784,8129.0,7.2985,8129
2024-06-27 09:00:00,7.29782,7.29881,7.2956,7.29815,7476.0,7.2974,7476
2024-06-27 10:00:00,7.29813,7.29921,7.29747,7.29862,6247.0,7.2984,6247
2024-06-27 11:00:00,7.29861,7.29949,7.29754,7.29901,6206.0,7.2985,6206
2024-06-27 12:00:00,7.29897,7.29947,7.2936,7.29782,11191.0,7.2973,11191
2024-06-27 13:00:00,7.29784,7.29941,7.29725,7.2989,11323.0,7.2983,11323
2024-06-27 14:00:00,7.29898,7.30188,7.29785,7.30092,11167.0,7.3001,11167
2024-06-27 15:00:00,7.3009,7.30186,7.2997,7.30112,9121.0,7.3012,9121
2024-06-27 16:00:00,7.30117,7.30304,7.3001,7.30278,6847.0,7.3015,6847
2024-06-27 17:00:00,7.3028,7.30299,7.3008,7.3024,5599.0,7.3019,5599
2024-06-27 18:00:00,7.30238,7.30294,7.2895,7.30223,5772.0,7.3024,5772
2024-06-27 19:00:00,7.30231,7.30343,7.3017,7.30314,4163.0,7.3028,4163
2024-06-27 20:00:00,7.30312,7.30406,7.302,7.30207,1777.0,7.3031,1777
2024-06-27 21:00:00,7.30207,7.30365,7.29855,7.30344,4530.0,7.3002,4530
2024-06-27 22:00:00,7.30272,7.30359,7.3008,7.30253,1522.0,7.3027,1522
2024-06-27 23:00:00,7.30228,7.30411,7.30074,7.30362,3801.0,7.303,3801
2024-06-28 00:00:00,7.30376,7.30595,7.30161,7.3057,6286.0,7.3039,6286
2024-06-28 01:00:00,7.30577,7.30653,7.29646,7.29833,13400.0,7.3018,13400
2024-06-28 02:00:00,7.29829,7.29907,7.295,7.29742,10755.0,7.2976,10755
2024-06-28 03:00:00,7.2974,7.29962,7.29729,7.29926,6370.0,7.2987,6370
2024-06-28 04:00:00,7.29924,7.30033,7.2959,7.29603,5355.0,7.2988,5355
2024-06-28 05:00:00,7.29616,7.29892,7.296,7.29834,6441.0,7.2976,6441
2024-06-28 06:00:00,7.29832,7.29853,7.292,7.29587,8306.0,7.2964,8306
2024-06-28 07:00:00,7.29595,7.30027,7.2958,7.29887,8943.0,7.2982,8943
2024-06-28 08:00:00,7.29885,7.30007,7.2976,7.29836,7641.0,7.2987,7641
2024-06-28 09:00:00,7.29838,7.29896,7.29038,7.29216,9592.0,7.2934,9592
2024-06-28 10:00:00,7.29218,7.29343,7.29016,7.29203,7077.0,7.2919,7077
2024-06-28 11:00:00,7.29209,7.29383,7.2915,7.29335,5795.0,7.2928,5795
2024-06-28 12:00:00,7.29333,7.29485,7.29012,7.29429,11076.0,7.2932,11076
2024-06-28 13:00:00,7.29427,7.29721,7.29199,7.2963,12057.0,7.2945,12057
2024-06-28 14:00:00,7.29628,7.30156,7.29467,7.30106,13614.0,7.299,13614
2024-06-28 15:00:00,7.30101,7.30123,7.2978,7.29886,10041.0,7.2991,10041
2024-06-28 16:00:00,7.29877,7.29973,7.298,7.29874,7160.0,7.2991,7160
2024-06-28 17:00:00,7.29875,7.29997,7.2979,7.29891,5331.0,7.2989,5331
2024-06-28 18:00:00,7.29889,7.29907,7.2971,7.29819,6018.0,7.2981,6018
2024-06-28 19:00:00,7.29829,7.30035,7.298,7.29998,6732.0,7.2991,6732
2024-06-28 20:00:00,7.30009,7.30181,7.27196,7.27196,4098.0,7.3005,4098
2024-06-30 21:00:00,7.2907,7.29144,7.2907,7.29144,8.0,7.2911,8
2024-06-30 22:00:00,7.29024,7.2945,7.29024,7.29445,27.0,7.2923,27
2024-06-30 23:00:00,7.29475,7.29947,7.29431,7.29904,1379.0,7.2967,1379
2024-07-01 00:00:00,7.29891,7.30083,7.2972,7.29943,6988.0,7.2989,6988
2024-07-01 01:00:00,7.2994,7.30019,7.296,7.29832,7756.0,7.2985,7756
2024-07-01 02:00:00,7.2983,7.30004,7.29802,7.29958,5424.0,7.2991,5424
2024-07-01 03:00:00,7.29957,7.30186,7.29904,7.30085,4273.0,7.3006,4273
2024-07-01 04:00:00,7.30075,7.30326,7.30001,7.30322,4212.0,7.3021,4212
2024-07-01 05:00:00,7.3032,7.30382,7.30034,7.30266,5935.0,7.3023,5935
2024-07-01 06:00:00,7.3027,7.30298,7.29627,7.29857,9338.0,7.2993,9338
2024-07-01 07:00:00,7.29853,7.29959,7.2963,7.29723,9222.0,7.2982,9222
2024-07-01 08:00:00,7.29745,7.29917,7.29722,7.29898,7229.0,7.2985,7229
2024-07-01 09:00:00,7.29907,7.29939,7.29719,7.29756,6084.0,7.2982,6084
2024-07-01 10:00:00,7.29754,7.29834,7.2965,7.2983,6004.0,7.2976,6004
2024-07-01 11:00:00,7.29829,7.30006,7.2974,7.29951,5901.0,7.2993,5901
2024-07-01 12:00:00,7.29953,7.3031,7.2992,7.30238,8390.0,7.3015,8390
2024-07-01 13:00:00,7.30236,7.30249,7.2996,7.3021,9729.0,7.3014,9729
2024-07-01 14:00:00,7.30179,7.30508,7.29847,7.30451,13770.0,7.3028,13770
2024-07-01 15:00:00,7.30447,7.30575,7.3018,7.30314,6596.0,7.3047,6596
2024-07-01 16:00:00,7.30312,7.30414,7.3014,7.30391,1999.0,7.3028,1999
2024-07-01 17:00:00,7.30389,7.30512,7.3023,7.30492,2039.0,7.3045,2039
2024-07-01 18:00:00,7.30487,7.30571,7.3042,7.30513,2127.0,7.3051,2127
2024-07-01 19:00:00,7.30508,7.30551,7.3041,7.30519,2252.0,7.305,2252
2024-07-01 20:00:00,7.30528,7.30596,7.30372,7.30507,1409.0,7.3054,1409
2024-07-01 21:00:00,7.30507,7.30523,7.29302,7.29352,1019.0,7.3012,1019
2024-07-01 22:00:00,7.30157,7.30514,7.29975,7.30339,2133.0,7.303,2133
2024-07-01 23:00:00,7.30341,7.30616,7.30305,7.30505,3272.0,7.3046,3272
2024-07-02 00:00:00,7.30459,7.30621,7.30276,7.30406,6015.0,7.3047,6015
2024-07-02 01:00:00,7.30413,7.30795,7.3024,7.30384,8923.0,7.3044,8923
2024-07-02 02:00:00,7.3039,7.30589,7.3038,7.30545,7068.0,7.305,7068
2024-07-02 03:00:00,7.30543,7.30592,7.3038,7.30518,4757.0,7.3051,4757
2024-07-02 04:00:00,7.30518,7.3073,7.3045,7.30702,4048.0,7.3062,4048
2024-07-02 05:00:00,7.30697,7.30905,7.3062,7.30838,5981.0,7.3076,5981
2024-07-02 06:00:00,7.30836,7.30845,7.30553,7.30633,8181.0,7.3072,8181
2024-07-02 07:00:00,7.30633,7.30866,7.3052,7.30584,9763.0,7.3071,9763
2024-07-02 08:00:00,7.30582,7.30795,7.30501,7.30643,7397.0,7.3065,7397
2024-07-02 09:00:00,7.30643,7.30879,7.3051,7.30863,6224.0,7.3072,6224
2024-07-02 10:00:00,7.30859,7.309,7.3069,7.30789,4960.0,7.308,4960
2024-07-02 11:00:00,7.30797,7.30925,7.30771,7.30794,4765.0,7.3084,4765
2024-07-02 12:00:00,7.30799,7.30801,7.3058,7.30672,7621.0,7.307,7621
2024-07-02 13:00:00,7.30665,7.30675,7.30364,7.30392,11469.0,7.3055,11469
2024-07-02 14:00:00,7.30394,7.30871,7.30382,7.30619,13235.0,7.3067,13235
2024-07-02 15:00:00,7.30619,7.30844,7.3056,7.30796,8530.0,7.3071,8530
2024-07-02 16:00:00,7.30798,7.30904,7.3072,7.30886,5195.0,7.3085,5195
2024-07-02 17:00:00,7.30886,7.30906,7.3069,7.30805,3788.0,7.3083,3788
2024-07-02 18:00:00,7.30806,7.30837,7.3065,7.3071,4006.0,7.3074,4006
2024-07-02 19:00:00,7.30707,7.30741,7.3058,7.30655,3728.0,7.3069,3728
2024-07-02 20:00:00,7.3066,7.30755,7.3054,7.306,2750.0,7.3064,2750
2024-07-02 21:00:00,7.306,7.30762,7.29569,7.29579,887.0,7.3032,887
2024-07-02 22:00:00,7.30326,7.3073,7.30288,7.30508,1389.0,7.3054,1389
2024-07-02 23:00:00,7.30504,7.30786,7.30504,7.30743,2476.0,7.3067,2476
2024-07-03 00:00:00,7.30741,7.30931,7.3068,7.3078,4965.0,7.3079,4965
2024-07-03 01:00:00,7.30779,7.30971,7.30492,7.30761,6848.0,7.3077,6848
2024-07-03 02:00:00,7.30779,7.31139,7.307,7.30992,6538.0,7.3092,6538
2024-07-03 03:00:00,7.3099,7.31048,7.3085,7.30923,4115.0,7.3097,4115
2024-07-03 04:00:00,7.3093,7.30946,7.3079,7.30933,2889.0,7.3087,2889
2024-07-03 05:00:00,7.30935,7.31077,7.30902,7.31028,4805.0,7.31,4805
2024-07-03 06:00:00,7.31029,7.31062,7.30605,7.30789,8800.0,7.3082,8800
2024-07-03 07:00:00,7.30779,7.30861,7.306,7.30761,9562.0,7.3075,9562
2024-07-03 08:00:00,7.30759,7.30874,7.3067,7.30854,1976.0,7.3082,1976
2024-07-03 11:00:00,7.30549,7.30653,7.3046,7.30637,3621.0,7.3059,3621
2024-07-03 12:00:00,7.30636,7.30704,7.3008,7.30233,9494.0,7.304,9494
2024-07-03 13:00:00,7.30245,7.30249,7.2978,7.30019,10943.0,7.3,10943
2024-07-03 14:00:00,7.29985,7.30037,7.29168,7.29711,15568.0,7.2958,15568
2024-07-03 15:00:00,7.29711,7.30142,7.29694,7.29987,11376.0,7.2994,11376
2024-07-03 16:00:00,7.29987,7.3055,7.29879,7.30162,7182.0,7.3007,7182
2024-07-03 17:00:00,7.30173,7.30342,7.3009,7.30272,4822.0,7.3022,4822
2024-07-03 18:00:00,7.30274,7.30443,7.3021,7.30388,4757.0,7.3034,4757
2024-07-03 19:00:00,7.3039,7.30581,7.3023,7.30308,5356.0,7.3046,5356
2024-07-03 20:00:00,7.3031,7.30328,7.3006,7.30309,7139.0,7.3026,7139
2024-07-03 21:00:00,7.30309,7.30363,7.3009,7.30313,1940.0,7.3026,1940
2024-07-03 22:00:00,7.30296,7.30467,7.30086,7.30458,2263.0,7.3022,2263
2024-07-03 23:00:00,7.30363,7.30482,7.30085,7.30218,4388.0,7.3017,4388
2024-07-04 00:00:00,7.30276,7.30326,7.29949,7.30065,5495.0,7.3016,5495
2024-07-04 01:00:00,7.30067,7.30219,7.295,7.29765,9071.0,7.2996,9071
2024-07-04 02:00:00,7.29767,7.29956,7.2964,7.29821,5997.0,7.2981,5997
2024-07-04 03:00:00,7.29821,7.30032,7.29764,7.29934,4407.0,7.2989,4407
2024-07-04 04:00:00,7.29937,7.30335,7.29901,7.30106,3869.0,7.3013,3869
2024-07-04 05:00:00,7.30108,7.30351,7.2996,7.30066,4821.0,7.302,4821
2024-07-04 06:00:00,7.30064,7.30222,7.29878,7.2989,7960.0,7.3011,7960
2024-07-04 07:00:00,7.29892,7.30062,7.29557,7.29726,8017.0,7.2989,8017
2024-07-04 08:00:00,7.29718,7.29738,7.29431,7.29459,8443.0,7.2958,8443
2024-07-04 09:00:00,7.29459,7.29604,7.2933,7.29498,6295.0,7.2948,6295
2024-07-04 10:00:00,7.29496,7.29664,7.2942,7.29574,4508.0,7.2958,4508
2024-07-04 11:00:00,7.29576,7.29578,7.2938,7.2951,4271.0,7.2951,4271
2024-07-04 12:00:00,7.2949,7.29871,7.294,7.29774,5710.0,7.296,5710
2024-07-04 13:00:00,7.29778,7.29788,7.2955,7.29588,6983.0,7.2967,6983
2024-07-04 14:00:00,7.2959,7.29698,7.29382,7.29485,6401.0,7.2954,6401
2024-07-04 15:00:00,7.29484,7.29507,7.29261,7.29389,5187.0,7.2936,5187
2024-07-04 16:00:00,7.29383,7.29417,7.2921,7.2931,3002.0,7.2933,3002
2024-07-04 17:00:00,7.29289,7.29325,7.2921,7.29311,1279.0,7.293,1279
2024-07-04 18:00:00,7.29292,7.29322,7.2918,7.29225,1200.0,7.2928,1200
2024-07-04 19:00:00,7.29242,7.2927,7.2908,7.29182,1451.0,7.292,1451
2024-07-04 20:00:00,7.29184,7.29439,7.29036,7.29197,2249.0,7.2919,2249
2024-07-04 21:00:00,7.29197,7.29466,7.28655,7.28681,1388.0,7.2914,1388
2024-07-04 22:00:00,7.29195,7.29419,7.28685,7.29321,1346.0,7.2924,1346
2024-07-04 23:00:00,7.29214,7.29526,7.29145,7.29343,4649.0,7.2931,4649
2024-07-05 00:00:00,7.29363,7.29381,7.29031,7.29168,6271.0,7.292,6271
2024-07-05 01:00:00,7.2917,7.29305,7.287,7.29199,8766.0,7.2911,8766
2024-07-05 02:00:00,7.29202,7.29265,7.2898,7.29174,5810.0,7.2916,5810
2024-07-05 03:00:00,7.29171,7.2922,7.28558,7.2873,7871.0,7.2886,7871
2024-07-05 04:00:00,7.2872,7.28797,7.28461,7.28625,4800.0,7.2869,4800
2024-07-05 05:00:00,7.28638,7.28798,7.2837,7.28458,5557.0,7.2866,5557
2024-07-05 06:00:00,7.2846,7.28833,7.28331,7.28791,8096.0,7.2863,8096
2024-07-05 07:00:00,7.28796,7.28883,7.28543,7.28583,7335.0,7.2877,7335
2024-07-05 08:00:00,7.28585,7.28822,7.28568,7.28796,6944.0,7.2869,6944
2024-07-05 09:00:00,7.28796,7.28829,7.2837,7.2837,5843.0,7.2863,5843
2024-07-05 10:00:00,7.28445,7.28536,7.281,7.28301,6370.0,7.283,6370
2024-07-05 11:00:00,7.28312,7.28548,7.2826,7.28534,6002.0,7.2846,6002
2024-07-05 12:00:00,7.28532,7.29132,7.27838,7.28967,12792.0,7.2864,12792
2024-07-05 13:00:00,7.28963,7.29506,7.28737,7.29431,14990.0,7.2912,14990
2024-07-05 14:00:00,7.29433,7.29564,7.289,7.29104,13938.0,7.2928,13938
2024-07-05 15:00:00,7.29108,7.29215,7.28683,7.28798,11316.0,7.2894,11316
2024-07-05 16:00:00,7.28792,7.2929,7.28769,7.29199,7510.0,7.2903,7510
2024-07-05 17:00:00,7.29199,7.3045,7.2911,7.29249,5188.0,7.2924,5188
2024-07-05 18:00:00,7.29247,7.29263,7.2886,7.2895,5226.0,7.2904,5226
2024-07-05 19:00:00,7.28948,7.29126,7.2882,7.28998,5687.0,7.29,5687
2024-07-05 20:00:00,7.29,7.2906,7.26181,7.27512,4413.0,7.2876,4413
2024-07-07 21:00:00,7.2837,7.2863,7.27971,7.28494,10.0,7.2842,10
2024-07-07 22:00:00,7.28395,7.2893,7.28395,7.2893,43.0,7.2884,43
2024-07-07 23:00:00,7.29023,7.29153,7.28905,7.29019,1669.0,7.2904,1669
2024-07-08 00:00:00,7.29032,7.29262,7.28911,7.2916,5574.0,7.2913,5574
2024-07-08 01:00:00,7.29158,7.2935,7.28854,7.28984,9399.0,7.2904,9399
2024-07-08 02:00:00,7.28982,7.29141,7.28436,7.28519,9520.0,7.2884,9520
2024-07-08 03:00:00,7.28515,7.28848,7.28406,7.28782,7270.0,7.2862,7270
2024-07-08 04:00:00,7.28781,7.28904,7.28621,7.28686,4095.0,7.2878,4095
2024-07-08 05:00:00,7.28667,7.28889,7.28613,7.28838,5559.0,7.2874,5559
2024-07-08 06:00:00,7.28832,7.28957,7.2865,7.28825,8758.0,7.2882,8758
2024-07-08 07:00:00,7.2882,7.28902,7.2866,7.28768,8154.0,7.2879,8154
2024-07-08 08:00:00,7.28767,7.28978,7.2873,7.2891,7682.0,7.2881,7682
2024-07-08 09:00:00,7.28904,7.28995,7.287,7.28834,6294.0,7.2888,6294
2024-07-08 10:00:00,7.28829,7.28979,7.2866,7.28901,5001.0,7.2884,5001
2024-07-08 11:00:00,7.289,7.29009,7.2882,7.28985,4587.0,7.2895,4587
2024-07-08 12:00:00,7.28983,7.29005,7.28692,7.28709,7375.0,7.2885,7375
2024-07-08 13:00:00,7.28711,7.28785,7.2861,7.2873,9529.0,7.2871,9529
2024-07-08 14:00:00,7.28732,7.28797,7.2859,7.28699,8823.0,7.2872,8823
2024-07-08 15:00:00,7.28675,7.28701,7.285,7.28665,7119.0,7.2861,7119
2024-07-08 16:00:00,7.28665,7.2924,7.2843,7.28539,5477.0,7.2856,5477
2024-07-08 17:00:00,7.28537,7.28561,7.2841,7.28501,3726.0,7.2852,3726
2024-07-08 18:00:00,7.28493,7.28588,7.2844,7.28542,3934.0,7.2854,3934
2024-07-08 19:00:00,7.2854,7.28679,7.2846,7.28669,4197.0,7.2858,4197
2024-07-08 20:00:00,7.28656,7.28685,7.28224,7.28225,2045.0,7.2863,2045
2024-07-08 21:00:00,7.28225,7.28663,7.27336,7.28248,452.0,7.2829,452
2024-07-08 22:00:00,7.28457,7.28618,7.2839,7.2859,1007.0,7.2851,1007
2024-07-08 23:00:00,7.28474,7.28646,7.28425,7.28568,3715.0,7.2853,3715
2024-07-09 00:00:00,7.28576,7.28857,7.28446,7.28808,4976.0,7.2871,4976
2024-07-09 01:00:00,7.28808,7.29312,7.2865,7.29105,8668.0,7.2902,8668
2024-07-09 02:00:00,7.29115,7.29272,7.29,7.2917,6711.0,7.2917,6711
2024-07-09 03:00:00,7.29173,7.29206,7.2888,7.28965,5759.0,7.2904,5759
2024-07-09 04:00:00,7.28964,7.29054,7.2883,7.29035,4200.0,7.2897,4200
2024-07-09 05:00:00,7.29038,7.29156,7.2892,7.28977,5586.0,7.2901,5586
2024-07-09 06:00:00,7.28981,7.28999,7.2862,7.28719,7716.0,7.2885,7716
2024-07-09 07:00:00,7.28719,7.28953,7.2864,7.28837,8014.0,7.2882,8014
2024-07-09 08:00:00,7.28837,7.29135,7.28789,7.29056,6606.0,7.2899,6606
2024-07-09 09:00:00,7.29061,7.29077,7.28885,7.28941,1641.0,7.2899,1641
2024-07-09 10:00:00,7.28943,7.28956,7.2879,7.28943,4922.0,7.289,4922
2024-07-09 11:00:00,7.28953,7.29083,7.2888,7.29069,5399.0,7.2899,5399
2024-07-09 12:00:00,7.29067,7.29185,7.2899,7.29089,6911.0,7.291,6911
2024-07-09 13:00:00,7.29087,7.29126,7.2884,7.28846,10055.0,7.29,10055
2024-07-09 14:00:00,7.28868,7.29289,7.28764,7.29246,13623.0,7.2908,13623
2024-07-09 15:00:00,7.29248,7.29326,7.2885,7.28954,10958.0,7.2917,10958
2024-07-09 16:00:00,7.28954,7.29046,7.2886,7.28978,7984.0,7.2896,7984
2024-07-09 17:00:00,7.28972,7.28988,7.2875,7.28838,6667.0,7.2891,6667
2024-07-09 18:00:00,7.28837,7.28914,7.2871,7.2877,6282.0,7.2883,6282
2024-07-09 19:00:00,7.28768,7.28908,7.2872,7.28867,5265.0,7.2883,5265
2024-07-09 20:00:00,7.28879,7.28916,7.27987,7.28602,4110.0,7.2883,4110
2024-07-09 21:00:00,7.28602,7.28861,7.28307,7.28774,1073.0,7.2866,1073
2024-07-09 22:00:00,7.28677,7.28911,7.28649,7.28857,1258.0,7.2876,1258
2024-07-09 23:00:00,7.28822,7.29017,7.28745,7.28972,4402.0,7.2888,4402
2024-07-10 00:00:00,7.28986,7.29106,7.2889,7.29084,4634.0,7.2902,4634
2024-07-10 01:00:00,7.29086,7.29351,7.2892,7.29145,8061.0,7.2917,8061
2024-07-10 02:00:00,7.29153,7.29223,7.2897,7.29149,7610.0,7.291,7610
2024-07-10 03:00:00,7.2915,7.29165,7.29,7.29119,4521.0,7.291,4521
2024-07-10 04:00:00,7.29111,7.29125,7.2896,7.29077,3365.0,7.2909,3365
2024-07-10 05:00:00,7.29083,7.29347,7.2899,7.29306,5188.0,7.292,5188
2024-07-10 06:00:00,7.29293,7.29352,7.29134,7.29299,6918.0,7.2926,6918
2024-07-10 07:00:00,7.29303,7.29315,7.291,7.29275,7289.0,7.2921,7289
2024-07-10 08:00:00,7.29271,7.29312,7.2917,7.29249,6191.0,7.2927,6191
2024-07-10 09:00:00,7.29269,7.29282,7.2909,7.29231,4586.0,7.2921,4586
2024-07-10 10:00:00,7.29229,7.29297,7.2915,7.29221,4144.0,7.2924,4144
2024-07-10 11:00:00,7.29221,7.29243,7.29,7.29137,4614.0,7.2913,4614
2024-07-10 12:00:00,7.29132,7.29211,7.2906,7.29113,5848.0,7.2916,5848
2024-07-10 13:00:00,7.29116,7.29318,7.28974,7.29165,9156.0,7.292,9156
2024-07-10 14:00:00,7.29163,7.29282,7.289,7.29221,9349.0,7.2909,9349
2024-07-10 15:00:00,7.29218,7.29225,7.2885,7.29098,7694.0,7.2903,7694
2024-07-10 16:00:00,7.29108,7.2927,7.2901,7.29177,5967.0,7.2915,5967
2024-07-10 17:00:00,7.29169,7.29272,7.29059,7.29213,5389.0,7.2919,5389
2024-07-10 18:00:00,7.29215,7.29304,7.2916,7.29202,4262.0,7.2925,4262
2024-07-10 19:00:00,7.29204,7.29218,7.2906,7.29172,4632.0,7.2917,4632
2024-07-10 20:00:00,7.29174,7.29255,7.28457,7.29076,1532.0,7.2919,1532
2024-07-10 21:00:00,7.29076,7.29246,7.2692,7.29109,793.0,7.2895,793
2024-07-10 22:00:00,7.29108,7.2919,7.28403,7.29067,2150.0,7.2908,2150
2024-07-10 23:00:00,7.29069,7.29164,7.28937,7.29058,3692.0,7.2905,3692
2024-07-11 00:00:00,7.29079,7.29088,7.2888,7.28967,5085.0,7.2899,5085
2024-07-11 01:00:00,7.28969,7.29074,7.28641,7.28807,6927.0,7.2888,6927
2024-07-11 02:00:00,7.28806,7.28854,7.28336,7.28654,7623.0,7.2863,7623
2024-07-11 03:00:00,7.2865,7.28703,7.2851,7.28612,5720.0,7.286,5720
2024-07-11 04:00:00,7.28613,7.28729,7.28584,7.28697,3031.0,7.2868,3031
2024-07-11 05:00:00,7.28703,7.28707,7.28402,7.28658,4696.0,7.2859,4696
2024-07-11 06:00:00,7.28656,7.28757,7.285,7.28627,6915.0,7.2866,6915
2024-07-11 07:00:00,7.28619,7.28741,7.28584,7.28629,6696.0,7.2867,6696
2024-07-11 08:00:00,7.28619,7.28713,7.28169,7.28178,7321.0,7.2854,7321
2024-07-11 09:00:00,7.28171,7.28221,7.2775,7.2785,8731.0,7.2803,8731
2024-07-11 10:00:00,7.27852,7.2801,7.2778,7.27918,5942.0,7.2789,5942
2024-07-11 11:00:00,7.27921,7.27941,7.27603,7.27686,5165.0,7.2774,5165
2024-07-11 12:00:00,7.27688,7.28054,7.26141,7.26631,14635.0,7.2704,14635
2024-07-11 13:00:00,7.26628,7.26758,7.25762,7.26521,19291.0,7.2642,19291
2024-07-11 14:00:00,7.26529,7.27258,7.2603,7.2665,16202.0,7.2666,16202
2024-07-11 15:00:00,7.26653,7.26893,7.2618,7.26356,13704.0,7.266,13704
2024-07-11 16:00:00,7.26342,7.26771,7.26258,7.26716,9477.0,7.2656,9477
2024-07-11 17:00:00,7.26708,7.26839,7.26635,7.2674,8279.0,7.2672,8279
2024-07-11 18:00:00,7.26756,7.2921,7.2663,7.2678,6579.0,7.2674,6579
2024-07-11 19:00:00,7.26782,7.26835,7.2654,7.26708,6111.0,7.2673,6111
2024-07-11 20:00:00,7.2671,7.2683,7.26599,7.2661,2575.0,7.2674,2575
2024-07-11 21:00:00,7.2661,7.2717,7.26495,7.26505,1002.0,7.267,1002
2024-07-11 22:00:00,7.26796,7.26815,7.26229,7.26594,3893.0,7.2659,3893
2024-07-11 23:00:00,7.26596,7.2673,7.26113,7.2623,8550.0,7.2644,8550
2024-07-12 00:00:00,7.26237,7.26881,7.26094,7.26855,10307.0,7.2664,10307
2024-07-12 01:00:00,7.26858,7.27446,7.26673,7.2729,10901.0,7.2708,10901
2024-07-12 02:00:00,7.27288,7.27811,7.27275,7.27723,9227.0,7.276,9227
2024-07-12 03:00:00,7.27712,7.27777,7.2747,7.27608,5534.0,7.2763,5534
2024-07-12 04:00:00,7.27608,7.27666,7.2748,7.27562,4412.0,7.2759,4412
2024-07-12 05:00:00,7.27564,7.27612,7.27339,7.27453,7038.0,7.275,7038
2024-07-12 06:00:00,7.27464,7.27811,7.27426,7.27788,9140.0,7.2763,9140
2024-07-12 07:00:00,7.2779,7.27867,7.2748,7.27502,7933.0,7.2773,7933
2024-07-12 08:00:00,7.27498,7.27634,7.26891,7.27104,9845.0,7.273,9845
2024-07-12 09:00:00,7.27103,7.27331,7.27038,7.27215,7964.0,7.2718,7964
2024-07-12 10:00:00,7.27214,7.2725,7.2698,7.26996,5227.0,7.2711,5227
2024-07-12 11:00:00,7.26996,7.27125,7.2684,7.27088,5697.0,7.27,5697
2024-07-12 12:00:00,7.2709,7.27507,7.24858,7.27174,13364.0,7.2715,13364
2024-07-12 13:00:00,7.27162,7.27182,7.2653,7.26966,15900.0,7.2691,15900
2024-07-12 14:00:00,7.26958,7.27065,7.26678,7.26886,14238.0,7.2684,14238
2024-07-12 15:00:00,7.26884,7.26905,7.2657,7.26678,9714.0,7.2677,9714
2024-07-12 16:00:00,7.2668,7.27147,7.266,7.27126,7168.0,7.2687,7168
2024-07-12 17:00:00,7.27128,7.27355,7.2665,7.27281,5300.0,7.2723,5300
2024-07-12 18:00:00,7.27285,7.27296,7.2709,7.27239,4171.0,7.2722,4171
2024-07-12 19:00:00,7.27241,7.27316,7.27111,7.27262,4594.0,7.2721,4594
2024-07-12 20:00:00,7.27268,7.27288,7.22547,7.22741,2544.0,7.2713,2544
2024-07-14 21:00:00,7.27582,7.27658,7.27445,7.2752,51.0,7.2759,51
2024-07-14 22:00:00,7.27632,7.27961,7.2752,7.2783,29.0,7.2763,29
2024-07-14 23:00:00,7.2789,7.28477,7.27816,7.28445,1213.0,7.2819,1213
2024-07-15 00:00:00,7.28432,7.28626,7.28004,7.2813,6361.0,7.2828,6361
2024-07-15 01:00:00,7.28121,7.28846,7.27584,7.27645,9872.0,7.2804,9872
2024-07-15 02:00:00,7.27641,7.28015,7.27251,7.27436,9318.0,7.2761,9318
2024-07-15 03:00:00,7.27425,7.27521,7.27312,7.27494,5955.0,7.2742,5955
2024-07-15 04:00:00,7.27496,7.27596,7.27453,7.27518,3382.0,7.2752,3382
2024-07-15 05:00:00,7.27512,7.27566,7.2732,7.27444,5745.0,7.2744,5745
2024-07-15 06:00:00,7.2744,7.27814,7.27383,7.27696,9341.0,7.2764,9341
2024-07-15 07:00:00,7.27696,7.27739,7.27479,7.27627,9435.0,7.2759,9435
2024-07-15 08:00:00,7.27623,7.27633,7.27091,7.2717,8452.0,7.2743,8452
2024-07-15 09:00:00,7.27168,7.27543,7.27066,7.27437,8123.0,7.2738,8123
2024-07-15 10:00:00,7.27435,7.27504,7.2699,7.27081,7697.0,7.2727,7697
2024-07-15 11:00:00,7.27068,7.27332,7.26851,7.27209,7519.0,7.271,7519
2024-07-15 12:00:00,7.27211,7.27536,7.2712,7.27334,8502.0,7.2735,8502
2024-07-15 13:00:00,7.2733,7.27349,7.2695,7.27067,10774.0,7.2718,10774
2024-07-15 14:00:00,7.27061,7.2723,7.2699,7.27128,10265.0,7.2711,10265
2024-07-15 15:00:00,7.27125,7.27176,7.26919,7.27148,9504.0,7.2707,9504
2024-07-15 16:00:00,7.2715,7.27422,7.26779,7.2734,9837.0,7.2726,9837
2024-07-15 17:00:00,7.27338,7.27601,7.2592,7.2746,9441.0,7.2746,9441
2024-07-15 18:00:00,7.27456,7.27482,7.27235,7.27447,6478.0,7.274,6478
2024-07-15 19:00:00,7.27449,7.27625,7.2738,7.27482,6199.0,7.2752,6199
2024-07-15 20:00:00,7.27484,7.27551,7.26638,7.26872,2845.0,7.2742,2845
2024-07-15 21:00:00,7.26872,7.27531,7.2676,7.26938,1299.0,7.2731,1299
2024-07-15 22:00:00,7.26936,7.27452,7.26936,7.2737,2865.0,7.2729,2865
2024-07-15 23:00:00,7.27285,7.27436,7.27109,7.27355,3770.0,7.273,3770
2024-07-16 00:00:00,7.27372,7.27581,7.27347,7.27529,6004.0,7.2746,6004
2024-07-16 01:00:00,7.27527,7.27831,7.27336,7.27602,9066.0,7.2763,9066
2024-07-16 02:00:00,7.27604,7.27835,7.275,7.2773,6871.0,7.2771,6871
2024-07-16 03:00:00,7.2773,7.27765,7.2753,7.27743,5127.0,7.2766,5127
2024-07-16 04:00:00,7.27757,7.27911,7.277,7.27887,4317.0,7.2783,4317
2024-07-16 05:00:00,7.27891,7.28106,7.2782,7.28002,6568.0,7.2796,6568
2024-07-16 06:00:00,7.28006,7.28028,7.2776,7.27924,7803.0,7.279,7803
2024-07-16 07:00:00,7.2792,7.28095,7.27874,7.28063,7954.0,7.2802,7954
2024-07-16 08:00:00,7.28065,7.28391,7.28053,7.2836,8096.0,7.2824,8096
2024-07-16 09:00:00,7.28379,7.28537,7.28251,7.28475,7741.0,7.284,7741
2024-07-16 10:00:00,7.28465,7.28538,7.2832,7.28507,5838.0,7.2844,5838
2024-07-16 11:00:00,7.28505,7.28624,7.28147,7.28197,6780.0,7.2845,6780
2024-07-16 12:00:00,7.28197,7.29071,7.28187,7.2888,12232.0,7.2865,12232
2024-07-16 13:00:00,7.28882,7.29133,7.28737,7.28977,13423.0,7.2896,13423
2024-07-16 14:00:00,7.28977,7.29238,7.2889,7.29118,11101.0,7.2913,11101
2024-07-16 15:00:00,7.29105,7.29256,7.28969,7.29178,9990.0,7.2911,9990
2024-07-16 16:00:00,7.29186,7.29198,7.2897,7.28985,7318.0,7.2907,7318
2024-07-16 17:00:00,7.28984,7.29,7.2875,7.28879,5975.0,7.2889,5975
2024-07-16 18:00:00,7.28877,7.28949,7.2877,7.28842,5487.0,7.2887,5487
2024-07-16 19:00:00,7.28844,7.28879,7.2873,7.28763,6025.0,7.2882,6025
2024-07-16 20:00:00,7.2877,7.28966,7.2849,7.28523,3750.0,7.2881,3750
2024-07-16 21:00:00,7.28523,7.28978,7.26271,7.28838,1196.0,7.2857,1196
2024-07-16 22:00:00,7.28735,7.28954,7.28599,7.28721,3478.0,7.2874,3478
2024-07-16 23:00:00,7.28731,7.29011,7.28702,7.28787,1792.0,7.2883,1792
2024-07-17 04:00:00,7.286,7.28691,7.2849,7.28635,3460.0,7.2862,3460
2024-07-17 05:00:00,7.28635,7.28684,7.28251,7.28431,7115.0,7.2851,7115
2024-07-17 06:00:00,7.28433,7.28527,7.28317,7.28347,10046.0,7.2844,10046
2024-07-17 07:00:00,7.2835,7.28461,7.27234,7.2779,13515.0,7.28,13515
2024-07-17 08:00:00,7.27792,7.27792,7.26271,7.26488,15825.0,7.2726,15825
2024-07-17 09:00:00,7.26486,7.26792,7.25996,7.2643,14941.0,7.2643,14941
2024-07-17 10:00:00,7.26434,7.27195,7.2634,7.27187,10858.0,7.2668,10858
2024-07-17 11:00:00,7.27185,7.27189,7.2676,7.27036,9927.0,7.2696,9927
2024-07-17 12:00:00,7.27029,7.27216,7.26834,7.2705,10337.0,7.2704,10337
2024-07-17 13:00:00,7.27054,7.27545,7.27054,7.27287,14261.0,7.2731,14261
2024-07-17 14:00:00,7.27285,7.27642,7.27276,7.27536,13286.0,7.2747,13286
2024-07-17 15:00:00,7.27538,7.27676,7.2739,7.27527,10742.0,7.2756,10742
2024-07-17 16:00:00,7.27522,7.27725,7.2592,7.27471,8589.0,7.2761,8589
2024-07-17 17:00:00,7.27469,7.2754,7.2721,7.27529,7431.0,7.2742,7431
2024-07-17 18:00:00,7.2752,7.27587,7.27187,7.27218,6590.0,7.2733,6590
2024-07-17 19:00:00,7.27222,7.27238,7.2708,7.27186,6331.0,7.2717,6331
2024-07-17 20:00:00,7.2717,7.27252,7.2702,7.27214,2443.0,7.2715,2443
2024-07-17 21:00:00,7.27214,7.27217,7.27002,7.2717,1058.0,7.2713,1058
2024-07-17 22:00:00,7.27126,7.27202,7.26737,7.26799,3244.0,7.2696,3244
2024-07-17 23:00:00,7.26902,7.26942,7.26528,7.26682,7253.0,7.2673,7253
2024-07-18 00:00:00,7.26754,7.26931,7.26476,7.26891,9705.0,7.2668,9705
2024-07-18 01:00:00,7.26893,7.27372,7.2666,7.27243,11125.0,7.2707,11125
2024-07-18 02:00:00,7.27243,7.27485,7.27225,7.27379,7783.0,7.2736,7783
2024-07-18 03:00:00,7.27376,7.27389,7.26913,7.2713,7074.0,7.2718,7074
2024-07-18 04:00:00,7.27134,7.27295,7.271,7.27274,5442.0,7.2722,5442
2024-07-18 05:00:00,7.2727,7.27325,7.26735,7.26845,8437.0,7.2705,8437
2024-07-18 06:00:00,7.26847,7.27167,7.2653,7.26606,10815.0,7.2695,10815
2024-07-18 07:00:00,7.26612,7.26935,7.26029,7.26851,13403.0,7.2652,13403
2024-07-18 08:00:00,7.26848,7.2749,7.26604,7.27176,11987.0,7.2702,11987
2024-07-18 09:00:00,7.27175,7.27288,7.26932,7.27254,7460.0,7.2713,7460
2024-07-18 10:00:00,7.27254,7.27412,7.2694,7.27035,6392.0,7.2722,6392
2024-07-18 11:00:00,7.27036,7.27082,7.2661,7.26707,7558.0,7.2675,7558
2024-07-18 12:00:00,7.26709,7.27053,7.26641,7.26949,11215.0,7.2684,11215
2024-07-18 13:00:00,7.26947,7.27421,7.2685,7.27202,14564.0,7.2714,14564
2024-07-18 14:00:00,7.272,7.27257,7.2692,7.27036,12562.0,7.2713,12562
2024-07-18 15:00:00,7.27036,7.27382,7.27007,7.27355,11486.0,7.272,11486
2024-07-18 16:00:00,7.27357,7.27477,7.2722,7.27467,8324.0,7.2736,8324
2024-07-18 17:00:00,7.27463,7.2753,7.2737,7.27456,6866.0,7.2747,6866
2024-07-18 18:00:00,7.27454,7.2776,7.27444,7.2774,8899.0,7.2764,8899
2024-07-18 19:00:00,7.27738,7.27846,7.277,7.27806,8287.0,7.2779,8287
2024-07-18 20:00:00,7.27804,7.27912,7.27307,7.27403,3707.0,7.2776,3707
2024-07-18 21:00:00,7.27403,7.27773,7.27333,7.27658,1452.0,7.2766,1452
2024-07-18 22:00:00,7.2766,7.27849,7.27515,7.27826,2756.0,7.2773,2756
2024-07-18 23:00:00,7.27777,7.27893,7.27706,7.27833,3244.0,7.2779,3244
2024-07-19 00:00:00,7.27832,7.28066,7.27791,7.28027,7406.0,7.2792,7406
2024-07-19 01:00:00,7.28029,7.28522,7.27711,7.28265,11198.0,7.2813,11198
2024-07-19 02:00:00,7.28267,7.28415,7.28054,7.282,8321.0,7.2828,8321
2024-07-19 03:00:00,7.28201,7.2835,7.2802,7.2812,5590.0,7.282,5590
2024-07-19 04:00:00,7.2812,7.28221,7.2805,7.28165,3620.0,7.2816,3620
2024-07-19 05:00:00,7.28167,7.28428,7.28159,7.28347,6520.0,7.2833,6520
2024-07-19 06:00:00,7.28344,7.28393,7.2786,7.27941,9084.0,7.2821,9084
2024-07-19 07:00:00,7.27939,7.28107,7.27608,7.28013,10669.0,7.2794,10669
2024-07-19 08:00:00,7.28011,7.2811,7.2779,7.27868,8159.0,7.2795,8159
2024-07-19 09:00:00,7.2787,7.28241,7.27836,7.28223,6465.0,7.2801,6465
2024-07-19 10:00:00,7.28225,7.28548,7.28211,7.28398,6548.0,7.284,6548
2024-07-19 11:00:00,7.284,7.28443,7.28034,7.28143,6503.0,7.2821,6503
2024-07-19 12:00:00,7.28149,7.28488,7.28098,7.28465,8080.0,7.2826,8080
2024-07-19 13:00:00,7.28457,7.28627,7.27953,7.28323,10346.0,7.2831,10346
2024-07-19 14:00:00,7.28327,7.28483,7.28204,7.28331,9441.0,7.2836,9441
2024-07-19 15:00:00,7.2833,7.28634,7.28248,7.28591,8997.0,7.2846,8997
2024-07-19 16:00:00,7.28598,7.28702,7.2841,7.28531,8392.0,7.2855,8392
2024-07-19 17:00:00,7.28542,7.28646,7.28438,7.28572,7995.0,7.2855,7995
2024-07-19 18:00:00,7.28574,7.28597,7.2842,7.28564,5562.0,7.2855,5562
2024-07-19 19:00:00,7.28558,7.28728,7.2848,7.28701,5203.0,7.2863,5203
2024-07-19 20:00:00,7.28705,7.28776,7.22971,7.23087,5501.0,7.2836,5501
2024-07-21 21:00:00,7.28305,7.28418,7.2427,7.2827,50.0,7.282,50
2024-07-21 22:00:00,7.2827,7.28317,7.27876,7.27926,59.0,7.2814,59
2024-07-21 23:00:00,7.27954,7.27988,7.27707,7.27901,1493.0,7.2786,1493
2024-07-22 00:00:00,7.27898,7.28998,7.27888,7.28869,6479.0,7.2879,6479
2024-07-22 01:00:00,7.28878,7.29246,7.2427,7.29072,11325.0,7.2898,11325
2024-07-22 02:00:00,7.2907,7.29215,7.28852,7.28985,9202.0,7.2908,9202
2024-07-22 03:00:00,7.28979,7.29415,7.28873,7.29309,7475.0,7.2907,7475
2024-07-22 04:00:00,7.2931,7.29588,7.29237,7.29487,6028.0,7.2936,6028
2024-07-22 05:00:00,7.29477,7.29567,7.29291,7.29429,8044.0,7.2945,8044
2024-07-22 06:00:00,7.29427,7.29452,7.28919,7.29213,12901.0,7.2919,12901
2024-07-22 07:00:00,7.29214,7.29417,7.29127,7.29393,9891.0,7.2925,9891
2024-07-22 08:00:00,7.29395,7.2947,7.29045,7.2905,8824.0,7.2931,8824
2024-07-22 09:00:00,7.29048,7.29305,7.29026,7.29217,7029.0,7.292,7029
2024-07-22 10:00:00,7.29219,7.29325,7.2913,7.2928,6387.0,7.2927,6387
2024-07-22 11:00:00,7.29282,7.29311,7.2908,7.29217,6315.0,7.2922,6315
2024-07-22 12:00:00,7.29215,7.29238,7.28856,7.29123,9187.0,7.2907,9187
2024-07-22 13:00:00,7.29127,7.29707,7.29123,7.2968,12443.0,7.2948,12443
2024-07-22 14:00:00,7.29678,7.29692,7.29326,7.29559,11712.0,7.2953,11712
2024-07-22 15:00:00,7.29557,7.29612,7.285,7.29577,10637.0,7.2952,10637
2024-07-22 16:00:00,7.29577,7.29612,7.2947,7.29477,8913.0,7.2954,8913
2024-07-22 17:00:00,7.29472,7.29625,7.2939,7.29603,7506.0,7.2953,7506
2024-07-22 18:00:00,7.29608,7.29617,7.2945,7.29578,6082.0,7.2957,6082
2024-07-22 19:00:00,7.29576,7.297,7.2952,7.29681,4489.0,7.2964,4489
2024-07-22 20:00:00,7.29678,7.2972,7.29326,7.29332,1694.0,7.2965,1694
2024-07-22 21:00:00,7.2931,7.29613,7.28968,7.29249,4683.0,7.2933,4683
2024-07-22 22:00:00,7.29471,7.2962,7.2921,7.2956,15010.0,7.2949,15010
2024-07-22 23:00:00,7.29479,7.29682,7.29431,7.2963,3131.0,7.2958,3131
2024-07-23 00:00:00,7.29612,7.29733,7.29346,7.29656,6981.0,7.2961,6981
2024-07-23 01:00:00,7.29661,7.29728,7.29126,7.29211,10059.0,7.2942,10059
2024-07-23 02:00:00,7.29215,7.29233,7.289,7.29064,9495.0,7.2907,9495
2024-07-23 03:00:00,7.29062,7.29076,7.28576,7.28657,8929.0,7.2884,8929
2024-07-23 04:00:00,7.28661,7.28792,7.2853,7.2879,5151.0,7.287,5151
2024-07-23 05:00:00,7.28788,7.28948,7.2873,7.28825,6481.0,7.2887,6481
2024-07-23 06:00:00,7.28827,7.29121,7.28775,7.28854,10302.0,7.2899,10302
2024-07-23 07:00:00,7.2886,7.28956,7.28676,7.28788,10773.0,7.2883,10773
2024-07-23 08:00:00,7.2879,7.28904,7.2861,7.28806,9840.0,7.2876,9840
2024-07-23 09:00:00,7.28808,7.28859,7.28532,7.28813,7519.0,7.2872,7519
2024-07-23 10:00:00,7.28811,7.28962,7.28758,7.28796,6837.0,7.2886,6837
2024-07-23 11:00:00,7.28796,7.28999,7.2873,7.28989,6263.0,7.2891,6263
2024-07-23 12:00:00,7.28987,7.29056,7.287,7.28889,7441.0,7.2893,7441
2024-07-23 13:00:00,7.28887,7.29181,7.28866,7.29109,10651.0,7.2905,10651
2024-07-23 14:00:00,7.29111,7.29122,7.2885,7.28954,9813.0,7.29,9813
2024-07-23 15:00:00,7.28948,7.29006,7.2872,7.28883,8320.0,7.2888,8320
2024-07-23 16:00:00,7.28885,7.295,7.2877,7.28875,7625.0,7.2887,7625
2024-07-23 17:00:00,7.28875,7.28913,7.28676,7.28692,7166.0,7.2879,7166
2024-07-23 18:00:00,7.2869,7.29076,7.2864,7.29042,6939.0,7.2893,6939
2024-07-23 19:00:00,7.29038,7.29047,7.2888,7.28982,5452.0,7.2897,5452
2024-07-23 20:00:00,7.2898,7.29001,7.28471,7.2892,3264.0,7.289,3264
2024-07-23 21:00:00,7.2892,7.28956,7.28188,7.2886,596.0,7.2874,596
2024-07-23 22:00:00,7.28794,7.28954,7.28635,7.28954,2714.0,7.2881,2714
2024-07-23 23:00:00,7.2885,7.29081,7.28835,7.29015,4722.0,7.2896,4722
2024-07-24 00:00:00,7.29013,7.29156,7.28936,7.29033,5638.0,7.2907,5638
2024-07-24 01:00:00,7.29035,7.29078,7.28491,7.2865,11235.0,7.2876,11235
2024-07-24 02:00:00,7.28649,7.28809,7.28386,7.28791,8008.0,7.2866,8008
2024-07-24 03:00:00,7.28763,7.28831,7.28616,7.28771,7109.0,7.2873,7109
2024-07-24 04:00:00,7.28763,7.28777,7.2856,7.28659,7179.0,7.2868,7179
2024-07-24 05:00:00,7.2867,7.28704,7.28246,7.28324,8567.0,7.2854,8567
2024-07-24 06:00:00,7.28332,7.28536,7.28076,7.28399,10674.0,7.2835,10674
2024-07-24 07:00:00,7.28401,7.2859,7.28243,7.28564,10449.0,7.284,10449
2024-07-24 08:00:00,7.2856,7.28953,7.2845,7.28935,10517.0,7.2875,10517
2024-07-24 09:00:00,7.28939,7.29129,7.28781,7.29067,9409.0,7.2897,9409
2024-07-24 10:00:00,7.29074,7.29116,7.28736,7.28794,7132.0,7.2888,7132
2024-07-24 11:00:00,7.28804,7.28819,7.28386,7.28508,8064.0,7.2861,8064
2024-07-24 12:00:00,7.2851,7.28569,7.27623,7.27754,12184.0,7.2831,12184
2024-07-24 13:00:00,7.27751,7.2819,7.2738,7.27815,14773.0,7.278,14773
2024-07-24 14:00:00,7.27811,7.27917,7.26331,7.2642,16312.0,7.2701,16312
2024-07-24 15:00:00,7.26416,7.26558,7.26171,7.26317,12677.0,7.264,12677
2024-07-24 16:00:00,7.26315,7.2875,7.26149,7.26228,9176.0,7.2637,9176
2024-07-24 17:00:00,7.26191,7.26469,7.26141,7.26394,7019.0,7.2626,7019
2024-07-24 18:00:00,7.26396,7.27009,7.26382,7.26927,9509.0,7.2671,9509
2024-07-24 19:00:00,7.26925,7.26937,7.2662,7.268,7570.0,7.2678,7570
2024-07-24 20:00:00,7.26812,7.2682,7.2517,7.25848,6348.0,7.266,6348
2024-07-24 21:00:00,7.25855,7.26971,7.25014,7.25895,3375.0,7.2607,3375
2024-07-24 22:00:00,7.26304,7.26639,7.26204,7.26403,3173.0,7.2643,3173
2024-07-24 23:00:00,7.26387,7.26944,7.26275,7.269,6520.0,7.266,6520
2024-07-25 00:00:00,7.26895,7.27192,7.26632,7.26852,10790.0,7.2693,10790
2024-07-25 01:00:00,7.26865,7.27096,7.2607,7.26973,14021.0,7.2673,14021
2024-07-25 02:00:00,7.26972,7.27029,7.26466,7.26743,11724.0,7.2681,11724
2024-07-25 03:00:00,7.26737,7.26766,7.2592,7.26101,12831.0,7.2628,12831
2024-07-25 04:00:00,7.26099,7.26237,7.2539,7.25434,9683.0,7.2596,9683
2024-07-25 05:00:00,7.2543,7.25625,7.24057,7.24204,13884.0,7.2506,13884
2024-07-25 06:00:00,7.24218,7.24925,7.24112,7.24554,14821.0,7.246,14821
2024-07-25 07:00:00,7.24558,7.24889,7.22296,7.22442,16527.0,7.2397,16527
2024-07-25 08:00:00,7.2245,7.23298,7.2025,7.22716,17203.0,7.2189,17203
2024-07-25 09:00:00,7.22716,7.23381,7.2153,7.21861,12486.0,7.2244,12486
2024-07-25 10:00:00,7.21859,7.22144,7.21136,7.21178,11258.0,7.2153,11258
2024-07-25 11:00:00,7.21176,7.2218,7.21074,7.22102,9811.0,7.2176,9811
2024-07-25 12:00:00,7.22106,7.23775,7.21943,7.23591,15631.0,7.2275,15631
2024-07-25 13:00:00,7.23601,7.24123,7.2307,7.23239,17199.0,7.2365,17199
2024-07-25 14:00:00,7.23237,7.23517,7.2241,7.22873,16257.0,7.2293,16257
2024-07-25 15:00:00,7.22878,7.2642,7.22856,7.24223,13713.0,7.2368,13713
2024-07-25 16:00:00,7.24221,7.24751,7.24073,7.24466,12102.0,7.2446,12102
2024-07-25 17:00:00,7.24472,7.24788,7.24159,7.24759,11383.0,7.2449,11383
2024-07-25 18:00:00,7.24757,7.24827,7.24484,7.24524,9158.0,7.2466,9158
2024-07-25 19:00:00,7.24526,7.24551,7.2393,7.23984,11833.0,7.2417,11833
2024-07-25 20:00:00,7.23986,7.24144,7.23763,7.23803,4742.0,7.2396,4742
2024-07-25 21:00:00,7.23803,7.2434,7.20586,7.24091,938.0,7.2385,938
2024-07-25 22:00:00,7.24024,7.2419,7.23864,7.23981,2132.0,7.2399,2132
2024-07-25 23:00:00,7.24077,7.24276,7.23817,7.23925,6177.0,7.2402,6177
2024-07-26 00:00:00,7.2399,7.24978,7.23866,7.24851,9761.0,7.244,9761
2024-07-26 01:00:00,7.24853,7.25031,7.2326,7.23526,12669.0,7.2443,12669
2024-07-26 02:00:00,7.23545,7.25586,7.23531,7.255,11418.0,7.2475,11418
2024-07-26 03:00:00,7.255,7.25787,7.2526,7.25351,7272.0,7.2556,7272
2024-07-26 04:00:00,7.25325,7.25367,7.2511,7.25165,4417.0,7.2525,4417
2024-07-26 05:00:00,7.25178,7.25403,7.2495,7.25239,6987.0,7.2514,6987
2024-07-26 06:00:00,7.25237,7.25859,7.25127,7.25611,11297.0,7.2552,11297
2024-07-26 07:00:00,7.25607,7.2608,7.2548,7.25894,11520.0,7.2581,11520
2024-07-26 08:00:00,7.25884,7.26637,7.2587,7.26074,11662.0,7.2624,11662
2024-07-26 09:00:00,7.2607,7.26167,7.2564,7.25908,9697.0,7.2593,9697
2024-07-26 10:00:00,7.25906,7.26234,7.25898,7.26067,8280.0,7.2613,8280
2024-07-26 11:00:00,7.26059,7.26333,7.25974,7.26219,6959.0,7.2617,6959
2024-07-26 12:00:00,7.26217,7.26377,7.2549,7.26095,12322.0,7.2604,12322
2024-07-26 13:00:00,7.26093,7.26174,7.25525,7.25976,14106.0,7.2592,14106
2024-07-26 14:00:00,7.2599,7.26238,7.25381,7.25729,15327.0,7.2584,15327
2024-07-26 15:00:00,7.25727,7.26121,7.25684,7.25848,11263.0,7.2592,11263
2024-07-26 16:00:00,7.25844,7.25989,7.25818,7.25947,8423.0,7.2591,8423
2024-07-26 17:00:00,7.25958,7.2629,7.2579,7.2616,7418.0,7.2613,7418
2024-07-26 18:00:00,7.26164,7.263,7.26132,7.26259,6268.0,7.2621,6268
2024-07-26 19:00:00,7.26261,7.2634,7.26175,7.26302,6784.0,7.2626,6784
2024-07-26 20:00:00,7.26304,7.26394,7.24733,7.24747,3264.0,7.2623,3264
2024-07-28 21:00:00,7.25995,7.2602,7.25995,7.2602,4.0,7.2601,4
2024-07-28 22:00:00,7.2607,7.26275,7.2607,7.26235,57.0,7.262,57
2024-07-28 23:00:00,7.26245,7.26676,7.2579,7.26629,2038.0,7.2639,2038
2024-07-29 00:00:00,7.26605,7.26633,7.26143,7.26265,7559.0,7.2643,7559
2024-07-29 01:00:00,7.26267,7.26612,7.2579,7.26124,11944.0,7.2618,11944
2024-07-29 02:00:00,7.26126,7.2631,7.25816,7.26278,9625.0,7.2611,9625
2024-07-29 03:00:00,7.26274,7.26522,7.26125,7.26353,7544.0,7.2629,7544
2024-07-29 04:00:00,7.26355,7.26418,7.26188,7.26273,6218.0,7.2632,6218
2024-07-29 05:00:00,7.2627,7.26412,7.2611,7.26332,7335.0,7.2626,7335
2024-07-29 06:00:00,7.26317,7.26381,7.2606,7.26164,9856.0,7.2622,9856
2024-07-29 07:00:00,7.26164,7.26739,7.2613,7.2658,11770.0,7.2637,11770
2024-07-29 08:00:00,7.26576,7.27231,7.26535,7.27015,12354.0,7.2695,12354
2024-07-29 09:00:00,7.27021,7.27061,7.26618,7.26779,8845.0,7.2683,8845
2024-07-29 10:00:00,7.26781,7.27162,7.26711,7.26907,8556.0,7.2689,8556
2024-07-29 11:00:00,7.26907,7.27187,7.26778,7.27092,8376.0,7.2698,8376
2024-07-29 12:00:00,7.2709,7.2723,7.27003,7.27169,9557.0,7.2711,9557
2024-07-29 13:00:00,7.27167,7.27381,7.27126,7.27247,10734.0,7.2725,10734
2024-07-29 14:00:00,7.27248,7.27336,7.26539,7.26632,11917.0,7.2711,11917
2024-07-29 15:00:00,7.26628,7.26983,7.26594,7.26952,11635.0,7.2683,11635
2024-07-29 16:00:00,7.26956,7.27337,7.26938,7.27272,9930.0,7.2722,9930
2024-07-29 17:00:00,7.27273,7.27387,7.27183,7.27202,7570.0,7.273,7570
2024-07-29 18:00:00,7.27202,7.27303,7.2714,7.27192,6270.0,7.2724,6270
2024-07-29 19:00:00,7.2718,7.27196,7.2704,7.27102,6720.0,7.2713,6720
2024-07-29 20:00:00,7.27087,7.27199,7.2691,7.2691,2156.0,7.2711,2156
2024-07-29 21:00:00,7.2691,7.27203,7.26818,7.2683,756.0,7.2697,756
2024-07-29 22:00:00,7.27072,7.27181,7.26944,7.27128,2430.0,7.2705,2430
2024-07-29 23:00:00,7.27012,7.27143,7.26637,7.26701,5423.0,7.2683,5423
2024-07-30 00:00:00,7.26737,7.27092,7.26723,7.26965,7445.0,7.269,7445
2024-07-30 01:00:00,7.26967,7.2761,7.2679,7.2738,11651.0,7.2726,11651
2024-07-30 02:00:00,7.27386,7.27424,7.2714,7.27273,7643.0,7.2729,7643
2024-07-30 03:00:00,7.27267,7.27295,7.2689,7.27008,7263.0,7.2717,7263
2024-07-30 04:00:00,7.2701,7.27222,7.2695,7.27173,6357.0,7.2708,6357
2024-07-30 05:00:00,7.27183,7.27351,7.2677,7.27249,8620.0,7.2721,8620
2024-07-30 06:00:00,7.27247,7.27447,7.2698,7.27164,10501.0,7.273,10501
2024-07-30 07:00:00,7.2718,7.27216,7.2592,7.26326,14777.0,7.2646,14777
2024-07-30 08:00:00,7.26324,7.2648,7.25524,7.25987,13247.0,7.2597,13247
2024-07-30 09:00:00,7.25991,7.26502,7.25977,7.26496,9971.0,7.2624,9971
2024-07-30 10:00:00,7.26494,7.26632,7.261,7.2633,6758.0,7.264,6758
2024-07-30 11:00:00,7.26328,7.26728,7.26308,7.26708,6661.0,7.2651,6661
2024-07-30 12:00:00,7.26705,7.26726,7.2653,7.2663,8693.0,7.2664,8693
2024-07-30 13:00:00,7.26628,7.26764,7.2622,7.26419,13984.0,7.2645,13984
2024-07-30 14:00:00,7.26429,7.26781,7.26145,7.26272,15108.0,7.2648,15108
2024-07-30 15:00:00,7.26271,7.26351,7.25593,7.25599,16245.0,7.2607,16245
2024-07-30 16:00:00,7.25605,7.25747,7.2349,7.24221,17462.0,7.2466,17462
2024-07-30 17:00:00,7.24241,7.25152,7.24061,7.2509,14290.0,7.2475,14290
2024-07-30 18:00:00,7.25088,7.25356,7.24781,7.25173,10434.0,7.2511,10434
2024-07-30 19:00:00,7.25164,7.25282,7.2491,7.25014,8343.0,7.2506,8343
2024-07-30 20:00:00,7.25011,7.2503,7.21113,7.23296,7386.0,7.2451,7386
2024-07-30 21:00:00,7.23296,7.24388,7.21648,7.24022,1535.0,7.2411,1535
2024-07-30 22:00:00,7.24179,7.2426,7.23927,7.24128,5973.0,7.2408,5973
2024-07-30 23:00:00,7.24102,7.24273,7.23963,7.24211,6319.0,7.2411,6319
2024-07-31 00:00:00,7.24231,7.24746,7.23083,7.23273,11059.0,7.2416,11059
2024-07-31 01:00:00,7.23271,7.23744,7.22485,7.23715,14081.0,7.2325,14081
2024-07-31 02:00:00,7.23711,7.24899,7.2368,7.24548,11166.0,7.2435,11166
2024-07-31 03:00:00,7.2455,7.24966,7.22707,7.24966,10778.0,7.2398,10778
2024-07-31 04:00:00,7.2494,7.25291,7.237,7.23797,10653.0,7.2436,10653
2024-07-31 05:00:00,7.23795,7.2441,7.23697,7.23925,9812.0,7.2411,9812
2024-07-31 06:00:00,7.23921,7.24159,7.22807,7.22845,14828.0,7.2375,14828
2024-07-31 07:00:00,7.22842,7.2362,7.22005,7.22475,16125.0,7.2306,16125
2024-07-31 08:00:00,7.22473,7.23338,7.22214,7.23056,16408.0,7.2286,16408
2024-07-31 09:00:00,7.23054,7.23111,7.2245,7.22573,11907.0,7.2272,11907
2024-07-31 10:00:00,7.22569,7.22688,7.21836,7.22471,9727.0,7.2235,9727
2024-07-31 11:00:00,7.22475,7.22705,7.2227,7.22573,8950.0,7.2249,8950
2024-07-31 12:00:00,7.22567,7.22805,7.21784,7.22425,14985.0,7.2238,14985
2024-07-31 13:00:00,7.22421,7.22564,7.21342,7.2152,13517.0,7.2209,13517
2024-07-31 14:00:00,7.21518,7.22815,7.21312,7.22617,15349.0,7.2202,15349
2024-07-31 15:00:00,7.22612,7.22781,7.2212,7.22242,12269.0,7.2236,12269
2024-07-31 16:00:00,7.22252,7.22733,7.2215,7.22596,11690.0,7.2246,11690
2024-07-31 17:00:00,7.22586,7.22974,7.2251,7.22756,10882.0,7.227,10882
2024-07-31 18:00:00,7.22728,7.23831,7.22366,7.22908,17125.0,7.2311,17125
2024-07-31 19:00:00,7.229,7.2293,7.21756,7.22369,16335.0,7.2236,16335
2024-07-31 20:00:00,7.22365,7.22798,7.19935,7.21781,12126.0,7.2251,12126
2024-07-31 21:00:00,7.21781,7.22804,7.1903,7.2183,898.0,7.2214,898
2024-07-31 22:00:00,7.22413,7.22701,7.22093,7.22509,3166.0,7.2248,3166
2024-07-31 23:00:00,7.22515,7.22704,7.22237,7.22462,7989.0,7.2253,7989
2024-08-01 00:00:00,7.22477,7.22477,7.21353,7.21521,14900.0,7.2184,14900
2024-08-01 01:00:00,7.21527,7.22824,7.20963,7.22774,15822.0,7.2169,15822
2024-08-01 02:00:00,7.22802,7.23757,7.2268,7.23741,14887.0,7.2335,14887
2024-08-01 03:00:00,7.23745,7.23869,7.22908,7.23485,11718.0,7.2338,11718
2024-08-01 04:00:00,7.23487,7.23539,7.22904,7.23226,10065.0,7.2317,10065
2024-08-01 05:00:00,7.23224,7.23728,7.23109,7.23506,10628.0,7.2337,10628
2024-08-01 06:00:00,7.23504,7.24474,7.23299,7.24427,13723.0,7.2394,13723
2024-08-01 07:00:00,7.24438,7.24943,7.24163,7.2485,13824.0,7.2452,13824
2024-08-01 08:00:00,7.24841,7.252,7.2447,7.24867,13494.0,7.2487,13494
2024-08-01 09:00:00,7.2487,7.25227,7.24672,7.25164,10564.0,7.2493,10564
2024-08-01 10:00:00,7.25162,7.25498,7.25141,7.25373,8704.0,7.2536,8704
2024-08-01 11:00:00,7.25369,7.25756,7.25327,7.25686,9926.0,7.2549,9926
2024-08-01 12:00:00,7.25692,7.2583,7.24485,7.25194,14130.0,7.2524,14130
2024-08-01 13:00:00,7.25186,7.25481,7.2492,7.25024,14292.0,7.2517,14292
2024-08-01 14:00:00,7.25078,7.25281,7.2264,7.25162,16152.0,7.2495,16152
2024-08-01 15:00:00,7.2516,7.25662,7.2503,7.25554,13767.0,7.2535,13767
2024-08-01 16:00:00,7.25552,7.25646,7.24999,7.25098,12743.0,7.2523,12743
2024-08-01 17:00:00,7.251,7.25356,7.2499,7.2534,10279.0,7.2514,10279
2024-08-01 18:00:00,7.25342,7.25664,7.25266,7.25336,11939.0,7.2543,11939
2024-08-01 19:00:00,7.25334,7.25401,7.2521,7.25327,9937.0,7.2532,9937
2024-08-01 20:00:00,7.25337,7.25415,7.22608,7.22677,10187.0,7.2506,10187
2024-08-01 21:00:00,7.22677,7.25156,7.22216,7.2479,1224.0,7.242,1224
2024-08-01 22:00:00,7.24535,7.25071,7.2397,7.2453,5103.0,7.2447,5103
2024-08-01 23:00:00,7.24028,7.2483,7.2402,7.24732,7108.0,7.2444,7108
2024-08-02 00:00:00,7.24789,7.24964,7.24465,7.24521,15644.0,7.2476,15644
2024-08-02 01:00:00,7.2454,7.25136,7.24151,7.24311,13179.0,7.247,13179
2024-08-02 02:00:00,7.24309,7.2451,7.235,7.23788,13029.0,7.2394,13029
2024-08-02 03:00:00,7.23789,7.23806,7.2307,7.23536,10366.0,7.235,10366
2024-08-02 04:00:00,7.2354,7.23565,7.2155,7.21646,12048.0,7.227,12048
2024-08-02 05:00:00,7.21642,7.22248,7.19588,7.19642,14099.0,7.2162,14099
2024-08-02 06:00:00,7.1963,7.21425,7.19187,7.20876,15542.0,7.2081,15542
2024-08-02 07:00:00,7.20878,7.2197,7.20747,7.21595,16537.0,7.2149,16537
2024-08-02 08:00:00,7.21591,7.21988,7.21128,7.21301,15135.0,7.2152,15135
2024-08-02 09:00:00,7.21307,7.21332,7.20284,7.2083,15501.0,7.2085,15501
2024-08-02 10:00:00,7.20828,7.20839,7.20026,7.20407,14254.0,7.2044,14254
2024-08-02 11:00:00,7.20364,7.20813,7.2033,7.20705,14307.0,7.206,14307
2024-08-02 12:00:00,7.20707,7.20714,7.16902,7.18205,18906.0,7.1904,18906
2024-08-02 13:00:00,7.18209,7.18927,7.16223,7.16665,19851.0,7.1812,19851
2024-08-02 14:00:00,7.16653,7.17257,7.10987,7.14863,19236.0,7.1585,19236
2024-08-02 15:00:00,7.14861,7.16492,7.13931,7.16401,18444.0,7.1515,18444
2024-08-02 16:00:00,7.16405,7.17214,7.10561,7.16681,17086.0,7.1677,17086
2024-08-02 17:00:00,7.16642,7.16833,7.1613,7.16716,13344.0,7.1658,13344
2024-08-02 18:00:00,7.16709,7.16746,7.16217,7.16468,13440.0,7.1655,13440
2024-08-02 19:00:00,7.16387,7.16678,7.12303,7.16527,10321.0,7.1644,10321
2024-08-02 20:00:00,7.16527,7.16691,7.01688,7.06038,5919.0,7.1624,5919
2024-08-04 21:00:00,7.15595,7.15693,7.15595,7.15693,10.0,7.1563,10
2024-08-04 22:00:00,7.15731,7.16189,7.15673,7.15873,55.0,7.1594,55
2024-08-04 23:00:00,7.15922,7.16077,7.14098,7.14137,2594.0,7.1526,2594
2024-08-05 00:00:00,7.14135,7.1629,7.10698,7.13201,15556.0,7.1418,15556
2024-08-05 01:00:00,7.13195,7.1629,7.07618,7.14312,16625.0,7.1293,16625
2024-08-05 02:00:00,7.14257,7.15108,7.11789,7.14347,13236.0,7.1453,13236
2024-08-05 03:00:00,7.14349,7.14357,7.11848,7.13181,14926.0,7.1359,14926
2024-08-05 04:00:00,7.13182,7.13218,7.11266,7.12444,17463.0,7.1251,17463
2024-08-05 05:00:00,7.12438,7.12967,7.10868,7.11484,18652.0,7.1212,18652
2024-08-05 06:00:00,7.11474,7.13984,7.10834,7.13375,19849.0,7.1285,19849
2024-08-05 07:00:00,7.13377,7.14102,7.12599,7.13813,18374.0,7.134,18374
2024-08-05 08:00:00,7.13801,7.13872,7.12322,7.12913,16751.0,7.1301,16751
2024-08-05 09:00:00,7.12932,7.13129,7.08192,7.11089,16824.0,7.1156,16824
2024-08-05 10:00:00,7.11091,7.11467,7.10037,7.1052,15499.0,7.11,15499
2024-08-05 11:00:00,7.10554,7.10884,7.08239,7.08665,17247.0,7.1005,17247
2024-08-05 12:00:00,7.08554,7.09401,7.07506,7.09397,19384.0,7.0884,19384
2024-08-05 13:00:00,7.09407,7.11358,7.07905,7.09896,19771.0,7.0998,19771
2024-08-05 14:00:00,7.09899,7.12734,7.09899,7.10821,18178.0,7.115,18178
2024-08-05 15:00:00,7.10821,7.1631,7.10554,7.12969,18766.0,7.1191,18766
2024-08-05 16:00:00,7.12971,7.13754,7.12695,7.13321,17429.0,7.1336,17429
2024-08-05 17:00:00,7.13309,7.142,7.13091,7.13326,13849.0,7.1361,13849
2024-08-05 18:00:00,7.13324,7.13754,7.13106,7.13162,14846.0,7.1339,14846
2024-08-05 19:00:00,7.13158,7.13618,7.09516,7.13453,11821.0,7.1336,11821
2024-08-05 20:00:00,7.13459,7.14432,7.09768,7.11023,12812.0,7.1354,12812
2024-08-05 21:00:00,7.11023,7.14459,7.10034,7.13422,1278.0,7.1345,1278
2024-08-05 22:00:00,7.13179,7.14214,7.12401,7.13896,5547.0,7.1385,5547
2024-08-05 23:00:00,7.13894,7.14665,7.13882,7.14463,10876.0,7.1433,10876
2024-08-06 00:00:00,7.14527,7.15282,7.13905,7.14004,17638.0,7.1448,17638
2024-08-06 01:00:00,7.14045,7.15091,7.13881,7.1484,16313.0,7.1455,16313
2024-08-06 02:00:00,7.14842,7.14935,7.14241,7.14738,14106.0,7.1465,14106
2024-08-06 03:00:00,7.14734,7.14774,7.13668,7.13789,13868.0,7.1427,13868
2024-08-06 04:00:00,7.13823,7.14265,7.13681,7.13892,13512.0,7.1401,13512
2024-08-06 05:00:00,7.13873,7.14776,7.13556,7.14679,16761.0,7.1415,16761
2024-08-06 06:00:00,7.14667,7.14759,7.13907,7.14429,16390.0,7.1447,16390
2024-08-06 07:00:00,7.14445,7.14844,7.14168,7.14419,15942.0,7.1452,15942
2024-08-06 08:00:00,7.14417,7.14488,7.13256,7.14316,16548.0,7.1403,16548
2024-08-06 09:00:00,7.14314,7.14761,7.14007,7.14711,15121.0,7.1441,15121
2024-08-06 10:00:00,7.14712,7.15024,7.14189,7.14877,13483.0,7.1469,13483
2024-08-06 11:00:00,7.14881,7.15207,7.14738,7.15008,14039.0,7.1499,14039
2024-08-06 12:00:00,7.1501,7.15127,7.14446,7.14879,16964.0,7.1481,16964
2024-08-06 13:00:00,7.14886,7.15191,7.14188,7.15007,18143.0,7.1477,18143
2024-08-06 14:00:00,7.15005,7.15387,7.1326,7.15284,18101.0,7.1516,18101
2024-08-06 15:00:00,7.15282,7.15785,7.15243,7.15679,16503.0,7.1549,16503
2024-08-06 16:00:00,7.15662,7.16287,7.1564,7.16169,13605.0,7.1589,13605
2024-08-06 17:00:00,7.16176,7.16498,7.16016,7.16303,12147.0,7.1631,12147
2024-08-06 18:00:00,7.16304,7.16339,7.16067,7.16137,8816.0,7.162,8816
2024-08-06 19:00:00,7.16125,7.16235,7.1596,7.16144,11057.0,7.1609,11057
2024-08-06 20:00:00,7.1614,7.16181,7.15378,7.15926,6299.0,7.1598,6299
2024-08-06 21:00:00,7.15926,7.1614,7.14212,7.15621,969.0,7.158,969
2024-08-06 22:00:00,7.1571,7.16092,7.15425,7.15722,4027.0,7.1573,4027
2024-08-06 23:00:00,7.15724,7.16009,7.15244,7.15884,5723.0,7.1577,5723
2024-08-07 00:00:00,7.15923,7.16436,7.15757,7.16095,13196.0,7.1617,13196
2024-08-07 01:00:00,7.16065,7.18697,7.15711,7.17991,17541.0,7.1719,17541
2024-08-07 02:00:00,7.17997,7.18474,7.17796,7.18084,16302.0,7.1817,16302
2024-08-07 03:00:00,7.18081,7.18997,7.17988,7.18696,14702.0,7.1848,14702
2024-08-07 04:00:00,7.18698,7.19246,7.18667,7.18869,13447.0,7.1892,13447
2024-08-07 05:00:00,7.18867,7.18983,7.1806,7.18614,15354.0,7.1862,15354
2024-08-07 06:00:00,7.18619,7.18723,7.17995,7.18244,16638.0,7.183,16638
2024-08-07 07:00:00,7.18246,7.19018,7.18041,7.1886,17840.0,7.1847,17840
2024-08-07 08:00:00,7.1886,7.19326,7.18556,7.19212,16482.0,7.189,16482
2024-08-07 09:00:00,7.19209,7.19441,7.1892,7.19037,13950.0,7.1912,13950
2024-08-07 10:00:00,7.19039,7.19114,7.18489,7.18776,11580.0,7.1883,11580
2024-08-07 11:00:00,7.18779,7.18816,7.18164,7.18721,11826.0,7.1852,11826
2024-08-07 12:00:00,7.18717,7.19023,7.18327,7.18462,14452.0,7.1861,14452
2024-08-07 13:00:00,7.1846,7.18487,7.17836,7.18181,16788.0,7.1812,16788
2024-08-07 14:00:00,7.18185,7.182,7.17267,7.17937,16919.0,7.1773,16919
2024-08-07 15:00:00,7.17935,7.1854,7.17844,7.18278,14807.0,7.1821,14807
2024-08-07 16:00:00,7.18278,7.18346,7.1802,7.18057,11835.0,7.182,11835
2024-08-07 17:00:00,7.18051,7.18363,7.17753,7.17864,11260.0,7.1791,11260
2024-08-07 18:00:00,7.17868,7.17891,7.17555,7.17616,11203.0,7.1771,11203
2024-08-07 19:00:00,7.17618,7.17823,7.17074,7.1724,10438.0,7.1739,10438
2024-08-07 20:00:00,7.17213,7.17497,7.17144,7.17335,5904.0,7.1729,5904
2024-08-07 21:00:00,7.17335,7.17339,7.1638,7.17144,3912.0,7.1699,3912
2024-08-07 22:00:00,7.16867,7.17179,7.16515,7.16951,1789.0,7.1701,1789
2024-08-07 23:00:00,7.16951,7.17177,7.15149,7.16239,8695.0,7.1621,8695
2024-08-08 00:00:00,7.16345,7.16675,7.15366,7.16172,15784.0,7.1601,15784
2024-08-08 01:00:00,7.1617,7.18206,7.15966,7.1779,16259.0,7.1728,16259
2024-08-08 02:00:00,7.17789,7.18404,7.17522,7.17571,13692.0,7.179,13692
2024-08-08 03:00:00,7.17571,7.17772,7.16413,7.16443,11865.0,7.1732,11865
2024-08-08 04:00:00,7.16474,7.16702,7.16124,7.16647,14463.0,7.1648,14463
2024-08-08 05:00:00,7.16645,7.1707,7.15576,7.15781,14530.0,7.1666,14530
2024-08-08 06:00:00,7.15775,7.16353,7.15628,7.1597,15603.0,7.1608,15603
2024-08-08 07:00:00,7.1597,7.16744,7.15764,7.16198,15074.0,7.1627,15074
2024-08-08 08:00:00,7.16196,7.16857,7.16073,7.16819,13866.0,7.1642,13866
2024-08-08 09:00:00,7.16831,7.17169,7.16487,7.17096,11007.0,7.1676,11007
2024-08-08 10:00:00,7.17083,7.17711,7.16824,7.17179,11492.0,7.1725,11492
2024-08-08 11:00:00,7.17225,7.17307,7.16834,7.16958,11293.0,7.1709,11293
2024-08-08 12:00:00,7.16956,7.18439,7.16321,7.18234,17047.0,7.1757,17047
2024-08-08 13:00:00,7.18232,7.18233,7.17624,7.17767,17729.0,7.1792,17729
2024-08-08 14:00:00,7.17767,7.18295,7.17081,7.18145,17305.0,7.1791,17305
2024-08-08 15:00:00,7.18144,7.18162,7.17694,7.17927,13610.0,7.179,13610
2024-08-08 16:00:00,7.17933,7.18137,7.1779,7.18102,10987.0,7.1798,10987
2024-08-08 17:00:00,7.18092,7.18288,7.17926,7.18095,9883.0,7.1809,9883
2024-08-08 18:00:00,7.18113,7.18355,7.18063,7.1814,8272.0,7.1816,8272
2024-08-08 19:00:00,7.1814,7.18289,7.18036,7.18259,10266.0,7.1819,10266
2024-08-08 20:00:00,7.18246,7.18528,7.17228,7.17275,4030.0,7.1836,4030
2024-08-08 21:00:00,7.17275,7.18502,7.13951,7.17919,1729.0,7.18,1729
2024-08-08 22:00:00,7.1781,7.18349,7.17541,7.18313,1721.0,7.1819,1721
2024-08-08 23:00:00,7.18196,7.18616,7.18055,7.18522,5637.0,7.1836,5637
2024-08-09 00:00:00,7.18537,7.18982,7.1826,7.18848,10297.0,7.1853,10297
2024-08-09 01:00:00,7.1885,7.18952,7.17607,7.17632,13075.0,7.1819,13075
2024-08-09 02:00:00,7.17629,7.18068,7.17168,7.17568,13101.0,7.1758,13101
2024-08-09 03:00:00,7.1757,7.17731,7.16285,7.16685,11634.0,7.1697,11634
2024-08-09 04:00:00,7.16687,7.16975,7.1636,7.16521,9484.0,7.1668,9484
2024-08-09 05:00:00,7.16549,7.16981,7.16431,7.16859,10854.0,7.1672,10854
2024-08-09 06:00:00,7.16858,7.17361,7.16648,7.1716,11038.0,7.1704,11038
2024-08-09 07:00:00,7.17154,7.17708,7.16896,7.17385,11761.0,7.1723,11761
2024-08-09 08:00:00,7.1739,7.17649,7.17078,7.17609,10658.0,7.1742,10658
2024-08-09 09:00:00,7.17625,7.17692,7.17096,7.17258,10091.0,7.1733,10091
2024-08-09 10:00:00,7.17255,7.17468,7.16923,7.17085,8701.0,7.1723,8701
2024-08-09 11:00:00,7.17071,7.17267,7.1689,7.17155,9007.0,7.1708,9007
2024-08-09 12:00:00,7.17155,7.17185,7.16486,7.16691,13977.0,7.1675,13977
2024-08-09 13:00:00,7.16693,7.16811,7.1639,7.16761,13886.0,7.1659,13886
2024-08-09 14:00:00,7.16763,7.17138,7.16483,7.17017,14064.0,7.1676,14064
2024-08-09 15:00:00,7.17016,7.1805,7.16836,7.17193,12481.0,7.1704,12481
2024-08-09 16:00:00,7.17204,7.1741,7.1712,7.17352,8617.0,7.1729,8617
2024-08-09 17:00:00,7.17337,7.17555,7.17291,7.17492,6542.0,7.1746,6542
2024-08-09 18:00:00,7.1748,7.17594,7.174,7.17477,5875.0,7.175,5875
2024-08-09 19:00:00,7.17468,7.17628,7.174,7.17582,5592.0,7.1752,5592
2024-08-09 20:00:00,7.17584,7.17806,7.09901,7.10016,6310.0,7.1722,6310
2024-08-11 21:00:00,7.16323,7.16795,7.16225,7.16795,7.0,7.1636,7
2024-08-11 22:00:00,7.16865,7.17517,7.16295,7.17461,91.0,7.167,91
2024-08-11 23:00:00,7.17277,7.1788,7.17189,7.17814,2096.0,7.1746,2096
2024-08-12 00:00:00,7.17799,7.17858,7.17314,7.17668,7185.0,7.1758,7185
2024-08-12 01:00:00,7.17668,7.17796,7.17259,7.17634,10401.0,7.1755,10401
2024-08-12 02:00:00,7.17635,7.17705,7.17335,7.17599,8924.0,7.1753,8924
2024-08-12 03:00:00,7.17596,7.18499,7.17592,7.18324,8654.0,7.1812,8654
2024-08-12 04:00:00,7.18323,7.18371,7.18173,7.18362,5601.0,7.1828,5601
2024-08-12 05:00:00,7.18356,7.18563,7.17909,7.18449,8726.0,7.1824,8726
2024-08-12 06:00:00,7.18451,7.18479,7.18041,7.18255,9606.0,7.1825,9606
2024-08-12 07:00:00,7.18258,7.18332,7.17957,7.18062,9750.0,7.1819,9750
2024-08-12 08:00:00,7.18039,7.18466,7.1795,7.18374,9455.0,7.1823,9455
2024-08-12 09:00:00,7.18376,7.18481,7.17975,7.18028,7245.0,7.1825,7245
2024-08-12 10:00:00,7.18024,7.18173,7.18,7.1809,5955.0,7.1809,5955
2024-08-12 11:00:00,7.18094,7.18387,7.18,7.18233,6369.0,7.1822,6369
2024-08-12 12:00:00,7.18233,7.18288,7.1795,7.18214,8387.0,7.1814,8387
2024-08-12 13:00:00,7.182,7.18293,7.17715,7.17854,13511.0,7.1805,13511
2024-08-12 14:00:00,7.17856,7.18392,7.1728,7.18346,13789.0,7.1816,13789
2024-08-12 15:00:00,7.18345,7.18366,7.178,7.18016,12199.0,7.1805,12199
2024-08-12 16:00:00,7.18014,7.18085,7.177,7.1793,10780.0,7.179,10780
2024-08-12 17:00:00,7.17949,7.18011,7.1773,7.1786,8045.0,7.1786,8045
2024-08-12 18:00:00,7.17858,7.17938,7.1767,7.17895,6618.0,7.1783,6618
2024-08-12 19:00:00,7.17895,7.17902,7.1764,7.1778,4868.0,7.1775,4868
2024-08-12 20:00:00,7.17782,7.17843,7.17713,7.17828,3996.0,7.1779,3996
2024-08-12 21:00:00,7.17828,7.17904,7.17149,7.1741,812.0,7.1773,812
2024-08-12 22:00:00,7.17721,7.17965,7.17623,7.17866,1806.0,7.1777,1806
2024-08-12 23:00:00,7.17708,7.17989,7.17669,7.17709,3883.0,7.1778,3883
2024-08-13 00:00:00,7.17741,7.18081,7.17741,7.17969,7081.0,7.1793,7081
2024-08-13 01:00:00,7.17971,7.1824,7.1765,7.18122,11518.0,7.1803,11518
2024-08-13 02:00:00,7.18124,7.18346,7.18072,7.18142,8999.0,7.1819,8999
2024-08-13 03:00:00,7.18151,7.18154,7.178,7.17984,7590.0,7.1798,7590
2024-08-13 04:00:00,7.17986,7.18109,7.1782,7.17942,6278.0,7.1796,6278
2024-08-13 05:00:00,7.17946,7.17994,7.1724,7.17262,8436.0,7.1782,8436
2024-08-13 06:00:00,7.1725,7.17754,7.17044,7.17388,11190.0,7.1745,11190
2024-08-13 07:00:00,7.1739,7.17654,7.17124,7.17297,10104.0,7.174,10104
2024-08-13 08:00:00,7.17284,7.1743,7.16796,7.17126,10333.0,7.1712,10333
2024-08-13 09:00:00,7.17115,7.17337,7.16919,7.16988,8695.0,7.1712,8695
2024-08-13 10:00:00,7.17033,7.17139,7.1648,7.16671,8288.0,7.1686,8288
2024-08-13 11:00:00,7.1667,7.16785,7.16146,7.16531,9293.0,7.1645,9293
2024-08-13 12:00:00,7.1653,7.16941,7.15986,7.16114,13370.0,7.1645,13370
2024-08-13 13:00:00,7.16112,7.16388,7.15274,7.1559,17069.0,7.1578,17069
2024-08-13 14:00:00,7.15585,7.16006,7.15288,7.15635,15676.0,7.1567,15676
2024-08-13 15:00:00,7.15636,7.1794,7.15541,7.15956,12701.0,7.1586,12701
2024-08-13 16:00:00,7.15954,7.15962,7.15191,7.15249,12205.0,7.1557,12205
2024-08-13 17:00:00,7.15242,7.15437,7.15071,7.15119,12912.0,7.1526,12912
2024-08-13 18:00:00,7.15113,7.15175,7.14505,7.14707,13022.0,7.1489,13022
2024-08-13 19:00:00,7.14709,7.14867,7.14492,7.14798,14913.0,7.1471,14913
2024-08-13 20:00:00,7.14799,7.15065,7.13931,7.14077,7880.0,7.149,7880
2024-08-13 21:00:00,7.14077,7.14932,7.1299,7.14837,1013.0,7.1457,1013
2024-08-13 22:00:00,7.14457,7.14926,7.1438,7.14767,1224.0,7.1472,1224
2024-08-13 23:00:00,7.14608,7.14912,7.14475,7.14858,5315.0,7.1464,5315
2024-08-14 00:00:00,7.14866,7.15356,7.1473,7.15068,9222.0,7.1511,9222
2024-08-14 01:00:00,7.15068,7.15264,7.14246,7.15121,12816.0,7.1489,12816
2024-08-14 02:00:00,7.15124,7.15237,7.14199,7.14754,13472.0,7.1471,13472
2024-08-14 03:00:00,7.14756,7.15286,7.14728,7.15032,10809.0,7.1501,10809
2024-08-14 04:00:00,7.15036,7.15241,7.1465,7.14752,7321.0,7.15,7321
2024-08-14 05:00:00,7.14749,7.14996,7.14611,7.14854,8925.0,7.1475,8925
2024-08-14 06:00:00,7.14822,7.15069,7.1449,7.14853,11198.0,7.1485,11198
2024-08-14 07:00:00,7.14851,7.15015,7.1439,7.14712,10987.0,7.1475,10987
2024-08-14 08:00:00,7.14709,7.14972,7.14632,7.14688,10416.0,7.1478,10416
2024-08-14 09:00:00,7.14695,7.14728,7.13881,7.14073,9449.0,7.1433,9449
2024-08-14 10:00:00,7.14075,7.14196,7.13494,7.13567,8920.0,7.1389,8920
2024-08-14 11:00:00,7.13566,7.13847,7.13306,7.1334,9331.0,7.1355,9331
2024-08-14 12:00:00,7.13353,7.14767,7.12181,7.14365,17101.0,7.1401,17101
2024-08-14 13:00:00,7.14366,7.14445,7.1303,7.13354,18267.0,7.1381,18267
2024-08-14 14:00:00,7.13351,7.13715,7.13165,7.13362,17238.0,7.1345,17238
2024-08-14 15:00:00,7.13376,7.1402,7.13365,7.13662,12743.0,7.137,12743
2024-08-14 16:00:00,7.13673,7.14213,7.1363,7.14104,11472.0,7.14,11472
2024-08-14 17:00:00,7.14121,7.14723,7.1401,7.14531,10127.0,7.1442,10127
2024-08-14 18:00:00,7.14535,7.14694,7.14388,7.14457,9935.0,7.1457,9935
2024-08-14 19:00:00,7.14455,7.14742,7.1434,7.14733,12304.0,7.1454,12304
2024-08-14 20:00:00,7.14726,7.14759,7.1452,7.14558,5868.0,7.1462,5868
2024-08-14 21:00:00,7.14558,7.1479,7.09733,7.14096,595.0,7.1422,595
2024-08-14 22:00:00,7.14067,7.14691,7.1357,7.14469,1054.0,7.145,1054
2024-08-14 23:00:00,7.14467,7.14931,7.14275,7.14717,7204.0,7.1463,7204
2024-08-15 00:00:00,7.14736,7.1496,7.14481,7.14899,8587.0,7.1476,8587
2024-08-15 01:00:00,7.14899,7.16188,7.14859,7.15749,13226.0,7.1566,13226
2024-08-15 02:00:00,7.15757,7.16144,7.15437,7.15742,12051.0,7.1584,12051
2024-08-15 03:00:00,7.1573,7.15776,7.15409,7.15576,7890.0,7.156,7890
2024-08-15 04:00:00,7.15565,7.1561,7.15012,7.15219,6736.0,7.1529,6736
2024-08-15 05:00:00,7.15211,7.15416,7.1499,7.15203,8133.0,7.1523,8133
2024-08-15 06:00:00,7.15205,7.15808,7.15161,7.15529,9488.0,7.1551,9488
2024-08-15 07:00:00,7.15539,7.1588,7.1541,7.1577,9487.0,7.1565,9487
2024-08-15 08:00:00,7.15772,7.16185,7.15765,7.1603,9743.0,7.1598,9743
2024-08-15 09:00:00,7.16021,7.16189,7.1583,7.16061,7290.0,7.1605,7290
2024-08-15 10:00:00,7.16057,7.16177,7.1576,7.16013,6373.0,7.1599,6373
2024-08-15 11:00:00,7.1601,7.16231,7.1591,7.15941,6380.0,7.1606,6380
2024-08-15 12:00:00,7.15952,7.18306,7.15535,7.17855,15180.0,7.1724,15180
2024-08-15 13:00:00,7.17853,7.18298,7.17211,7.18144,18522.0,7.1788,18522
2024-08-15 14:00:00,7.18149,7.18204,7.17399,7.18028,15806.0,7.1776,15806
2024-08-15 15:00:00,7.18022,7.18097,7.1748,7.17659,12245.0,7.1779,12245
2024-08-15 16:00:00,7.17649,7.18052,7.17416,7.18007,10450.0,7.1777,10450
2024-08-15 17:00:00,7.18003,7.1844,7.17946,7.18393,8887.0,7.182,8887
2024-08-15 18:00:00,7.18386,7.18466,7.18077,7.18191,6922.0,7.1824,6922
2024-08-15 19:00:00,7.18214,7.18277,7.1806,7.18186,7788.0,7.1816,7788
2024-08-15 20:00:00,7.1819,7.18383,7.15668,7.1605,4394.0,7.1812,4394
2024-08-15 21:00:00,7.15854,7.18146,7.15452,7.18103,980.0,7.1779,980
2024-08-15 22:00:00,7.17856,7.183,7.17702,7.1805,2235.0,7.1807,2235
2024-08-15 23:00:00,7.18048,7.18295,7.17946,7.18181,5114.0,7.1813,5114
2024-08-16 00:00:00,7.18152,7.18373,7.17903,7.18,10536.0,7.181,10536
2024-08-16 01:00:00,7.17998,7.18396,7.17731,7.17829,12003.0,7.1798,12003
2024-08-16 02:00:00,7.17805,7.17891,7.17229,7.17455,10594.0,7.1759,10594
2024-08-16 03:00:00,7.17449,7.17779,7.17441,7.17759,7811.0,7.1764,7811
2024-08-16 04:00:00,7.17753,7.17833,7.17454,7.17498,5451.0,7.176,5451
2024-08-16 05:00:00,7.17496,7.17713,7.17405,7.17577,7847.0,7.1759,7847
2024-08-16 06:00:00,7.17576,7.17996,7.1749,7.17939,9613.0,7.1776,9613
2024-08-16 07:00:00,7.17879,7.17941,7.1754,7.17578,9266.0,7.1773,9266
2024-08-16 08:00:00,7.17576,7.17719,7.16971,7.172571,9630.0,7.1732,9630
2024-08-16 09:00:00,7.172548,7.17289,7.16751,7.169834,9087.0,7.1705,9087
2024-08-16 10:00:00,7.169854,7.17176,7.168374,7.169873,7879.0,7.1701,7879
2024-08-16 11:00:00,7.1698,7.17037,7.16456,7.16774,10493.0,7.1672,10493
2024-08-16 12:00:00,7.167772,7.169602,7.162544,7.165712,11572.0,7.1674,11572
2024-08-16 13:00:00,7.165752,7.169555,7.1637,7.165872,15944.0,7.1664,15944
2024-08-16 14:00:00,7.166312,7.175747,7.166312,7.170731,15483.0,7.1722,15483
2024-08-16 15:00:00,7.170734,7.1756,7.168961,7.16977,11917.0,7.1713,11917
2024-08-16 16:00:00,7.169752,7.17045,7.1681,7.168561,10712.0,7.1691,10712
2024-08-16 17:00:00,7.168509,7.16868,7.1634,7.164188,13998.0,7.1655,13998
2024-08-16 18:00:00,7.164168,7.16491,7.16241,7.162762,11467.0,7.164,11467
2024-08-16 19:00:00,7.16281,7.16332,7.16,7.160694,11358.0,7.1624,11358
2024-08-16 20:00:00,7.160654,7.16548,7.02763,7.099122,8076.0,7.1609,8076
2024-08-18 21:00:00,7.15878,7.15962,7.1587,7.15924,14.0,7.159,14
2024-08-18 22:00:00,7.1588,7.16278,7.1588,7.16272,105.0,7.1614,105
2024-08-18 23:00:00,7.16225,7.16451,7.16174,7.1637,1365.0,7.1634,1365
2024-08-19 00:00:00,7.16373,7.16447,7.15612,7.15781,9079.0,7.1612,9079
2024-08-19 01:00:00,7.15811,7.15982,7.14322,7.14724,13987.0,7.1519,13987
2024-08-19 02:00:00,7.14726,7.15647,7.14714,7.15023,11496.0,7.1521,11496
2024-08-19 03:00:00,7.15029,7.15186,7.14177,7.1455,12769.0,7.1459,12769
2024-08-19 04:00:00,7.14547,7.14665,7.13939,7.14217,10355.0,7.1434,10355
2024-08-19 05:00:00,7.14205,7.14296,7.12743,7.12865,11726.0,7.1365,11726
2024-08-19 06:00:00,7.12865,7.14118,7.12859,7.14096,14168.0,7.1344,14168
2024-08-19 07:00:00,7.14094,7.14393,7.13035,7.13865,14180.0,7.1394,14180
2024-08-19 08:00:00,7.13877,7.13913,7.1324,7.13797,13348.0,7.1362,13348
2024-08-19 09:00:00,7.13802,7.14263,7.13641,7.14224,10852.0,7.1386,10852
2024-08-19 10:00:00,7.14221,7.14585,7.13781,7.14013,11071.0,7.1423,11071
2024-08-19 11:00:00,7.14005,7.14089,7.13568,7.13696,10611.0,7.139,10611
2024-08-19 12:00:00,7.13698,7.14214,7.135,7.14035,11017.0,7.1395,11017
2024-08-19 13:00:00,7.14037,7.14475,7.13947,7.13969,13557.0,7.1429,13557
2024-08-19 14:00:00,7.13956,7.14035,7.13092,7.13546,14975.0,7.1358,14975
2024-08-19 15:00:00,7.1353,7.1699,7.13352,7.13549,13229.0,7.1369,13229
2024-08-19 16:00:00,7.13551,7.13844,7.1344,7.13522,9402.0,7.1361,9402
2024-08-19 17:00:00,7.13515,7.13675,7.13125,7.13193,9198.0,7.1346,9198
2024-08-19 18:00:00,7.13189,7.13272,7.1292,7.13011,11708.0,7.1307,11708
2024-08-19 19:00:00,7.13011,7.13121,7.1289,7.13067,8559.0,7.13,8559
2024-08-19 20:00:00,7.13069,7.13377,7.11287,7.11329,6310.0,7.1322,6310
2024-08-19 21:00:00,7.11329,7.1361,7.11295,7.13319,1036.0,7.1278,1036
2024-08-19 22:00:00,7.12544,7.13375,7.1249,7.13116,1559.0,7.1302,1559
2024-08-19 23:00:00,7.12971,7.13372,7.12802,7.12987,6808.0,7.1302,6808
2024-08-20 00:00:00,7.12907,7.13546,7.12822,7.12936,10823.0,7.1309,10823
2024-08-20 01:00:00,7.12924,7.13305,7.1185,7.12957,11524.0,7.1269,11524
2024-08-20 02:00:00,7.12978,7.14711,7.12875,7.14508,14037.0,7.1365,14037
2024-08-20 03:00:00,7.14471,7.14616,7.13831,7.14358,11028.0,7.1417,11028
2024-08-20 04:00:00,7.14301,7.14486,7.14009,7.14443,8305.0,7.1433,8305
2024-08-20 05:00:00,7.14414,7.14587,7.14198,7.14544,9399.0,7.1441,9399
2024-08-20 06:00:00,7.14526,7.14651,7.13959,7.14241,12123.0,7.1432,12123
2024-08-20 07:00:00,7.14248,7.14546,7.1377,7.13896,13480.0,7.1418,13480
2024-08-20 08:00:00,7.13894,7.1417,7.1306,7.13962,14614.0,7.1373,14614
2024-08-20 09:00:00,7.13961,7.14208,7.13682,7.14146,11438.0,7.1387,11438
2024-08-20 10:00:00,7.14163,7.14409,7.14113,7.14297,9395.0,7.1425,9395
2024-08-20 11:00:00,7.14288,7.14455,7.14054,7.14138,8478.0,7.1423,8478
2024-08-20 12:00:00,7.14139,7.14196,7.13492,7.13613,11933.0,7.1397,11933
2024-08-20 13:00:00,7.13618,7.13633,7.1301,7.13038,14786.0,7.133,14786
2024-08-20 14:00:00,7.1304,7.13568,7.12667,7.12748,9791.0,7.1311,9791
2024-08-20 15:00:00,7.12896,7.13267,7.1279,7.13037,5173.0,7.1297,5173
2024-08-20 16:00:00,7.13045,7.1382,7.12262,7.12347,13001.0,7.1255,13001
2024-08-20 17:00:00,7.12341,7.1252,7.1221,7.12298,9975.0,7.1234,9975
2024-08-20 18:00:00,7.12294,7.1234,7.11826,7.11953,10148.0,7.121,10148
2024-08-20 19:00:00,7.11954,7.11963,7.11516,7.11565,10177.0,7.1173,10177
2024-08-20 20:00:00,7.11559,7.11756,7.11499,7.11692,4582.0,7.1168,4582
2024-08-20 21:00:00,7.11692,7.1296,7.09206,7.11007,652.0,7.1136,652
2024-08-20 22:00:00,7.11701,7.1184,7.11168,7.1166,1100.0,7.1161,1100
2024-08-20 23:00:00,7.11597,7.11727,7.11149,7.1137,7014.0,7.114,7014
2024-08-21 00:00:00,7.1139,7.12142,7.1121,7.11912,7934.0,7.1162,7934
2024-08-21 01:00:00,7.11906,7.12912,7.11608,7.12735,13973.0,7.123,13973
2024-08-21 02:00:00,7.12737,7.12906,7.1235,7.1284,9751.0,7.1269,9751
2024-08-21 03:00:00,7.12842,7.13256,7.1272,7.12906,10407.0,7.1294,10407
2024-08-21 04:00:00,7.12879,7.1303,7.12748,7.12766,7171.0,7.1292,7171
2024-08-21 05:00:00,7.1275,7.13027,7.1258,7.12876,8972.0,7.1287,8972
2024-08-21 06:00:00,7.12882,7.13281,7.12785,7.13067,11446.0,7.1307,11446
2024-08-21 07:00:00,7.13069,7.13509,7.1257,7.1336,13438.0,7.1295,13438
2024-08-21 08:00:00,7.13357,7.13379,7.12659,7.13095,11962.0,7.1307,11962
2024-08-21 09:00:00,7.1311,7.13356,7.12939,7.13224,10934.0,7.1314,10934
2024-08-21 10:00:00,7.1322,7.1335,7.1307,7.13305,7528.0,7.1322,7528
2024-08-21 11:00:00,7.13317,7.13317,7.1305,7.13118,9080.0,7.1321,9080
2024-08-21 12:00:00,7.1312,7.13127,7.12704,7.12767,12811.0,7.129,12811
2024-08-21 13:00:00,7.12768,7.1327,7.1259,7.12963,14858.0,7.1289,14858
2024-08-21 14:00:00,7.12961,7.1394,7.1232,7.13311,17035.0,7.1333,17035
2024-08-21 15:00:00,7.13313,7.13384,7.12371,7.12715,15873.0,7.1298,15873
2024-08-21 16:00:00,7.12723,7.12899,7.1261,7.12707,12684.0,7.1274,12684
2024-08-21 17:00:00,7.12704,7.12713,7.123,7.12397,12347.0,7.1248,12347
2024-08-21 18:00:00,7.12394,7.1246,7.11682,7.12209,15487.0,7.12,15487
2024-08-21 19:00:00,7.12205,7.12659,7.12201,7.12561,12676.0,7.125,12676
2024-08-21 20:00:00,7.12579,7.14261,7.12554,7.13006,7293.0,7.1294,7293
2024-08-21 21:00:00,7.13006,7.13983,7.12361,7.12995,1174.0,7.1292,1174
2024-08-21 22:00:00,7.12669,7.13314,7.12251,7.12833,1807.0,7.1296,1807
2024-08-21 23:00:00,7.12831,7.13196,7.12565,7.13023,5355.0,7.1289,5355
2024-08-22 00:00:00,7.12994,7.13067,7.12536,7.12793,8814.0,7.1286,8814
2024-08-22 01:00:00,7.12795,7.13367,7.125,7.13249,8219.0,7.1295,8219
2024-08-22 02:00:00,7.13253,7.13469,7.1313,7.13195,9577.0,7.133,9577
2024-08-22 03:00:00,7.13188,7.13196,7.12673,7.12844,8646.0,7.1296,8646
2024-08-22 04:00:00,7.12843,7.13113,7.12659,7.13001,7563.0,7.1289,7563
2024-08-22 05:00:00,7.13008,7.13076,7.12648,7.13012,7589.0,7.1287,7589
2024-08-22 06:00:00,7.13013,7.13121,7.12734,7.12993,9904.0,7.1293,9904
2024-08-22 07:00:00,7.12995,7.13372,7.12848,7.13031,12136.0,7.1308,12136
2024-08-22 08:00:00,7.13028,7.13926,7.127,7.13801,12359.0,7.1343,12359
2024-08-22 09:00:00,7.13803,7.13853,7.13452,7.13594,10520.0,7.1368,10520
2024-08-22 10:00:00,7.1359,7.13877,7.13478,7.1356,9752.0,7.1369,9752
2024-08-22 11:00:00,7.13562,7.13989,7.1352,7.13828,9833.0,7.1375,9833
2024-08-22 12:00:00,7.13823,7.14367,7.13685,7.13804,12402.0,7.1398,12402
2024-08-22 13:00:00,7.13803,7.14418,7.13612,7.1417,15267.0,7.1393,15267
2024-08-22 14:00:00,7.14162,7.14652,7.1416,7.14482,14021.0,7.1445,14021
2024-08-22 15:00:00,7.14478,7.14866,7.1325,7.14753,12882.0,7.1472,12882
2024-08-22 16:00:00,7.1476,7.14854,7.14689,7.14828,9729.0,7.1476,9729
2024-08-22 17:00:00,7.14823,7.14923,7.1472,7.14811,8709.0,7.1484,8709
2024-08-22 18:00:00,7.14811,7.14832,7.1453,7.14603,11173.0,7.147,11173
2024-08-22 19:00:00,7.14615,7.14755,7.1449,7.14732,9669.0,7.1463,9669
2024-08-22 20:00:00,7.14729,7.14778,7.14056,7.14252,5561.0,7.1466,5561
2024-08-22 21:00:00,7.14252,7.14783,7.14091,7.14116,1676.0,7.1446,1676
2024-08-22 22:00:00,7.14135,7.14704,7.13994,7.14553,1538.0,7.1448,1538
2024-08-22 23:00:00,7.14436,7.14641,7.14335,7.14526,4845.0,7.1444,4845
2024-08-23 00:00:00,7.14542,7.14628,7.14175,7.14508,9755.0,7.1444,9755
2024-08-23 01:00:00,7.14506,7.14876,7.14026,7.14177,9507.0,7.1439,9507
2024-08-23 02:00:00,7.14178,7.14347,7.13951,7.14209,9407.0,7.1422,9407
2024-08-23 03:00:00,7.14208,7.1426,7.13565,7.13756,9251.0,7.1385,9251
2024-08-23 04:00:00,7.13761,7.13983,7.13625,7.139,8081.0,7.1383,8081
2024-08-23 05:00:00,7.13898,7.13981,7.1367,7.13938,8274.0,7.1381,8274
2024-08-23 06:00:00,7.1393,7.13941,7.13216,7.13577,10048.0,7.1368,10048
2024-08-23 07:00:00,7.13546,7.13988,7.13411,7.13834,11384.0,7.1372,11384
2024-08-23 08:00:00,7.1383,7.13968,7.1357,7.13746,9841.0,7.138,9841
2024-08-23 09:00:00,7.13764,7.13953,7.1368,7.13885,9562.0,7.1384,9562
2024-08-23 10:00:00,7.13887,7.13948,7.13649,7.13912,8501.0,7.1383,8501
2024-08-23 11:00:00,7.13909,7.14128,7.1385,7.14097,8856.0,7.1398,8856
2024-08-23 12:00:00,7.14091,7.14248,7.13948,7.14022,10736.0,7.141,10736
2024-08-23 13:00:00,7.1401,7.14302,7.1375,7.14064,13179.0,7.1404,13179
2024-08-23 14:00:00,7.14071,7.14197,7.11799,7.12563,16535.0,7.1257,16535
2024-08-23 15:00:00,7.12559,7.12695,7.1143,7.12104,16409.0,7.1207,16409
2024-08-23 16:00:00,7.12106,7.12365,7.11963,7.12241,13691.0,7.1219,13691
2024-08-23 17:00:00,7.12232,7.12261,7.11447,7.11509,13905.0,7.1174,13905
2024-08-23 18:00:00,7.11511,7.11698,7.11261,7.11637,13254.0,7.1143,13254
2024-08-23 19:00:00,7.11635,7.11659,7.11432,7.11455,11330.0,7.1156,11330
2024-08-23 20:00:00,7.11457,7.11793,7.01063,7.06115,4268.0,7.1141,4268
2024-08-25 21:00:00,7.11273,7.11609,7.11185,7.11339,107.0,7.1134,107
2024-08-25 22:00:00,7.11351,7.11834,7.11299,7.11317,76.0,7.1158,76
2024-08-25 23:00:00,7.11414,7.11562,7.11217,7.1129,2057.0,7.1135,2057
2024-08-26 00:00:00,7.11297,7.11695,7.10625,7.11241,10313.0,7.1101,10313
2024-08-26 01:00:00,7.11239,7.11943,7.10689,7.11616,13347.0,7.1135,13347
2024-08-26 02:00:00,7.11615,7.12098,7.11418,7.11907,10311.0,7.1168,10311
2024-08-26 03:00:00,7.11898,7.12482,7.11701,7.12175,10399.0,7.1208,10399
2024-08-26 04:00:00,7.12176,7.12392,7.1198,7.12327,7352.0,7.1218,7352
2024-08-26 05:00:00,7.12324,7.12395,7.11957,7.1197,8230.0,7.1214,8230
2024-08-26 06:00:00,7.1197,7.12109,7.11573,7.11917,11964.0,7.1185,11964
2024-08-26 07:00:00,7.11912,7.12118,7.11579,7.11957,11916.0,7.118,11916
2024-08-26 08:00:00,7.11993,7.12101,7.11596,7.11828,10861.0,7.1182,10861
2024-08-26 09:00:00,7.11825,7.11977,7.11534,7.11831,9136.0,7.1176,9136
2024-08-26 10:00:00,7.11829,7.12034,7.11647,7.11776,8742.0,7.1181,8742
2024-08-26 11:00:00,7.1178,7.12322,7.11711,7.12227,10134.0,7.1205,10134
2024-08-26 12:00:00,7.12228,7.12506,7.12137,7.12178,12506.0,7.1229,12506
2024-08-26 13:00:00,7.12179,7.12496,7.1209,7.12418,14260.0,7.1231,14260
2024-08-26 14:00:00,7.12414,7.12491,7.1193,7.11981,14314.0,7.1221,14314
2024-08-26 15:00:00,7.11981,7.12487,7.11974,7.12314,11899.0,7.123,11899
2024-08-26 16:00:00,7.12312,7.1248,7.12123,7.12291,9937.0,7.123,9937
2024-08-26 17:00:00,7.12289,7.12343,7.1212,7.12287,10524.0,7.1224,10524
2024-08-26 18:00:00,7.12289,7.1248,7.12261,7.12388,9403.0,7.1235,9403
2024-08-26 19:00:00,7.12385,7.12474,7.1228,7.12453,7739.0,7.124,7739
2024-08-26 20:00:00,7.12448,7.12525,7.11638,7.12268,4937.0,7.1238,4937
2024-08-26 21:00:00,7.12268,7.123,7.0908,7.11796,723.0,7.1194,723
2024-08-26 22:00:00,7.11748,7.1227,7.11409,7.12222,1243.0,7.1212,1243
2024-08-26 23:00:00,7.12137,7.12577,7.11964,7.12498,4833.0,7.1226,4833
2024-08-27 00:00:00,7.12513,7.1282,7.12419,7.12757,7582.0,7.1261,7582
2024-08-27 01:00:00,7.12755,7.13076,7.12347,7.12587,11223.0,7.1265,11223
2024-08-27 02:00:00,7.12589,7.12768,7.12454,7.12617,8582.0,7.1263,8582
2024-08-27 03:00:00,7.12618,7.12733,7.1247,7.12652,6578.0,7.1262,6578
2024-08-27 04:00:00,7.1265,7.12697,7.12429,7.12441,5760.0,7.1259,5760
2024-08-27 05:00:00,7.12438,7.12537,7.1211,7.12452,8090.0,7.1233,8090
2024-08-27 06:00:00,7.1245,7.12602,7.11938,7.12455,10430.0,7.1231,10430
2024-08-27 07:00:00,7.12443,7.13355,7.12353,7.13231,13405.0,7.1287,13405
2024-08-27 08:00:00,7.13226,7.13416,7.12969,7.13152,11265.0,7.1319,11265
2024-08-27 09:00:00,7.13122,7.13175,7.12644,7.12923,10531.0,7.1289,10531
2024-08-27 10:00:00,7.12948,7.1312,7.1259,7.13013,9992.0,7.129,9992
2024-08-27 11:00:00,7.13012,7.13087,7.12609,7.12749,9345.0,7.1281,9345
2024-08-27 12:00:00,7.12742,7.13017,7.12637,7.12916,11851.0,7.1282,11851
2024-08-27 13:00:00,7.12908,7.13025,7.12713,7.12845,13024.0,7.1289,13024
2024-08-27 14:00:00,7.12832,7.12972,7.123,7.12886,14098.0,7.128,14098
2024-08-27 15:00:00,7.12892,7.12964,7.12467,7.12561,11708.0,7.1276,11708
2024-08-27 16:00:00,7.12563,7.12813,7.125,7.1264,8545.0,7.1265,8545
2024-08-27 17:00:00,7.12609,7.12674,7.1227,7.12435,9252.0,7.1247,9252
2024-08-27 18:00:00,7.1244,7.12477,7.1209,7.12192,9593.0,7.1223,9593
2024-08-27 19:00:00,7.12192,7.12265,7.11871,7.11906,9470.0,7.1204,9470
2024-08-27 20:00:00,7.11908,7.12167,7.0994,7.09961,7171.0,7.12,7171
2024-08-27 21:00:00,7.09961,7.13666,7.08373,7.1186,680.0,7.1188,680
2024-08-27 22:00:00,7.116,7.12199,7.116,7.11794,1724.0,7.1189,1724
2024-08-27 23:00:00,7.1179,7.12228,7.11705,7.12153,4570.0,7.1193,4570
2024-08-28 00:00:00,7.12156,7.12625,7.12101,7.12411,7579.0,7.1236,7579
2024-08-28 01:00:00,7.12407,7.12838,7.1228,7.12768,10676.0,7.1254,10676
2024-08-28 02:00:00,7.1277,7.13316,7.12749,7.13305,9272.0,7.1294,9272
2024-08-28 03:00:00,7.13307,7.13383,7.13051,7.13062,7365.0,7.1321,7365
2024-08-28 04:00:00,7.13066,7.13319,7.1298,7.13224,5796.0,7.1319,5796
2024-08-28 05:00:00,7.13222,7.13716,7.13193,7.13513,10213.0,7.1344,10213
2024-08-28 06:00:00,7.13511,7.13741,7.1324,7.13487,11230.0,7.135,11230
2024-08-28 07:00:00,7.13485,7.13509,7.12856,7.12959,12298.0,7.1312,12298
2024-08-28 08:00:00,7.12955,7.13103,7.12478,7.12643,11477.0,7.1284,11477
2024-08-28 09:00:00,7.12645,7.1283,7.12428,7.12718,10751.0,7.1265,10751
2024-08-28 10:00:00,7.12719,7.13143,7.12674,7.13061,8747.0,7.1296,8747
2024-08-28 11:00:00,7.13071,7.13169,7.12814,7.13139,7864.0,7.1297,7864
2024-08-28 12:00:00,7.13144,7.13762,7.13088,7.13649,12830.0,7.1342,12830
2024-08-28 13:00:00,7.13632,7.14083,7.13568,7.13581,12000.0,7.1381,12000
2024-08-28 14:00:00,7.13565,7.13587,7.12468,7.1265,15323.0,7.1313,15323
2024-08-28 15:00:00,7.12652,7.13001,7.12536,7.12961,12557.0,7.1283,12557
2024-08-28 16:00:00,7.12975,7.13315,7.12975,7.13187,10234.0,7.1318,10234
2024-08-28 17:00:00,7.13173,7.13485,7.1314,7.13309,9446.0,7.1331,9446
2024-08-28 18:00:00,7.13311,7.13359,7.13191,7.1328,8573.0,7.1327,8573
2024-08-28 19:00:00,7.1328,7.13399,7.1318,7.13232,9073.0,7.1328,9073
2024-08-28 20:00:00,7.1323,7.13294,7.11134,7.13216,7286.0,7.1317,7286
2024-08-28 21:00:00,7.13216,7.13248,7.1108,7.12517,706.0,7.1292,706
2024-08-28 22:00:00,7.12956,7.1312,7.11471,7.1267,2996.0,7.1276,2996
2024-08-28 23:00:00,7.12668,7.13096,7.12632,7.13066,5292.0,7.1282,5292
2024-08-29 00:00:00,7.13055,7.13088,7.12716,7.12868,7602.0,7.1289,7602
2024-08-29 01:00:00,7.12876,7.13236,7.12808,7.12952,8714.0,7.1301,8714
2024-08-29 02:00:00,7.12956,7.13078,7.12431,7.12775,9058.0,7.1275,9058
2024-08-29 03:00:00,7.12775,7.12852,7.11516,7.1157,9182.0,7.1225,9182
2024-08-29 04:00:00,7.11545,7.1171,7.11037,7.11419,8564.0,7.1135,8564
2024-08-29 05:00:00,7.11409,7.11788,7.10146,7.10634,9027.0,7.1128,9027
2024-08-29 06:00:00,7.10632,7.11108,7.1013,7.10418,12679.0,7.1071,12679
2024-08-29 07:00:00,7.10414,7.11188,7.10362,7.10741,12434.0,7.1087,12434
2024-08-29 08:00:00,7.1074,7.11443,7.10545,7.1058,14025.0,7.1099,14025
2024-08-29 09:00:00,7.10612,7.10662,7.08683,7.09138,14832.0,7.0948,14832
2024-08-29 10:00:00,7.09131,7.09567,7.08415,7.08615,12002.0,7.0908,12002
2024-08-29 11:00:00,7.08616,7.09171,7.08529,7.09066,11213.0,7.0891,11213
2024-08-29 12:00:00,7.09071,7.10158,7.068,7.09939,14436.0,7.0958,14436
2024-08-29 13:00:00,7.09936,7.102,7.0925,7.09336,12758.0,7.0971,12758
2024-08-29 14:00:00,7.09351,7.132,7.0893,7.09373,14776.0,7.0947,14776
2024-08-29 15:00:00,7.09386,7.09977,7.0919,7.09352,12812.0,7.0965,12812
2024-08-29 16:00:00,7.09383,7.09705,7.09215,7.09571,10110.0,7.0954,10110
2024-08-29 17:00:00,7.09593,7.0966,7.09197,7.0925,10168.0,7.0937,10168
2024-08-29 18:00:00,7.09265,7.09401,7.0906,7.0932,10738.0,7.0923,10738
2024-08-29 19:00:00,7.09311,7.09684,7.09306,7.09623,11361.0,7.095,11361
2024-08-29 20:00:00,7.096,7.09629,7.07688,7.07688,7063.0,7.0947,7063
2024-08-29 21:00:00,7.07688,7.09459,7.07688,7.08901,973.0,7.0918,973
2024-08-29 22:00:00,7.088,7.09363,7.0693,7.09096,1011.0,7.0918,1011
2024-08-29 23:00:00,7.09098,7.09391,7.08245,7.08833,5372.0,7.0905,5372
2024-08-30 00:00:00,7.08841,7.09771,7.08825,7.09465,8690.0,7.0929,8690
2024-08-30 01:00:00,7.09473,7.09762,7.0833,7.09211,12330.0,7.0925,12330
2024-08-30 02:00:00,7.09217,7.09247,7.08571,7.08963,9858.0,7.0899,9858
2024-08-30 03:00:00,7.08965,7.0912,7.08287,7.08614,8619.0,7.0882,8619
2024-08-30 04:00:00,7.0862,7.08682,7.07494,7.08132,9880.0,7.0812,9880
2024-08-30 05:00:00,7.08138,7.084,7.07747,7.08008,9316.0,7.081,9316
2024-08-30 06:00:00,7.0801,7.08889,7.07977,7.0855,12081.0,7.085,12081
2024-08-30 07:00:00,7.0855,7.08676,7.07067,7.07669,13869.0,7.0786,13869
2024-08-30 08:00:00,7.07667,7.08355,7.07244,7.08223,13094.0,7.0776,13094
2024-08-30 09:00:00,7.08227,7.08526,7.0808,7.08358,11554.0,7.0834,11554
2024-08-30 10:00:00,7.08359,7.08531,7.0798,7.08294,9849.0,7.0825,9849
2024-08-30 11:00:00,7.08289,7.08327,7.0764,7.07976,10173.0,7.08,10173
2024-08-30 12:00:00,7.07976,7.08347,7.07341,7.08152,14428.0,7.0787,14428
2024-08-30 13:00:00,7.0816,7.08527,7.07745,7.07995,15342.0,7.0823,15342
2024-08-30 14:00:00,7.07989,7.08882,7.0749,7.08616,15424.0,7.0804,15424
2024-08-30 15:00:00,7.0862,7.08868,7.08487,7.08669,14265.0,7.0867,14265
2024-08-30 16:00:00,7.08669,7.09122,7.0866,7.08957,12067.0,7.0892,12067
2024-08-30 17:00:00,7.08965,7.09218,7.08745,7.08902,11449.0,7.0898,11449
2024-08-30 18:00:00,7.08911,7.08922,7.08658,7.08799,9283.0,7.088,9283
2024-08-30 19:00:00,7.08814,7.08923,7.08625,7.08781,9199.0,7.088,9199
2024-08-30 20:00:00,7.08785,7.0913,6.49834,6.4995,8685.0,7.0866,8685
2024-09-01 21:00:00,7.08107,7.08807,7.08107,7.08769,73.0,7.0856,73
2024-09-01 22:00:00,7.0845,7.08999,7.0845,7.08933,98.0,7.0889,98
2024-09-01 23:00:00,7.08956,7.09929,7.08505,7.098,2964.0,7.0936,2964
2024-09-02 00:00:00,7.0979,7.09946,7.09422,7.09757,6385.0,7.0964,6385
2024-09-02 01:00:00,7.09759,7.10326,7.09252,7.10286,10990.0,7.0971,10990
2024-09-02 02:00:00,7.10313,7.10885,7.10229,7.10396,10539.0,7.1052,10539
2024-09-02 03:00:00,7.10397,7.10581,7.09944,7.10266,8135.0,7.1027,8135
2024-09-02 04:00:00,7.10278,7.10445,7.10234,7.10267,5819.0,7.1036,5819
2024-09-02 05:00:00,7.1026,7.10364,7.09937,7.10139,7279.0,7.1016,7279
2024-09-02 06:00:00,7.10141,7.10497,7.10029,7.10341,10260.0,7.1025,10260
2024-09-02 07:00:00,7.10341,7.11033,7.10229,7.10747,13207.0,7.107,13207
2024-09-02 08:00:00,7.10764,7.11361,7.10573,7.10889,12771.0,7.1094,12771
2024-09-02 09:00:00,7.10889,7.11326,7.10823,7.11257,9777.0,7.111,9777
2024-09-02 10:00:00,7.11262,7.11398,7.1109,7.1137,7248.0,7.1127,7248
2024-09-02 11:00:00,7.1137,7.11879,7.1125,7.11856,8397.0,7.1162,8397
2024-09-02 12:00:00,7.1185,7.11873,7.1129,7.11522,8792.0,7.1161,8792
2024-09-02 13:00:00,7.11531,7.11769,7.11239,7.11375,10767.0,7.1155,10767
2024-09-02 14:00:00,7.11365,7.11723,7.11257,7.11688,9901.0,7.1145,9901
2024-09-02 15:00:00,7.11689,7.11776,7.11511,7.11692,6164.0,7.1165,6164
2024-09-02 16:00:00,7.11694,7.11735,7.11585,7.11589,5595.0,7.1166,5595
2024-09-02 17:00:00,7.11593,7.11625,7.1143,7.11601,1900.0,7.1155,1900
2024-09-02 18:00:00,7.1156,7.1166,7.1144,7.11625,1780.0,7.1159,1780
2024-09-02 19:00:00,7.11611,7.11658,7.1155,7.11635,1132.0,7.1162,1132
2024-09-02 20:00:00,7.11617,7.11711,7.10452,7.11643,1255.0,7.1157,1255
2024-09-02 21:00:00,7.11643,7.12331,7.04894,7.10489,227.0,7.1114,227
2024-09-02 22:00:00,7.11486,7.1169,7.10415,7.11424,961.0,7.1116,961
2024-09-02 23:00:00,7.11257,7.11692,7.11188,7.11597,5652.0,7.1143,5652
2024-09-03 00:00:00,7.11583,7.11957,7.11418,7.11891,10437.0,7.1169,10437
2024-09-03 01:00:00,7.11893,7.12291,7.11684,7.11934,11688.0,7.1197,11688
2024-09-03 02:00:00,7.11938,7.12702,7.1184,7.12503,10538.0,7.123,10538
2024-09-03 03:00:00,7.12502,7.12733,7.12297,7.1253,8911.0,7.1256,8911
2024-09-03 04:00:00,7.12532,7.12622,7.1197,7.12263,8445.0,7.1229,8445
2024-09-03 05:00:00,7.12265,7.1248,7.12082,7.12364,9518.0,7.123,9518
2024-09-03 06:00:00,7.12363,7.12538,7.11949,7.12078,12323.0,7.1224,12323
2024-09-03 07:00:00,7.12092,7.12165,7.11572,7.11879,14428.0,7.1184,14428
2024-09-03 08:00:00,7.11881,7.12151,7.1165,7.12123,13739.0,7.1187,13739
2024-09-03 09:00:00,7.12121,7.12541,7.12075,7.12443,12219.0,7.1233,12219
2024-09-03 10:00:00,7.1245,7.12638,7.12251,7.12607,10591.0,7.1248,10591
2024-09-03 11:00:00,7.12609,7.12947,7.1253,7.12892,9215.0,7.1274,9215
2024-09-03 12:00:00,7.12903,7.13079,7.12533,7.12706,12517.0,7.1284,12517
2024-09-03 13:00:00,7.12706,7.12951,7.12137,7.12419,15726.0,7.1251,15726
2024-09-03 14:00:00,7.12574,7.12891,7.12067,7.12113,15534.0,7.1247,15534
2024-09-03 15:00:00,7.12105,7.12521,7.1206,7.12281,13131.0,7.1235,13131
2024-09-03 16:00:00,7.12283,7.12482,7.0892,7.12296,11280.0,7.1227,11280
2024-09-03 17:00:00,7.12304,7.12524,7.1221,7.12484,8736.0,7.1242,8736
2024-09-03 18:00:00,7.12484,7.12719,7.1246,7.1247,11504.0,7.1256,11504
2024-09-03 19:00:00,7.12468,7.1254,7.12,7.12079,12861.0,7.1217,12861
2024-09-03 20:00:00,7.12108,7.12263,7.10281,7.12076,7671.0,7.121,7671
2024-09-03 21:00:00,7.12076,7.12165,7.10472,7.12089,584.0,7.119,584
2024-09-03 22:00:00,7.11674,7.12287,7.11595,7.118,2002.0,7.119,2002
2024-09-03 23:00:00,7.11798,7.11943,7.1144,7.11787,7186.0,7.117,7186
2024-09-04 00:00:00,7.11814,7.12116,7.11421,7.11546,10823.0,7.1176,10823
2024-09-04 01:00:00,7.11548,7.11824,7.10982,7.11365,12603.0,7.1147,12603
2024-09-04 02:00:00,7.11363,7.11653,7.1053,7.10861,12129.0,7.1109,12129
2024-09-04 03:00:00,7.10878,7.11314,7.10688,7.10788,9218.0,7.11,9218
2024-09-04 04:00:00,7.1079,7.1107,7.10762,7.11005,6426.0,7.1091,6426
2024-09-04 05:00:00,7.11022,7.11698,7.1079,7.11506,10002.0,7.1109,10002
2024-09-04 06:00:00,7.11458,7.11654,7.11229,7.11285,12733.0,7.1148,12733
2024-09-04 07:00:00,7.11304,7.11495,7.1104,7.11339,13288.0,7.1128,13288
2024-09-04 08:00:00,7.11345,7.11928,7.10974,7.11854,13176.0,7.1151,13176
2024-09-04 09:00:00,7.11891,7.12049,7.11767,7.11842,10513.0,7.1189,10513
2024-09-04 10:00:00,7.1184,7.12236,7.11839,7.12051,8298.0,7.1202,8298
2024-09-04 11:00:00,7.12057,7.12106,7.1175,7.11877,9054.0,7.1192,9054
2024-09-04 12:00:00,7.11864,7.1221,7.11847,7.11909,11451.0,7.1199,11451
2024-09-04 13:00:00,7.11909,7.12202,7.11785,7.12013,12820.0,7.1199,12820
2024-09-04 14:00:00,7.1198,7.12064,7.09609,7.10975,15704.0,7.1118,15704
2024-09-04 15:00:00,7.10973,7.11568,7.10933,7.11489,13908.0,7.1136,13908
2024-09-04 16:00:00,7.11476,7.11544,7.1108,7.11161,10806.0,7.1131,10806
2024-09-04 17:00:00,7.1117,7.11632,7.11045,7.11599,10239.0,7.1135,10239
2024-09-04 18:00:00,7.116,7.12381,7.11334,7.11468,9192.0,7.1154,9192
2024-09-04 19:00:00,7.1147,7.1151,7.11258,7.11431,10072.0,7.1141,10072
2024-09-04 20:00:00,7.11431,7.1146,7.10323,7.10323,8285.0,7.1128,8285
2024-09-04 21:00:00,7.10323,7.11643,7.10321,7.10727,624.0,7.1116,624
2024-09-04 22:00:00,7.11086,7.1136,7.10777,7.1092,3191.0,7.1098,3191
2024-09-04 23:00:00,7.10909,7.11136,7.10281,7.10426,7439.0,7.1057,7439
2024-09-05 00:00:00,7.1043,7.11022,7.10428,7.10773,9194.0,7.1087,9194
2024-09-05 01:00:00,7.10791,7.10912,7.09449,7.10108,13814.0,7.1014,13814
2024-09-05 02:00:00,7.10133,7.10182,7.096,7.10121,10323.0,7.0988,10323
2024-09-05 03:00:00,7.10123,7.10249,7.09859,7.10132,9323.0,7.101,9323
2024-09-05 04:00:00,7.10126,7.10336,7.09992,7.10082,6779.0,7.1017,6779
2024-09-05 05:00:00,7.10076,7.10263,7.09846,7.09943,9630.0,7.1006,9630
2024-09-05 06:00:00,7.09945,7.10041,7.09552,7.09877,14181.0,7.0979,14181
2024-09-05 07:00:00,7.09879,7.10436,7.09789,7.10082,14530.0,7.1009,14530
2024-09-05 08:00:00,7.10038,7.10299,7.0979,7.09911,13632.0,7.1003,13632
2024-09-05 09:00:00,7.09909,7.1,7.09648,7.09727,12120.0,7.0982,12120
2024-09-05 10:00:00,7.09736,7.09886,7.0959,7.09686,9718.0,7.0973,9718
2024-09-05 11:00:00,7.09686,7.09747,7.09451,7.09519,9094.0,7.0962,9094
2024-09-05 12:00:00,7.09521,7.09639,7.08302,7.09148,15076.0,7.0922,15076
2024-09-05 13:00:00,7.09144,7.09154,7.0862,7.08795,14701.0,7.0887,14701
2024-09-05 14:00:00,7.08713,7.09654,7.08621,7.093,15672.0,7.0921,15672
2024-09-05 15:00:00,7.09302,7.1149,7.09114,7.09236,14732.0,7.0934,14732
2024-09-05 16:00:00,7.0924,7.09289,7.08745,7.08906,13051.0,7.0903,13051
2024-09-05 17:00:00,7.08899,7.09128,7.0879,7.09069,13260.0,7.0895,13260
2024-09-05 18:00:00,7.09049,7.09081,7.08777,7.08944,12762.0,7.0891,12762
2024-09-05 19:00:00,7.08942,7.09074,7.08842,7.09001,12926.0,7.0895,12926
2024-09-05 20:00:00,7.09003,7.09068,7.07184,7.07804,9006.0,7.0895,9006
2024-09-05 21:00:00,7.07804,7.09043,7.06946,7.08714,516.0,7.0879,516
2024-09-05 22:00:00,7.08802,7.08889,7.08563,7.08676,2154.0,7.0878,2154
2024-09-05 23:00:00,7.08678,7.089,7.08674,7.0884,3759.0,7.0878,3759
2024-09-06 00:00:00,7.08838,7.08957,7.083,7.08457,9201.0,7.0864,9201
2024-09-06 01:00:00,7.08458,7.09206,7.08406,7.08992,9646.0,7.0876,9646
2024-09-06 02:00:00,7.08996,7.09348,7.0878,7.091,8728.0,7.0906,8728
2024-09-06 03:00:00,7.09102,7.09256,7.08572,7.08619,7698.0,7.0891,7698
2024-09-06 04:00:00,7.08619,7.08634,7.0802,7.08338,8875.0,7.083,8875
2024-09-06 05:00:00,7.08329,7.08368,7.07945,7.08118,10193.0,7.0814,10193
2024-09-06 06:00:00,7.08116,7.0846,7.078,7.08343,13172.0,7.0809,13172
2024-09-06 07:00:00,7.08343,7.08445,7.08043,7.08313,14239.0,7.0826,14239
2024-09-06 08:00:00,7.08313,7.08766,7.0809,7.08183,13762.0,7.0839,13762
2024-09-06 09:00:00,7.08185,7.08405,7.08107,7.08236,10217.0,7.0824,10217
2024-09-06 10:00:00,7.08249,7.08299,7.08085,7.08123,9713.0,7.0821,9713
2024-09-06 11:00:00,7.08119,7.08493,7.0808,7.08234,9891.0,7.0831,9891
2024-09-06 12:00:00,7.08234,7.09046,7.07229,7.0857,14413.0,7.0819,14413
2024-09-06 13:00:00,7.08562,7.1008,7.08316,7.09668,16925.0,7.0925,16925
2024-09-06 14:00:00,7.09633,7.09927,7.08724,7.09013,15846.0,7.0927,15846
2024-09-06 15:00:00,7.09007,7.09411,7.05173,7.08985,14205.0,7.0882,14205
2024-09-06 16:00:00,7.08992,7.09926,7.08917,7.09698,15858.0,7.0962,15858
2024-09-06 17:00:00,7.09709,7.09909,7.09293,7.09517,13395.0,7.0951,13395
2024-09-06 18:00:00,7.09515,7.09609,7.09252,7.09305,12641.0,7.0941,12641
2024-09-06 19:00:00,7.09309,7.09382,7.0919,7.09345,11815.0,7.0932,11815
2024-09-06 20:00:00,7.09341,7.09475,6.95787,6.95787,11759.0,7.0902,11759
2024-09-08 21:00:00,7.08845,7.0892,7.08845,7.0892,3.0,7.089,3
2024-09-08 22:00:00,7.08952,7.09995,7.0892,7.09717,63.0,7.0957,63
2024-09-08 23:00:00,7.09811,7.1017,7.09625,7.10066,2432.0,7.0986,2432
2024-09-09 00:00:00,7.10072,7.10554,7.09986,7.10416,8410.0,7.1029,8410
2024-09-09 01:00:00,7.10416,7.11262,7.10201,7.1107,13166.0,7.1069,13166
2024-09-09 02:00:00,7.11068,7.11187,7.10748,7.11129,9350.0,7.1101,9350
2024-09-09 03:00:00,7.1114,7.11156,7.10562,7.10943,7914.0,7.1087,7914
2024-09-09 04:00:00,7.10944,7.11477,7.10874,7.11349,8042.0,7.1112,8042
2024-09-09 05:00:00,7.11346,7.11539,7.1103,7.11336,9461.0,7.1126,9461
2024-09-09 06:00:00,7.1134,7.11347,7.10824,7.11145,12537.0,7.1108,12537
2024-09-09 07:00:00,7.11146,7.11936,7.11132,7.11725,15522.0,7.1165,15522
2024-09-09 08:00:00,7.11726,7.12417,7.11593,7.12157,14500.0,7.12,14500
2024-09-09 09:00:00,7.12155,7.12391,7.12,7.1217,11403.0,7.122,11403
2024-09-09 10:00:00,7.12168,7.12547,7.12121,7.12435,10425.0,7.1238,10425
2024-09-09 11:00:00,7.12432,7.12509,7.1226,7.12435,10061.0,7.1241,10061
2024-09-09 12:00:00,7.12426,7.12496,7.0949,7.12189,12855.0,7.1213,12855
2024-09-09 13:00:00,7.12191,7.12194,7.1132,7.11544,15960.0,7.1167,15960
2024-09-09 14:00:00,7.11539,7.11868,7.1129,7.11705,14364.0,7.1163,14364
2024-09-09 15:00:00,7.11703,7.12128,7.11647,7.11805,13753.0,7.119,13753
2024-09-09 16:00:00,7.11808,7.11812,7.1136,7.11531,12083.0,7.1158,12083
2024-09-09 17:00:00,7.11529,7.11717,7.11315,7.11681,11329.0,7.1153,11329
2024-09-09 18:00:00,7.11683,7.1195,7.11657,7.11884,11915.0,7.1178,11915
2024-09-09 19:00:00,7.11874,7.12045,7.11868,7.11959,9377.0,7.1195,9377
2024-09-09 20:00:00,7.11963,7.12202,7.08509,7.08509,11343.0,7.1187,11343
2024-09-09 21:00:00,7.08509,7.12891,7.08509,7.11986,351.0,7.1172,351
2024-09-09 22:00:00,7.11596,7.12128,7.11429,7.11833,1377.0,7.1183,1377
2024-09-09 23:00:00,7.11816,7.12181,7.1171,7.12098,4040.0,7.1199,4040
2024-09-10 00:00:00,7.12094,7.12489,7.12017,7.12315,8805.0,7.1231,8805
2024-09-10 01:00:00,7.12313,7.12952,7.122,7.12707,10105.0,7.126,10105
2024-09-10 02:00:00,7.1271,7.1282,7.12476,7.12509,8744.0,7.1264,8744
2024-09-10 03:00:00,7.12511,7.12558,7.12061,7.12164,8315.0,7.1228,8315
2024-09-10 04:00:00,7.12113,7.12242,7.12,7.12072,5869.0,7.1212,5869
2024-09-10 05:00:00,7.12071,7.1237,7.12027,7.12332,7662.0,7.1222,7662
2024-09-10 06:00:00,7.12334,7.12465,7.12183,7.12401,10339.0,7.1234,10339
2024-09-10 07:00:00,7.12397,7.12828,7.12397,7.12807,13158.0,7.1265,13158
2024-09-10 08:00:00,7.12814,7.13211,7.1274,7.12881,13363.0,7.1294,13363
2024-09-10 09:00:00,7.12885,7.12918,7.1261,7.12838,12298.0,7.1275,12298
2024-09-10 10:00:00,7.12839,7.12913,7.12513,7.12694,9401.0,7.1273,9401
2024-09-10 11:00:00,7.12693,7.12948,7.1257,7.12929,10830.0,7.1275,10830
2024-09-10 12:00:00,7.12931,7.12994,7.1268,7.12787,12290.0,7.1285,12290
2024-09-10 13:00:00,7.12791,7.13164,7.12689,7.13134,13749.0,7.129,13749
2024-09-10 14:00:00,7.13136,7.13415,7.11686,7.1338,14912.0,7.1321,14912
2024-09-10 15:00:00,7.13378,7.13501,7.12987,7.13076,13685.0,7.1326,13685
2024-09-10 16:00:00,7.13078,7.13287,7.13045,7.1326,12086.0,7.1316,12086
2024-09-10 17:00:00,7.13263,7.13443,7.13143,7.13432,11815.0,7.1329,11815
2024-09-10 18:00:00,7.13441,7.13485,7.1333,7.13405,11272.0,7.1342,11272
2024-09-10 19:00:00,7.13413,7.13518,7.1338,7.1345,10840.0,7.1347,10840
2024-09-10 20:00:00,7.13448,7.13741,7.13032,7.13057,6293.0,7.1348,6293
2024-09-10 21:00:00,7.13057,7.13749,7.11704,7.13486,361.0,7.1335,361
2024-09-10 22:00:00,7.13335,7.13518,7.13274,7.13432,2564.0,7.1337,2564
2024-09-10 23:00:00,7.13434,7.1352,7.13209,7.1335,4373.0,7.1336,4373
2024-09-11 00:00:00,7.13372,7.13663,7.13283,7.13564,8114.0,7.1351,8114
2024-09-11 01:00:00,7.13562,7.13659,7.11568,7.12045,13437.0,7.1258,13437
2024-09-11 02:00:00,7.12043,7.12351,7.1151,7.12143,12987.0,7.1193,12987
2024-09-11 03:00:00,7.12141,7.12352,7.1167,7.11958,10859.0,7.1197,10859
2024-09-11 04:00:00,7.11975,7.11983,7.1131,7.11457,10491.0,7.1163,10491
2024-09-11 05:00:00,7.11455,7.11605,7.10741,7.11588,12859.0,7.1123,12859
2024-09-11 06:00:00,7.11595,7.11892,7.10756,7.11702,13672.0,7.1169,13672
2024-09-11 07:00:00,7.11701,7.11847,7.11496,7.1179,13725.0,7.1168,13725
2024-09-11 08:00:00,7.1179,7.1188,7.11482,7.11783,12435.0,7.1172,12435
2024-09-11 09:00:00,7.11787,7.1188,7.11601,7.1186,11378.0,7.1175,11378
2024-09-11 10:00:00,7.11868,7.12028,7.11458,7.11608,10777.0,7.1181,10777
2024-09-11 11:00:00,7.11618,7.11862,7.11443,7.11789,10733.0,7.1165,10733
2024-09-11 12:00:00,7.11794,7.13245,7.09968,7.12538,15083.0,7.1224,15083
2024-09-11 13:00:00,7.12534,7.12812,7.12144,7.12266,15594.0,7.1247,15594
2024-09-11 14:00:00,7.12268,7.12851,7.1212,7.12421,16352.0,7.1251,16352
2024-09-11 15:00:00,7.12417,7.12548,7.1204,7.12481,14890.0,7.1234,14890
2024-09-11 16:00:00,7.12465,7.12671,7.12364,7.12534,13763.0,7.1253,13763
2024-09-11 17:00:00,7.12534,7.12879,7.12485,7.12685,12111.0,7.127,12111
2024-09-11 18:00:00,7.12683,7.12719,7.12496,7.12683,10955.0,7.1263,10955
2024-09-11 19:00:00,7.12683,7.12909,7.126,7.1288,11023.0,7.1277,11023
2024-09-11 20:00:00,7.1288,7.13158,7.11294,7.12951,14267.0,7.1299,14267
2024-09-11 21:00:00,7.12951,7.12951,7.11294,7.12743,627.0,7.1258,627
2024-09-11 22:00:00,7.12364,7.12756,7.12037,7.12438,4162.0,7.1233,4162
2024-09-11 23:00:00,7.1244,7.12688,7.12348,7.12662,5716.0,7.1251,5716
2024-09-12 00:00:00,7.12667,7.12957,7.12644,7.12839,8696.0,7.1284,8696
2024-09-12 01:00:00,7.12837,7.1297,7.12284,7.12626,11975.0,7.1266,11975
2024-09-12 02:00:00,7.12609,7.12838,7.12373,7.12656,10153.0,7.1265,10153
2024-09-12 03:00:00,7.12658,7.12658,7.1231,7.12495,6871.0,7.1248,6871
2024-09-12 04:00:00,7.12493,7.12623,7.12448,7.12515,5435.0,7.1255,5435
2024-09-12 05:00:00,7.12526,7.12713,7.12286,7.12345,7527.0,7.1252,7527
2024-09-12 06:00:00,7.12337,7.12773,7.12196,7.12742,10736.0,7.1247,10736
2024-09-12 07:00:00,7.12726,7.13267,7.12714,7.13074,14939.0,7.13,14939
2024-09-12 08:00:00,7.13075,7.13116,7.12792,7.12938,12301.0,7.1295,12301
2024-09-12 09:00:00,7.1294,7.13035,7.127,7.12954,9936.0,7.1289,9936
2024-09-12 10:00:00,7.12954,7.13023,7.12732,7.12772,8562.0,7.1286,8562
2024-09-12 11:00:00,7.12772,7.12849,7.12616,7.12724,8778.0,7.1275,8778
2024-09-12 12:00:00,7.12724,7.13008,7.12233,7.12613,14800.0,7.1256,14800
2024-09-12 13:00:00,7.12618,7.12736,7.1222,7.12406,15625.0,7.1247,15625
2024-09-12 14:00:00,7.12426,7.13114,7.12406,7.13017,14627.0,7.1277,14627
2024-09-12 15:00:00,7.13015,7.13304,7.12868,7.13144,13955.0,7.131,13955
2024-09-12 16:00:00,7.1315,7.13286,7.125,7.13111,11293.0,7.1315,11293
2024-09-12 17:00:00,7.13112,7.13166,7.12459,7.12507,12859.0,7.1287,12859
2024-09-12 18:00:00,7.12509,7.12622,7.12186,7.12298,13385.0,7.1241,13385
2024-09-12 19:00:00,7.12313,7.12478,7.12015,7.12065,13217.0,7.1221,13217
2024-09-12 20:00:00,7.12069,7.1213,7.045,7.10572,13371.0,7.1167,13371
2024-09-12 21:00:00,7.10572,7.1208,7.02364,7.11193,513.0,7.1159,513
2024-09-12 22:00:00,7.1102,7.11989,7.10922,7.11599,1320.0,7.1164,1320
2024-09-12 23:00:00,7.11607,7.11962,7.11457,7.11629,6832.0,7.1176,6832
2024-09-13 00:00:00,7.11596,7.11699,7.10476,7.10569,11542.0,7.1103,11542
2024-09-13 01:00:00,7.10553,7.11432,7.10313,7.11198,12712.0,7.1094,12712
2024-09-13 02:00:00,7.11196,7.11375,7.10725,7.11045,11002.0,7.1103,11002
2024-09-13 03:00:00,7.11047,7.11119,7.10483,7.10712,9688.0,7.1083,9688
2024-09-13 04:00:00,7.10706,7.11014,7.10569,7.10964,8026.0,7.1084,8026
2024-09-13 05:00:00,7.10967,7.1112,7.10229,7.1035,9925.0,7.1075,9925
2024-09-13 06:00:00,7.10348,7.10554,7.0998,7.10195,13992.0,7.1031,13992
2024-09-13 07:00:00,7.10196,7.10624,7.09634,7.0978,14537.0,7.1022,14537
2024-09-13 08:00:00,7.09778,7.0993,7.0933,7.096,14841.0,7.0971,14841
2024-09-13 09:00:00,7.09643,7.09771,7.09048,7.0927,13944.0,7.0941,13944
2024-09-13 10:00:00,7.09258,7.09891,7.09041,7.09777,12176.0,7.0956,12176
2024-09-13 11:00:00,7.09771,7.10382,7.09719,7.10273,12685.0,7.1008,12685
2024-09-13 12:00:00,7.1027,7.10362,7.0963,7.09775,13479.0,7.0995,13479
2024-09-13 13:00:00,7.09784,7.0991,7.09054,7.09743,15964.0,7.0957,15964
2024-09-13 14:00:00,7.09739,7.1287,7.09715,7.09817,15335.0,7.0993,15335
2024-09-13 15:00:00,7.09819,7.10037,7.09536,7.09916,12835.0,7.098,12835
2024-09-13 16:00:00,7.09917,7.1018,7.09678,7.0995,12225.0,7.0996,12225
2024-09-13 17:00:00,7.0995,7.10336,7.09807,7.10202,10229.0,7.1013,10229
2024-09-13 18:00:00,7.10197,7.10402,7.10035,7.10127,9857.0,7.1017,9857
2024-09-13 19:00:00,7.10125,7.1019,7.09874,7.09926,11102.0,7.1004,11102
2024-09-13 20:00:00,7.09908,7.10312,6.9951,6.99633,17627.0,7.0986,17627
2024-09-15 21:00:00,7.08954,7.09681,7.08954,7.09667,76.0,7.0965,76
2024-09-15 22:00:00,7.08987,7.09752,7.08982,7.09294,67.0,7.0928,67
2024-09-15 23:00:00,7.09622,7.10071,7.09134,7.10012,1406.0,7.0977,1406
2024-09-16 00:00:00,7.10012,7.1011,7.09391,7.09676,7773.0,7.0958,7773
2024-09-16 01:00:00,7.09657,7.10066,7.09513,7.09976,7188.0,7.0977,7188
2024-09-16 02:00:00,7.0998,7.1048,7.09923,7.10237,7746.0,7.102,7746
2024-09-16 03:00:00,7.10233,7.10412,7.09719,7.09827,8414.0,7.1005,8414
2024-09-16 04:00:00,7.09829,7.10313,7.09614,7.10285,8134.0,7.0995,8134
2024-09-16 05:00:00,7.10278,7.1038,7.095,7.09638,7541.0,7.1011,7541
2024-09-16 06:00:00,7.09631,7.09915,7.0898,7.09377,12672.0,7.0952,12672
2024-09-16 07:00:00,7.09377,7.09441,7.08926,7.09316,14356.0,7.0917,14356
2024-09-16 08:00:00,7.09339,7.09481,7.09017,7.09152,11330.0,7.0924,11330
2024-09-16 09:00:00,7.0915,7.09608,7.08761,7.0939,12620.0,7.0921,12620
2024-09-16 10:00:00,7.09388,7.09401,7.091,7.09265,8873.0,7.0926,8873
2024-09-16 11:00:00,7.09265,7.0942,7.0914,7.09254,8869.0,7.0928,8869
2024-09-16 12:00:00,7.09253,7.09695,7.08904,7.09412,13347.0,7.0932,13347
2024-09-16 13:00:00,7.0941,7.09558,7.09193,7.095,13263.0,7.094,13263
2024-09-16 14:00:00,7.095,7.09811,7.09329,7.0962,13987.0,7.0959,13987
2024-09-16 15:00:00,7.09628,7.09935,7.0962,7.09804,13471.0,7.0978,13471
2024-09-16 16:00:00,7.09803,7.09854,7.09557,7.09599,9478.0,7.0975,9478
2024-09-16 17:00:00,7.09587,7.09882,7.095,7.09827,9295.0,7.0974,9295
2024-09-16 18:00:00,7.09814,7.09941,7.0973,7.09906,9150.0,7.0986,9150
2024-09-16 19:00:00,7.09904,7.10022,7.09702,7.09724,11335.0,7.0989,11335
2024-09-16 20:00:00,7.09748,7.09809,7.05923,7.05923,7709.0,7.0971,7709
2024-09-16 21:00:00,7.05923,7.09718,7.04176,7.09611,411.0,7.0945,411
2024-09-16 22:00:00,7.09284,7.0973,7.07179,7.09485,1142.0,7.0953,1142
2024-09-16 23:00:00,7.09574,7.10125,7.09468,7.09732,4915.0,7.0969,4915
2024-09-17 00:00:00,7.0973,7.10091,7.09551,7.10021,8461.0,7.0981,8461
2024-09-17 01:00:00,7.10019,7.10216,7.0965,7.09767,8079.0,7.0996,8079
2024-09-17 02:00:00,7.09769,7.09819,7.09233,7.09616,7748.0,7.0951,7748
2024-09-17 03:00:00,7.09614,7.09668,7.093,7.09623,6710.0,7.0953,6710
2024-09-17 04:00:00,7.09618,7.09862,7.0955,7.09716,5508.0,7.0971,5508
2024-09-17 05:00:00,7.0973,7.09867,7.09411,7.09821,6476.0,7.0966,6476
2024-09-17 06:00:00,7.09821,7.1006,7.09716,7.09949,10107.0,7.099,10107
2024-09-17 07:00:00,7.09951,7.1001,7.09628,7.09689,12684.0,7.0983,12684
2024-09-17 08:00:00,7.09692,7.0989,7.09428,7.0956,11153.0,7.0968,11153
2024-09-17 09:00:00,7.09529,7.0965,7.09231,7.09416,11251.0,7.0945,11251
2024-09-17 10:00:00,7.09402,7.09528,7.092,7.09492,8693.0,7.0938,8693
2024-09-17 11:00:00,7.09493,7.09555,7.09313,7.09404,9069.0,7.0946,9069
2024-09-17 12:00:00,7.0941,7.10082,7.09052,7.09965,13252.0,7.0964,13252
2024-09-17 13:00:00,7.09964,7.10382,7.09763,7.1035,14860.0,7.1003,14860
2024-09-17 14:00:00,7.10347,7.10939,7.1011,7.10776,14976.0,7.1052,14976
2024-09-17 15:00:00,7.10774,7.10956,7.098,7.10841,11462.0,7.1087,11462
2024-09-17 16:00:00,7.10848,7.10945,7.1072,7.10811,11643.0,7.1085,11643
2024-09-17 17:00:00,7.10809,7.11001,7.10777,7.10949,12335.0,7.1089,12335
2024-09-17 18:00:00,7.1095,7.10971,7.1078,7.10913,12685.0,7.1091,12685
2024-09-17 19:00:00,7.10915,7.11093,7.1085,7.11071,13829.0,7.1098,13829
2024-09-17 20:00:00,7.11069,7.11496,7.09765,7.10431,9955.0,7.1109,9955
2024-09-17 21:00:00,7.10431,7.11132,7.10431,7.10773,431.0,7.1094,431
2024-09-17 22:00:00,7.10977,7.11139,7.10967,7.11113,1606.0,7.1104,1606
2024-09-17 23:00:00,7.11035,7.1114,7.1074,7.10798,3411.0,7.1092,3411
2024-09-18 00:00:00,7.10812,7.1083,7.10476,7.10518,7715.0,7.1068,7715
2024-09-18 01:00:00,7.1052,7.10526,7.09671,7.09891,12849.0,7.1005,12849
2024-09-18 02:00:00,7.09889,7.1027,7.09851,7.10033,8714.0,7.1004,8714
2024-09-18 03:00:00,7.10015,7.10042,7.09546,7.09783,6891.0,7.0983,6891
2024-09-18 04:00:00,7.09781,7.09943,7.09626,7.09936,5859.0,7.0975,5859
2024-09-18 05:00:00,7.09934,7.10008,7.0976,7.09796,7383.0,7.0988,7383
2024-09-18 06:00:00,7.09794,7.09821,7.09446,7.09665,10694.0,7.0969,10694
2024-09-18 07:00:00,7.09659,7.0987,7.0897,7.09198,12519.0,7.0955,12519
2024-09-18 08:00:00,7.09196,7.09306,7.08821,7.09027,13257.0,7.0912,13257
2024-09-18 09:00:00,7.09029,7.09158,7.08541,7.08785,12346.0,7.0881,12346
2024-09-18 10:00:00,7.0879,7.08864,7.08501,7.08631,9843.0,7.0864,9843
2024-09-18 11:00:00,7.08631,7.08788,7.08577,7.0867,9018.0,7.0869,9018
2024-09-18 12:00:00,7.08662,7.08842,7.0854,7.08618,10242.0,7.0868,10242
2024-09-18 13:00:00,7.08619,7.08634,7.07944,7.08184,14958.0,7.082,14958
2024-09-18 14:00:00,7.08183,7.08585,7.08126,7.08336,14148.0,7.0835,14148
2024-09-18 15:00:00,7.08326,7.08549,7.08245,7.0843,11120.0,7.0839,11120
2024-09-18 16:00:00,7.08426,7.1095,7.08379,7.08455,8707.0,7.0844,8707
2024-09-18 17:00:00,7.08457,7.0877,7.08366,7.08449,10822.0,7.0852,10822
2024-09-18 18:00:00,7.085,7.08502,7.02417,7.07968,16199.0,7.0744,16199
2024-09-18 19:00:00,7.07949,7.09971,7.07942,7.09665,16867.0,7.0903,16867
2024-09-18 20:00:00,7.09673,7.09707,7.08378,7.08719,14602.0,7.0945,14602
2024-09-18 21:00:00,7.08719,7.09575,7.04626,7.0929,391.0,7.0925,391
2024-09-18 22:00:00,7.08944,7.09454,7.08906,7.08947,2300.0,7.0905,2300
2024-09-18 23:00:00,7.08943,7.09655,7.08902,7.0962,7069.0,7.0937,7069
2024-09-19 00:00:00,7.09631,7.10648,7.09618,7.10322,14134.0,7.1013,14134
2024-09-19 01:00:00,7.10324,7.11356,7.09819,7.10706,14439.0,7.1072,14439
2024-09-19 02:00:00,7.10708,7.1084,7.096,7.09713,14336.0,7.1018,14336
2024-09-19 03:00:00,7.09711,7.0981,7.07777,7.08222,14587.0,7.088,14587
2024-09-19 04:00:00,7.08222,7.08364,7.07945,7.08174,9673.0,7.0818,9673
2024-09-19 05:00:00,7.08159,7.08254,7.06728,7.06778,12927.0,7.076,12927
2024-09-19 06:00:00,7.06778,7.07141,7.05997,7.06379,16672.0,7.0665,16672
2024-09-19 07:00:00,7.06385,7.07388,7.0599,7.07164,17727.0,7.0675,17727
2024-09-19 08:00:00,7.07195,7.0734,7.06336,7.06569,15139.0,7.0678,15139
2024-09-19 09:00:00,7.06569,7.06671,7.061,7.06283,13262.0,7.0635,13262
2024-09-19 10:00:00,7.06281,7.06802,7.0627,7.06459,11169.0,7.0659,11169
2024-09-19 11:00:00,7.06461,7.06996,7.06336,7.06892,14033.0,7.0669,14033
2024-09-19 12:00:00,7.06891,7.07855,7.06319,7.07772,16418.0,7.0721,16418
2024-09-19 13:00:00,7.07771,7.07814,7.07015,7.07634,17117.0,7.0746,17117
2024-09-19 14:00:00,7.07608,7.0785,7.0724,7.07316,16404.0,7.0749,16404
2024-09-19 15:00:00,7.07315,7.07529,7.06959,7.06967,13624.0,7.0726,13624
2024-09-19 16:00:00,7.06967,7.07625,7.06759,7.07479,12526.0,7.0722,12526
2024-09-19 17:00:00,7.07476,7.07599,7.0714,7.07202,10222.0,7.0738,10222
2024-09-19 18:00:00,7.072,7.07216,7.0678,7.06952,11380.0,7.0698,11380
2024-09-19 19:00:00,7.0697,7.07319,7.06919,7.07203,12225.0,7.0715,12225
2024-09-19 20:00:00,7.07205,7.07234,7.05912,7.05944,12381.0,7.0711,12381
2024-09-19 21:00:00,7.05944,7.07273,7.0588,7.06349,761.0,7.0699,761
2024-09-19 22:00:00,7.06524,7.07346,7.05945,7.07129,1274.0,7.0705,1274
2024-09-19 23:00:00,7.07026,7.07266,7.06965,7.07178,4314.0,7.0713,4314
2024-09-20 00:00:00,7.0718,7.07424,7.06746,7.06751,8820.0,7.0705,8820
2024-09-20 01:00:00,7.06757,7.07035,7.05523,7.0582,13885.0,7.0625,13885
2024-09-20 02:00:00,7.05816,7.06124,7.05428,7.05738,11456.0,7.0586,11456
2024-09-20 03:00:00,7.05736,7.05776,7.04095,7.04397,13599.0,7.0492,13599
2024-09-20 04:00:00,7.04382,7.04655,7.04145,7.04304,8253.0,7.0445,8253
2024-09-20 05:00:00,7.04304,7.04789,7.03828,7.04253,10451.0,7.0451,10451
2024-09-20 06:00:00,7.04248,7.05072,7.03947,7.05048,15941.0,7.0444,15941
2024-09-20 07:00:00,7.05041,7.0535,7.04606,7.05182,16513.0,7.0507,16513
2024-09-20 08:00:00,7.0518,7.05814,7.04844,7.0528,14362.0,7.0533,14362
2024-09-20 09:00:00,7.05279,7.05442,7.04872,7.0533,12228.0,7.0518,12228
2024-09-20 10:00:00,7.05321,7.05457,7.05073,7.05407,9311.0,7.0531,9311
2024-09-20 11:00:00,7.05406,7.0576,7.05353,7.05448,10435.0,7.0557,10435
2024-09-20 12:00:00,7.05449,7.05471,7.05146,7.05208,12293.0,7.0534,12293
2024-09-20 13:00:00,7.05202,7.05537,7.0505,7.05398,15430.0,7.0526,15430
2024-09-20 14:00:00,7.05392,7.05583,7.0505,7.05157,15561.0,7.0532,15561
2024-09-20 15:00:00,7.05163,7.05468,7.04757,7.04936,15644.0,7.0512,15644
2024-09-20 16:00:00,7.04933,7.0497,7.0422,7.04385,14827.0,7.0449,14827
2024-09-20 17:00:00,7.04387,7.04626,7.04335,7.04522,10570.0,7.0449,10570
2024-09-20 18:00:00,7.04518,7.04586,7.04211,7.04273,10602.0,7.0442,10602
2024-09-20 19:00:00,7.04271,7.04312,7.0411,7.04241,11392.0,7.0421,11392
2024-09-20 20:00:00,7.04239,7.04375,6.91443,6.91443,11415.0,7.042,11415
2024-09-22 21:00:00,7.0405,7.0405,7.0405,7.0405,1.0,7.0405,1
2024-09-22 23:00:00,7.04203,7.04555,7.04188,7.04454,1586.0,7.0435,1586
2024-09-23 00:00:00,7.04485,7.04793,7.04331,7.04367,6188.0,7.046,6188
2024-09-23 01:00:00,7.04365,7.05269,7.03969,7.04833,12631.0,7.0467,12631
2024-09-23 02:00:00,7.04827,7.05228,7.04768,7.04938,9078.0,7.0495,9078
2024-09-23 03:00:00,7.04936,7.0496,7.04509,7.04858,7052.0,7.0477,7052
2024-09-23 04:00:00,7.04789,7.04918,7.04607,7.04713,4783.0,7.0476,4783
2024-09-23 05:00:00,7.04715,7.04879,7.04577,7.0474,5690.0,7.0474,5690
2024-09-23 06:00:00,7.04742,7.05881,7.04711,7.05615,13576.0,7.0541,13576
2024-09-23 07:00:00,7.05629,7.06261,7.05582,7.06107,17706.0,7.0599,17706
2024-09-23 08:00:00,7.06109,7.06492,7.06052,7.06337,15989.0,7.0628,15989
2024-09-23 09:00:00,7.06336,7.06388,7.05939,7.06134,12653.0,7.0611,12653
2024-09-23 10:00:00,7.0615,7.06156,7.05621,7.05883,12265.0,7.0581,12265
2024-09-23 11:00:00,7.05883,7.05906,7.05653,7.05787,11567.0,7.0576,11567
2024-09-23 12:00:00,7.0579,7.0605,7.05721,7.05874,13035.0,7.059,13035
2024-09-23 13:00:00,7.05855,7.06177,7.05439,7.05759,14685.0,7.0576,14685
2024-09-23 14:00:00,7.05761,7.05974,7.05358,7.05494,16593.0,7.0565,16593
2024-09-23 15:00:00,7.05487,7.075,7.05332,7.05473,13717.0,7.0547,13717
2024-09-23 16:00:00,7.05477,7.05957,7.05433,7.0585,14583.0,7.0574,14583
2024-09-23 17:00:00,7.05848,7.05862,7.0563,7.05796,12486.0,7.0577,12486
2024-09-23 18:00:00,7.05801,7.05864,7.0561,7.05715,12240.0,7.0576,12240
2024-09-23 19:00:00,7.05713,7.05824,7.05686,7.05804,14787.0,7.0576,14787
2024-09-23 20:00:00,7.05799,7.06186,7.0498,7.0498,13714.0,7.0586,13714
2024-09-23 21:00:00,7.0498,7.06185,7.04977,7.05547,499.0,7.0583,499
2024-09-23 22:00:00,7.0568,7.06067,7.04434,7.05872,1043.0,7.058,1043
2024-09-23 23:00:00,7.05868,7.06103,7.03717,7.05909,3729.0,7.0595,3729
2024-09-24 00:00:00,7.05937,7.06036,7.05629,7.05789,9767.0,7.0582,9767
2024-09-24 01:00:00,7.05787,7.06968,7.05562,7.05987,14200.0,7.0615,14200
2024-09-24 02:00:00,7.05995,7.06799,7.05776,7.05977,11807.0,7.0616,11807
2024-09-24 03:00:00,7.05979,7.05986,7.03521,7.0398,14217.0,7.0458,14217
2024-09-24 04:00:00,7.03978,7.04094,7.03036,7.03344,11350.0,7.0349,11350
2024-09-24 05:00:00,7.03346,7.03923,7.03196,7.03555,12813.0,7.0355,12813
2024-09-24 06:00:00,7.03553,7.04284,7.03553,7.03933,14865.0,7.0397,14865
2024-09-24 07:00:00,7.03931,7.04031,7.03336,7.03691,15062.0,7.0373,15062
2024-09-24 08:00:00,7.03693,7.04077,7.03363,7.03442,14565.0,7.0373,14565
2024-09-24 09:00:00,7.03441,7.03474,7.02721,7.03048,13790.0,7.0325,13790
2024-09-24 10:00:00,7.03044,7.03314,7.02762,7.03189,11596.0,7.0307,11596
2024-09-24 11:00:00,7.03201,7.03378,7.0285,7.02962,11338.0,7.032,11338
2024-09-24 12:00:00,7.0296,7.03075,7.02438,7.02622,13313.0,7.0282,13313
2024-09-24 13:00:00,7.02607,7.02864,7.02166,7.0223,16266.0,7.0254,16266
2024-09-24 14:00:00,7.02295,7.02477,7.01866,7.02,17677.0,7.0212,17677
2024-09-24 15:00:00,7.01999,7.0578,7.01877,7.0212,13582.0,7.0209,13582
2024-09-24 16:00:00,7.02127,7.02337,7.0198,7.02115,11686.0,7.0216,11686
2024-09-24 17:00:00,7.02097,7.02241,7.01864,7.0187,9646.0,7.0208,9646
2024-09-24 18:00:00,7.01866,7.01979,7.0152,7.01757,12297.0,7.0177,12297
2024-09-24 19:00:00,7.01759,7.01841,7.0111,7.0117,13368.0,7.0136,13368
2024-09-24 20:00:00,7.01176,7.01234,6.98537,6.98537,8489.0,7.0105,8489
2024-09-24 21:00:00,6.98537,7.01198,6.98537,7.01032,1231.0,7.009,1231
2024-09-24 22:00:00,7.00934,7.01063,7.00126,7.00591,2295.0,7.0079,2295
2024-09-24 23:00:00,7.00601,7.00771,6.99959,6.99992,6799.0,7.004,6799
2024-09-25 00:00:00,7.00014,7.00563,6.99466,7.00363,11891.0,7.0005,11891
2024-09-25 01:00:00,7.00365,7.0158,6.99626,7.01139,15540.0,7.0068,15540
2024-09-25 02:00:00,7.01137,7.01432,7.00949,7.01225,11598.0,7.0122,11598
2024-09-25 03:00:00,7.01223,7.01739,7.01,7.01081,9413.0,7.0129,9413
2024-09-25 04:00:00,7.01079,7.01325,7.00943,7.01169,6440.0,7.0114,6440
2024-09-25 05:00:00,7.01164,7.0175,7.0109,7.01342,8768.0,7.013,8768
2024-09-25 06:00:00,7.01348,7.01927,7.01322,7.01729,13670.0,7.0173,13670
2024-09-25 07:00:00,7.01727,7.02255,7.01507,7.01797,14242.0,7.0178,14242
2024-09-25 08:00:00,7.01789,7.0224,7.0161,7.0188,14092.0,7.0191,14092
2024-09-25 09:00:00,7.01882,7.02348,7.01773,7.02073,11846.0,7.0204,11846
2024-09-25 10:00:00,7.02071,7.02561,7.019,7.0253,10779.0,7.0228,10779
2024-09-25 11:00:00,7.02528,7.02969,7.0243,7.02731,11762.0,7.0269,11762
2024-09-25 12:00:00,7.02732,7.02951,7.02349,7.02754,12192.0,7.0266,12192
2024-09-25 13:00:00,7.0275,7.02776,7.0209,7.02385,15372.0,7.023,15372
2024-09-25 14:00:00,7.02385,7.02995,7.0236,7.02917,15822.0,7.0275,15822
2024-09-25 15:00:00,7.02872,7.03309,7.0283,7.03221,13526.0,7.0303,13526
2024-09-25 16:00:00,7.03225,7.03481,7.0316,7.03422,11676.0,7.0332,11676
2024-09-25 17:00:00,7.03421,7.03568,7.0212,7.03139,3837.0,7.0338,3837
2024-09-25 18:00:00,7.03128,7.033,7.03084,7.03244,2027.0,7.032,2027
2024-09-25 19:00:00,7.03254,7.03326,7.032,7.03264,2112.0,7.0325,2112
2024-09-25 20:00:00,7.03282,7.03333,7.02371,7.02987,1928.0,7.0325,1928
2024-09-25 21:00:00,7.02411,7.03358,7.02202,7.02778,731.0,7.0286,731
2024-09-25 22:00:00,7.02938,7.03302,7.02676,7.03249,1133.0,7.031,1133
2024-09-25 23:00:00,7.0321,7.03522,7.03145,7.03455,1670.0,7.0329,1670
2024-09-26 00:00:00,7.03484,7.03496,7.02562,7.02687,2099.0,7.0293,2099
2024-09-26 01:00:00,7.02677,7.03156,7.01382,7.02114,2122.0,7.0263,2122
2024-09-26 02:00:00,7.02111,7.02403,7.01239,7.01501,2129.0,7.0202,2129
2024-09-26 03:00:00,7.01488,7.01864,7.01295,7.01554,2028.0,7.016,2028
2024-09-26 04:00:00,7.01552,7.01679,7.01295,7.01423,1957.0,7.0148,1957
2024-09-26 05:00:00,7.01427,7.01542,7.00246,7.01021,2165.0,7.0101,2165
2024-09-26 06:00:00,7.01034,7.01383,7.0082,7.01237,2197.0,7.0116,2197
2024-09-26 07:00:00,7.01252,7.01632,7.00951,7.01377,2197.0,7.0129,2197
2024-09-26 08:00:00,7.0141,7.01902,7.00658,7.00891,2256.0,7.0121,2256
2024-09-26 09:00:00,7.00873,7.01297,7.00691,7.00781,2139.0,7.0099,2139
2024-09-26 10:00:00,7.00783,7.00783,6.99503,6.9954,14104.0,6.9983,14104
2024-09-26 11:00:00,6.99544,6.99682,6.99092,6.99347,13933.0,6.9941,13933
2024-09-26 12:00:00,6.99347,6.99518,6.98495,6.98715,16478.0,6.9909,16478
2024-09-26 13:00:00,6.98727,6.99427,6.9839,6.98977,17605.0,6.989,17605
2024-09-26 14:00:00,6.98963,6.99335,6.98016,6.98058,17307.0,6.9882,17307
2024-09-26 15:00:00,6.98063,6.98433,6.97401,6.97821,16459.0,6.9796,16459
2024-09-26 16:00:00,6.97818,6.9826,6.9746,6.97669,14672.0,6.9777,14672
2024-09-26 17:00:00,6.97667,6.97878,6.97508,6.97769,11417.0,6.9769,11417
2024-09-26 18:00:00,6.97768,6.97786,6.9721,6.97334,11268.0,6.9746,11268
2024-09-26 19:00:00,6.97338,6.97578,6.97107,6.97425,10455.0,6.9731,10455
2024-09-26 20:00:00,6.97421,6.97477,6.95653,6.95653,13174.0,6.9732,13174
2024-09-26 21:00:00,6.95653,6.97344,6.9165,6.97274,736.0,6.9701,736
2024-09-26 22:00:00,6.97172,6.97364,6.9626,6.97257,1743.0,6.9714,1743
2024-09-26 23:00:00,6.97255,6.98066,6.97169,6.97871,5143.0,6.9757,5143
2024-09-27 00:00:00,6.97907,6.98475,6.97809,6.98433,10555.0,6.9814,10555
2024-09-27 01:00:00,6.98435,7.00386,6.96785,6.999,14707.0,6.9921,14707
2024-09-27 02:00:00,6.99864,7.00039,6.99052,6.99919,12287.0,6.9973,12287
2024-09-27 03:00:00,6.99921,7.0008,6.99357,6.99767,10406.0,6.9971,10406
2024-09-27 04:00:00,6.99762,7.00012,6.9963,6.99983,9075.0,6.9984,9075
2024-09-27 05:00:00,6.99973,7.00446,6.99706,6.99725,14592.0,7.0013,14592
2024-09-27 06:00:00,6.99723,7.00058,6.99001,6.99375,17135.0,6.9955,17135
2024-09-27 07:00:00,6.99379,6.99887,6.99229,6.99244,16740.0,6.995,16740
2024-09-27 08:00:00,6.99245,6.9938,6.98614,6.98994,17256.0,6.9903,17256
2024-09-27 09:00:00,6.98992,6.99137,6.98546,6.98589,15476.0,6.9886,15476
2024-09-27 10:00:00,6.9859,6.98904,6.98332,6.98683,12627.0,6.9871,12627
2024-09-27 11:00:00,6.98686,6.98741,6.9788,6.98474,13610.0,6.9831,13610
2024-09-27 12:00:00,6.98486,6.98872,6.9789,6.97988,15495.0,6.9845,15495
2024-09-27 13:00:00,6.97992,6.98445,6.9798,6.98171,16682.0,6.9822,16682
2024-09-27 14:00:00,6.9811,7.032,6.97663,6.97994,17304.0,6.9792,17304
2024-09-27 15:00:00,6.97992,7.011,6.9795,6.98474,16457.0,6.9839,16457
2024-09-27 16:00:00,6.9848,6.98543,6.98029,6.98095,14649.0,6.9827,14649
2024-09-27 17:00:00,6.98095,6.98181,6.9782,6.97935,13190.0,6.9799,13190
2024-09-27 18:00:00,6.97933,6.9814,6.97869,6.98119,13419.0,6.9794,13419
2024-09-27 19:00:00,6.98129,6.98178,6.9791,6.98003,14012.0,6.9804,14012
2024-09-27 20:00:00,6.97997,6.98334,6.94155,6.98313,14561.0,6.9795,14561
2024-09-29 21:00:00,6.97691,6.97775,6.97595,6.9768,33.0,6.9773,33
2024-09-29 22:00:00,6.97742,6.97836,6.9768,6.97834,56.0,6.9777,56
2024-09-29 23:00:00,6.97817,6.98098,6.9762,6.97734,1768.0,6.979,1768
2024-09-30 00:00:00,6.97742,6.97801,6.97306,6.97599,8314.0,6.9749,8314
2024-09-30 01:00:00,6.97577,6.99196,6.95509,6.99016,14676.0,6.9818,14676
2024-09-30 02:00:00,6.9902,6.99706,6.98745,6.99403,13298.0,6.9927,13298
2024-09-30 03:00:00,6.99462,6.99753,6.98849,6.99278,9954.0,6.9944,9954
2024-09-30 04:00:00,6.99264,6.99409,6.9898,6.98994,7806.0,6.9923,7806
2024-09-30 05:00:00,6.98992,6.99212,6.98729,6.99149,12028.0,6.9897,12028
2024-09-30 06:00:00,6.99151,6.99859,6.99133,6.99856,13224.0,6.9957,13224
2024-09-30 07:00:00,6.99847,6.99901,6.9937,6.99588,13339.0,6.9966,13339
2024-09-30 08:00:00,6.99584,7.00383,6.9917,6.99364,16401.0,6.9972,16401
2024-09-30 09:00:00,6.99365,6.99707,6.9902,6.99034,13159.0,6.9941,13159
2024-09-30 10:00:00,6.99033,6.99477,6.98979,6.99219,11857.0,6.9925,11857
2024-09-30 11:00:00,6.99217,6.99556,6.9912,6.99291,11921.0,6.993,11921
2024-09-30 12:00:00,6.99289,6.99656,6.99193,6.99617,12014.0,6.9944,12014
2024-09-30 13:00:00,6.99618,6.99984,6.99454,6.99976,15245.0,6.997,15245
2024-09-30 14:00:00,6.9999,7.00169,6.984,6.99882,16742.0,6.999,16742
2024-09-30 15:00:00,6.99883,7.00582,6.998,7.00393,15635.0,7.001,15635
2024-09-30 16:00:00,7.00397,7.00479,6.99995,7.00153,12511.0,7.0023,12511
2024-09-30 17:00:00,7.00204,7.00243,6.99882,7.00065,11565.0,7.0012,11565
2024-09-30 18:00:00,7.00067,7.014,6.99825,7.00778,17073.0,7.0075,17073
2024-09-30 19:00:00,7.00758,7.00896,7.0063,7.00649,14466.0,7.0076,14466
2024-09-30 20:00:00,7.00651,7.00746,7.00247,7.00682,13913.0,7.0063,13913
2024-09-30 21:00:00,7.00682,7.0091,7.00106,7.00377,859.0,7.0058,859
2024-09-30 22:00:00,7.00371,7.00803,7.00256,7.00487,1646.0,7.0051,1646
2024-09-30 23:00:00,7.00485,7.0104,7.00414,7.00944,4733.0,7.0062,4733
2024-10-01 00:00:00,7.00952,7.01452,7.00752,7.01145,11706.0,7.0109,11706
2024-10-01 01:00:00,7.01143,7.01282,7.00219,7.00253,10046.0,7.0081,10046
2024-10-01 02:00:00,7.00255,7.00714,7.00071,7.00484,9492.0,7.0036,9492
2024-10-01 03:00:00,7.0048,7.01631,7.00253,7.01472,9657.0,7.011,9657
2024-10-01 04:00:00,7.0147,7.01674,7.01307,7.01395,6890.0,7.0149,6890
2024-10-01 05:00:00,7.01397,7.02093,7.0135,7.02083,7989.0,7.0164,7989
2024-10-01 06:00:00,7.02089,7.02859,7.02016,7.02314,12581.0,7.0234,12581
2024-10-01 07:00:00,7.02306,7.02757,7.02101,7.02539,15805.0,7.0248,15805
2024-10-01 08:00:00,7.02543,7.02827,7.02154,7.02682,13996.0,7.0257,13996
2024-10-01 09:00:00,7.02684,7.02743,7.0178,7.02366,13669.0,7.0218,13669
2024-10-01 10:00:00,7.0237,7.02717,7.02251,7.02536,12116.0,7.025,12116
2024-10-01 11:00:00,7.02544,7.02821,7.02331,7.02622,11934.0,7.0263,11934
2024-10-01 12:00:00,7.02622,7.02843,7.0247,7.02695,13809.0,7.0268,13809
2024-10-01 13:00:00,7.02691,7.03141,7.02137,7.02676,15789.0,7.0265,15789
2024-10-01 14:00:00,7.02672,7.03359,7.02349,7.03342,17422.0,7.0272,17422
2024-10-01 15:00:00,7.03342,7.03466,7.0268,7.02922,16838.0,7.0315,16838
2024-10-01 16:00:00,7.02922,7.03263,7.02827,7.03108,16006.0,7.0302,16006
2024-10-01 17:00:00,7.03104,7.03537,7.02929,7.02995,16372.0,7.0322,16372
2024-10-01 18:00:00,7.02989,7.03042,7.02628,7.02768,15579.0,7.0284,15579
2024-10-01 19:00:00,7.0277,7.02926,7.02659,7.02864,14841.0,7.0277,14841
2024-10-01 20:00:00,7.02875,7.03196,7.01452,7.01843,16616.0,7.029,16616
2024-10-01 21:00:00,7.01843,7.03028,7.01062,7.02923,836.0,7.0273,836
2024-10-01 22:00:00,7.02256,7.03051,7.02022,7.029,1215.0,7.0284,1215
2024-10-01 23:00:00,7.02904,7.03183,7.0209,7.03094,4797.0,7.03,4797
2024-10-02 00:00:00,7.03105,7.03198,7.02281,7.02532,9577.0,7.0271,9577
2024-10-02 01:00:00,7.0253,7.0255,7.0119,7.01455,12471.0,7.0184,12471
2024-10-02 02:00:00,7.01457,7.01965,7.0107,7.01337,9464.0,7.0162,9464
2024-10-02 03:00:00,7.01344,7.01344,7.00583,7.0122,11372.0,7.0092,11372
2024-10-02 04:00:00,7.01218,7.01881,7.00846,7.0183,8685.0,7.0131,8685
2024-10-02 05:00:00,7.01832,7.02554,7.0141,7.0218,13075.0,7.0195,13075
2024-10-02 06:00:00,7.02178,7.0247,7.01722,7.01887,12367.0,7.0212,12367
2024-10-02 07:00:00,7.01889,7.02634,7.01728,7.02123,14565.0,7.0218,14565
2024-10-02 08:00:00,7.02114,7.0263,7.02007,7.02612,13527.0,7.0236,13527
2024-10-02 09:00:00,7.02607,7.03386,7.02551,7.03197,12586.0,7.0288,12586
2024-10-02 10:00:00,7.03197,7.03235,7.02738,7.02938,12128.0,7.029,12128
2024-10-02 11:00:00,7.0294,7.03003,7.0236,7.02556,12119.0,7.027,12119
2024-10-02 12:00:00,7.02557,7.02973,7.02475,7.02729,14095.0,7.0274,14095
2024-10-02 13:00:00,7.02725,7.03016,7.02348,7.02878,15728.0,7.0274,15728
2024-10-02 14:00:00,7.02877,7.03474,7.02776,7.03415,16337.0,7.0314,16337
2024-10-02 15:00:00,7.03406,7.03493,7.0303,7.03089,12541.0,7.0332,12541
2024-10-02 16:00:00,7.03089,7.03506,7.03029,7.03427,10966.0,7.033,10966
2024-10-02 17:00:00,7.03427,7.03751,7.03392,7.03692,9350.0,7.0357,9350
2024-10-02 18:00:00,7.0369,7.03804,7.0368,7.03767,11257.0,7.0376,11257
2024-10-02 19:00:00,7.03769,7.03893,7.03579,7.03615,11295.0,7.0377,11295
2024-10-02 20:00:00,7.03616,7.03859,7.02978,7.03661,11853.0,7.0361,11853
2024-10-02 21:00:00,7.03652,7.03718,7.03004,7.03124,716.0,7.0347,716
2024-10-02 22:00:00,7.03343,7.03756,7.03101,7.03422,1758.0,7.0354,1758
2024-10-02 23:00:00,7.03424,7.03797,7.03335,7.0376,5942.0,7.036,5942
2024-10-03 00:00:00,7.03714,7.04056,7.03611,7.03981,7669.0,7.0382,7669
2024-10-03 01:00:00,7.04007,7.04409,7.03756,7.0397,11609.0,7.0412,11609
2024-10-03 02:00:00,7.03984,7.04489,7.0395,7.04476,8491.0,7.0426,8491
2024-10-03 03:00:00,7.04478,7.05136,7.0446,7.04683,9916.0,7.0477,9916
2024-10-03 04:00:00,7.04653,7.04841,7.04548,7.04746,6229.0,7.0473,6229
2024-10-03 05:00:00,7.04733,7.04825,7.04404,7.04539,10941.0,7.0463,10941
2024-10-03 06:00:00,7.04533,7.04551,7.03608,7.03889,13743.0,7.0402,13743
2024-10-03 07:00:00,7.03891,7.04462,7.03788,7.0415,14666.0,7.0422,14666
2024-10-03 08:00:00,7.04138,7.04587,7.03981,7.04539,13113.0,7.0425,13113
2024-10-03 09:00:00,7.04537,7.04645,7.04132,7.04607,11919.0,7.0436,11919
2024-10-03 10:00:00,7.04609,7.04851,7.04525,7.04537,10665.0,7.0473,10665
2024-10-03 11:00:00,7.04535,7.04744,7.04189,7.04357,10914.0,7.0444,10914
2024-10-03 12:00:00,7.04363,7.05406,7.04105,7.05363,14159.0,7.0475,14159
2024-10-03 13:00:00,7.05363,7.05522,7.04607,7.04634,15590.0,7.0516,15590
2024-10-03 14:00:00,7.0463,7.05493,7.0455,7.05193,17839.0,7.05,17839
2024-10-03 15:00:00,7.05202,7.05202,7.0343,7.05123,14274.0,7.0502,14274
2024-10-03 16:00:00,7.05123,7.05273,7.0452,7.04673,13096.0,7.0486,13096
2024-10-03 17:00:00,7.04669,7.04844,7.0457,7.0483,13547.0,7.0469,13547
2024-10-03 18:00:00,7.04827,7.04944,7.047,7.04927,13277.0,7.0482,13277
2024-10-03 19:00:00,7.04921,7.04979,7.048,7.04959,14015.0,7.049,14015
2024-10-03 20:00:00,7.04963,7.05243,7.03917,7.03917,14535.0,7.0506,14535
2024-10-03 21:00:00,7.03917,7.05198,7.03744,7.04518,937.0,7.0485,937
2024-10-03 22:00:00,7.0444,7.0511,7.04159,7.04944,1482.0,7.046,1482
2024-10-03 23:00:00,7.04806,7.05011,7.04619,7.04762,7022.0,7.0483,7022
2024-10-04 00:00:00,7.04766,7.05341,7.0467,7.05037,9331.0,7.0495,9331
2024-10-04 01:00:00,7.05035,7.05707,7.0498,7.05621,11877.0,7.0537,11877
2024-10-04 02:00:00,7.05619,7.06233,7.0552,7.06049,11417.0,7.058,11417
2024-10-04 03:00:00,7.06023,7.06463,7.05967,7.06286,9849.0,7.0629,9849
2024-10-04 04:00:00,7.06284,7.06411,7.06002,7.06081,6812.0,7.0621,6812
2024-10-04 05:00:00,7.06079,7.06084,7.05575,7.05911,9961.0,7.0581,9961
2024-10-04 06:00:00,7.05909,7.05998,7.055,7.05732,11283.0,7.0573,11283
2024-10-04 07:00:00,7.05731,7.06076,7.05527,7.05933,12945.0,7.0581,12945
2024-10-04 08:00:00,7.05936,7.06227,7.05871,7.06162,12421.0,7.0606,12421
2024-10-04 09:00:00,7.06164,7.06507,7.06146,7.06305,11141.0,7.0629,11141
2024-10-04 10:00:00,7.06303,7.06771,7.0629,7.06674,9551.0,7.0653,9551
2024-10-04 11:00:00,7.06672,7.06743,7.06399,7.06518,9622.0,7.0655,9622
2024-10-04 12:00:00,7.06518,7.09282,7.05131,7.0927,15627.0,7.0786,15627
2024-10-04 13:00:00,7.09275,7.09516,7.0862,7.08821,18121.0,7.0904,18121
2024-10-04 14:00:00,7.08813,7.09521,7.08504,7.0945,17510.0,7.0895,17510
2024-10-04 15:00:00,7.09449,7.09896,7.09288,7.09698,15864.0,7.0959,15864
2024-10-04 16:00:00,7.09696,7.10383,7.09659,7.09894,13261.0,7.1002,13261
2024-10-04 17:00:00,7.09891,7.10147,7.0975,7.09862,10990.0,7.0995,10990
2024-10-04 18:00:00,7.0986,7.09958,7.09621,7.09871,10371.0,7.0981,10371
2024-10-04 19:00:00,7.09873,7.09971,7.09712,7.09871,11770.0,7.0986,11770
2024-10-04 20:00:00,7.09873,7.10536,7.00939,7.01054,9501.0,7.0958,9501
2024-10-06 21:00:00,7.0897,7.09705,7.0897,7.09705,9.0,7.0945,9
2024-10-06 22:00:00,7.09744,7.09744,7.09089,7.09265,49.0,7.094,49
2024-10-06 23:00:00,7.09468,7.10019,7.09195,7.09894,1619.0,7.0961,1619
2024-10-07 00:00:00,7.09896,7.09962,7.08956,7.09245,4212.0,7.0934,4212
2024-10-07 01:00:00,7.09244,7.0971,7.08209,7.08787,11649.0,7.0893,11649
2024-10-07 02:00:00,7.08788,7.09388,7.08233,7.09341,11101.0,7.0874,11101
2024-10-07 03:00:00,7.09339,7.09444,7.08776,7.08935,8244.0,7.0913,8244
2024-10-07 04:00:00,7.08937,7.0903,7.08599,7.08929,5537.0,7.0881,5537
2024-10-07 05:00:00,7.0889,7.09291,7.08656,7.09168,7017.0,7.0889,7017
2024-10-07 06:00:00,7.09234,7.09266,7.08046,7.08207,11294.0,7.0864,11294
2024-10-07 07:00:00,7.08294,7.08376,7.06611,7.06773,11957.0,7.0755,11957
2024-10-07 08:00:00,7.06811,7.07124,7.06086,7.07055,7770.0,7.0672,7770
2024-10-07 09:00:00,7.07101,7.07522,7.06539,7.06849,6668.0,7.0711,6668
2024-10-07 10:00:00,7.06803,7.06991,7.06676,7.06934,4772.0,7.0683,4772
2024-10-07 11:00:00,7.06928,7.0709,7.06233,7.06554,5073.0,7.0663,5073
2024-10-07 12:00:00,7.06552,7.06674,7.06209,7.06621,5579.0,7.0648,5579
2024-10-07 13:00:00,7.06534,7.0666,7.05902,7.05923,6490.0,7.0632,6490
2024-10-07 14:00:00,7.05923,7.0965,7.05688,7.06323,12518.0,7.0625,12518
2024-10-07 15:00:00,7.06314,7.06613,7.06161,7.06598,12038.0,7.0639,12038
2024-10-07 16:00:00,7.066,7.0694,7.0106,7.06383,9902.0,7.0648,9902
2024-10-07 17:00:00,7.06381,7.06538,7.0627,7.06462,8336.0,7.064,8336
2024-10-07 18:00:00,7.06456,7.07003,7.06455,7.06947,10029.0,7.0673,10029
2024-10-07 19:00:00,7.06943,7.07058,7.06885,7.06988,12605.0,7.0696,12605
2024-10-07 20:00:00,7.06984,7.07238,7.05932,7.07214,11593.0,7.0703,11593
2024-10-07 21:00:00,7.07214,7.07214,7.05884,7.0668,1448.0,7.0688,1448
2024-10-07 22:00:00,7.06527,7.07061,7.05654,7.06676,2186.0,7.0672,2186
2024-10-07 23:00:00,7.06542,7.06885,7.06473,7.0665,6349.0,7.0668,6349
2024-10-08 00:00:00,7.06652,7.06817,7.05726,7.06082,10607.0,7.0617,10607
2024-10-08 01:00:00,7.06097,7.06303,7.04648,7.05349,16681.0,7.0559,16681
2024-10-08 02:00:00,7.05349,7.08457,7.05252,7.07308,17955.0,7.0699,17955
2024-10-08 03:00:00,7.0732,7.07337,7.0628,7.06377,14300.0,7.0681,14300
2024-10-08 04:00:00,7.06371,7.06501,7.0595,7.06142,7775.0,7.0632,7775
2024-10-08 05:00:00,7.06121,7.07104,7.06005,7.06362,14006.0,7.0666,14006
2024-10-08 06:00:00,7.06358,7.06772,7.05676,7.06057,15280.0,7.0625,15280
2024-10-08 07:00:00,7.06049,7.06275,7.04669,7.04763,16995.0,7.0563,16995
2024-10-08 08:00:00,7.04754,7.05973,7.0461,7.05481,14825.0,7.0535,14825
2024-10-08 09:00:00,7.05484,7.05796,7.05067,7.05744,12849.0,7.0543,12849
2024-10-08 10:00:00,7.05761,7.05908,7.0528,7.05478,10152.0,7.0562,10152
2024-10-08 11:00:00,7.0548,7.05668,7.0533,7.05352,9994.0,7.0548,9994
2024-10-08 12:00:00,7.0535,7.0626,7.0528,7.06059,14269.0,7.0584,14269
2024-10-08 13:00:00,7.06083,7.06129,7.05513,7.05636,15694.0,7.057,15694
2024-10-08 14:00:00,7.05647,7.06026,7.052,7.05805,15469.0,7.0565,15469
2024-10-08 15:00:00,7.05806,7.06881,7.0565,7.06706,14328.0,7.0632,14328
2024-10-08 16:00:00,7.06704,7.06824,7.06569,7.06824,10194.0,7.0672,10194
2024-10-08 17:00:00,7.06826,7.07436,7.06784,7.07096,11156.0,7.0712,11156
2024-10-08 18:00:00,7.07098,7.07196,7.06925,7.07077,9724.0,7.0706,9724
2024-10-08 19:00:00,7.07085,7.07421,7.07031,7.07143,10147.0,7.0727,10147
2024-10-08 20:00:00,7.07147,7.07407,7.07105,7.07139,9620.0,7.0726,9620
2024-10-08 21:00:00,7.07139,7.07373,7.05435,7.06581,1103.0,7.0687,1103
2024-10-08 22:00:00,7.06579,7.07235,7.06579,7.07048,1495.0,7.0709,1495
2024-10-08 23:00:00,7.07048,7.07575,7.06936,7.07294,4758.0,7.0734,4758
2024-10-09 00:00:00,7.07308,7.0739,7.06666,7.06817,8667.0,7.0704,8667
2024-10-09 01:00:00,7.06815,7.07472,7.06376,7.06761,15055.0,7.0676,15055
2024-10-09 02:00:00,7.06761,7.07198,7.06387,7.06788,14655.0,7.0686,14655
2024-10-09 03:00:00,7.068,7.06966,7.06567,7.0692,12657.0,7.068,12657
2024-10-09 04:00:00,7.06905,7.07254,7.06883,7.06905,4594.0,7.0709,4594
2024-10-09 05:00:00,7.06908,7.06909,7.053,7.06159,16859.0,7.0586,16859
2024-10-09 06:00:00,7.06137,7.06557,7.05829,7.06391,13959.0,7.0625,13959
2024-10-09 07:00:00,7.06395,7.07042,7.0629,7.06988,14411.0,7.0677,14411
2024-10-09 08:00:00,7.0687,7.07776,7.06709,7.07634,13309.0,7.0718,13309
2024-10-09 09:00:00,7.07635,7.07699,7.0698,7.07029,11682.0,7.073,11682
2024-10-09 10:00:00,7.0703,7.07404,7.0695,7.0732,10375.0,7.0719,10375
2024-10-09 11:00:00,7.07321,7.07385,7.07073,7.07086,8771.0,7.0723,8771
2024-10-09 12:00:00,7.07084,7.07822,7.06904,7.07791,12964.0,7.0747,12964
2024-10-09 13:00:00,7.07808,7.08886,7.07737,7.08853,16421.0,7.0826,16421
2024-10-09 14:00:00,7.08855,7.09186,7.085,7.09134,14747.0,7.0879,14747
2024-10-09 15:00:00,7.09135,7.09574,7.0562,7.09393,13883.0,7.0907,13883
2024-10-09 16:00:00,7.09386,7.09827,7.09375,7.0978,10434.0,7.0959,10434
2024-10-09 17:00:00,7.09783,7.0984,7.09554,7.09604,8591.0,7.0969,8591
2024-10-09 18:00:00,7.0964,7.09751,7.0946,7.09686,9428.0,7.0961,9428
2024-10-09 19:00:00,7.09684,7.09746,7.09401,7.09478,9245.0,7.096,9245
2024-10-09 20:00:00,7.09478,7.09603,7.07763,7.08628,10601.0,7.0933,10601
2024-10-09 21:00:00,7.08628,7.09379,7.08586,7.08997,2044.0,7.0917,2044
2024-10-09 22:00:00,7.09154,7.09292,7.0903,7.09257,682.0,7.0919,682
2024-10-09 23:00:00,7.09073,7.09355,7.08231,7.09101,6252.0,7.0915,6252
2024-10-10 00:00:00,7.0911,7.09138,7.08402,7.086,9156.0,7.0872,9156
2024-10-10 01:00:00,7.08598,7.08723,7.0753,7.0802,13866.0,7.0823,13866
2024-10-10 02:00:00,7.08025,7.08325,7.07206,7.07354,14365.0,7.0775,14365
2024-10-10 03:00:00,7.07356,7.07471,7.06809,7.07148,10909.0,7.0713,10909
2024-10-10 04:00:00,7.07148,7.07446,7.07142,7.07358,2679.0,7.0733,2679
2024-10-10 05:00:00,7.0736,7.07612,7.07188,7.07539,11592.0,7.0739,11592
2024-10-10 06:00:00,7.07541,7.08399,7.07493,7.08253,13065.0,7.0785,13065
2024-10-10 07:00:00,7.08252,7.08404,7.08074,7.08222,13298.0,7.0825,13298
2024-10-10 08:00:00,7.0822,7.0943,7.08218,7.08812,13890.0,7.0894,13890
2024-10-10 09:00:00,7.08793,7.08897,7.08462,7.08536,9800.0,7.0864,9800
2024-10-10 10:00:00,7.08542,7.08685,7.08369,7.08671,9257.0,7.0851,9257
2024-10-10 11:00:00,7.0867,7.09232,7.0866,7.09121,10445.0,7.0896,10445
2024-10-10 12:00:00,7.09136,7.0953,7.06659,7.08183,15533.0,7.0881,15533
2024-10-10 13:00:00,7.08186,7.08815,7.08004,7.08729,17805.0,7.0844,17805
2024-10-10 14:00:00,7.08733,7.09481,7.08586,7.09395,16829.0,7.09,16829
2024-10-10 15:00:00,7.09411,7.09518,7.08688,7.08887,14132.0,7.0906,14132
2024-10-10 16:00:00,7.08899,7.09354,7.08673,7.0928,13061.0,7.0894,13061
2024-10-10 17:00:00,7.09226,7.09461,7.0851,7.08614,13519.0,7.0894,13519
2024-10-10 18:00:00,7.08612,7.08621,7.08364,7.0852,9993.0,7.0848,9993
2024-10-10 19:00:00,7.08521,7.08573,7.08084,7.08171,8814.0,7.0833,8814
2024-10-10 20:00:00,7.08173,7.08362,7.0764,7.07645,6316.0,7.0823,6316
2024-10-10 21:00:00,7.07645,7.0863,7.07645,7.07935,902.0,7.0829,902
2024-10-10 22:00:00,7.07684,7.08586,7.07371,7.08286,603.0,7.083,603
2024-10-10 23:00:00,7.0829,7.08616,7.08236,7.08331,4106.0,7.0837,4106
2024-10-11 00:00:00,7.08346,7.08691,7.07901,7.07971,10152.0,7.0829,10152
2024-10-11 01:00:00,7.07969,7.08869,7.07939,7.08394,10766.0,7.0838,10766
2024-10-11 02:00:00,7.08396,7.08525,7.07696,7.07816,9396.0,7.0811,9396
2024-10-11 03:00:00,7.0782,7.08032,7.07489,7.0786,7860.0,7.0782,7860
2024-10-11 04:00:00,7.07855,7.0809,7.0782,7.08006,3756.0,7.0797,3756
2024-10-11 05:00:00,7.08002,7.08148,7.07839,7.08025,6281.0,7.08,6281
2024-10-11 06:00:00,7.08028,7.08643,7.08024,7.08217,11332.0,7.0829,11332
2024-10-11 07:00:00,7.08214,7.08317,7.07143,7.07333,13155.0,7.0775,13155
2024-10-11 08:00:00,7.07333,7.07533,7.0695,7.07372,11644.0,7.073,11644
2024-10-11 09:00:00,7.07368,7.07378,7.0689,7.07259,9388.0,7.0721,9388
2024-10-11 10:00:00,7.07257,7.07314,7.0703,7.07241,7855.0,7.0721,7855
2024-10-11 11:00:00,7.07244,7.07584,7.072,7.07326,8536.0,7.0737,8536
2024-10-11 12:00:00,7.07321,7.07642,7.05405,7.07132,13539.0,7.0721,13539
2024-10-11 13:00:00,7.0713,7.07385,7.07029,7.0718,13860.0,7.0722,13860
2024-10-11 14:00:00,7.07105,7.0871,7.06878,7.07483,15112.0,7.0724,15112
2024-10-11 15:00:00,7.07483,7.07483,7.06922,7.07186,12029.0,7.0715,12029
2024-10-11 16:00:00,7.07184,7.07367,7.06955,7.07006,7911.0,7.0715,7911
2024-10-11 17:00:00,7.06998,7.07253,7.06789,7.06974,7847.0,7.0702,7847
2024-10-11 18:00:00,7.06976,7.07081,7.06766,7.06854,5311.0,7.0693,5311
2024-10-11 19:00:00,7.06856,7.06875,7.0659,7.06778,4330.0,7.0674,4330
2024-10-11 20:00:00,7.0678,7.07155,7.0615,7.06339,4528.0,7.069,4528
2024-10-13 21:00:00,7.0687,7.0687,7.0687,7.0687,1.0,7.0687,1
2024-10-14 00:00:00,7.08838,7.08873,7.08236,7.08436,5932.0,7.0845,5932
2024-10-14 01:00:00,7.08448,7.09037,7.08156,7.08559,13630.0,7.0853,13630
2024-10-14 02:00:00,7.08561,7.08789,7.08377,7.08457,11523.0,7.0856,11523
2024-10-14 03:00:00,7.08466,7.08528,7.08011,7.08249,7495.0,7.0824,7495
2024-10-14 04:00:00,7.08247,7.08417,7.08229,7.08359,2823.0,7.0834,2823
2024-10-14 05:00:00,7.08349,7.08464,7.08109,7.08301,8915.0,7.0827,8915
2024-10-14 06:00:00,7.08281,7.08824,7.0802,7.08696,9941.0,7.084,9941
2024-10-14 07:00:00,7.08714,7.08972,7.08247,7.08675,12506.0,7.0859,12506
2024-10-14 08:00:00,7.08699,7.08865,7.0856,7.08632,10113.0,7.087,10113
2024-10-14 09:00:00,7.08632,7.08833,7.08494,7.08786,7494.0,7.0867,7494
2024-10-14 10:00:00,7.08784,7.09262,7.08756,7.09239,8834.0,7.0906,8834
2024-10-14 11:00:00,7.09237,7.09527,7.0911,7.09481,9993.0,7.0939,9993
2024-10-14 12:00:00,7.09484,7.09737,7.09393,7.09684,10477.0,7.096,10477
2024-10-14 13:00:00,7.09688,7.09785,7.07704,7.08697,13956.0,7.0917,13956
2024-10-14 14:00:00,7.08679,7.0946,7.08491,7.09365,15623.0,7.0903,15623
2024-10-14 15:00:00,7.09355,7.09673,7.09159,7.09639,10676.0,7.0942,10676
2024-10-14 16:00:00,7.09652,7.09979,7.09518,7.09887,8351.0,7.0974,8351
2024-10-14 17:00:00,7.09886,7.10009,7.09706,7.09795,5997.0,7.0985,5997
2024-10-14 18:00:00,7.09793,7.09842,7.0965,7.09774,4617.0,7.0976,4617
2024-10-14 19:00:00,7.09778,7.09987,7.09567,7.09761,7137.0,7.0976,7137
2024-10-14 20:00:00,7.0977,7.09793,7.09164,7.09549,6442.0,7.0948,6442
2024-10-14 21:00:00,7.09549,7.09573,7.08951,7.0946,1044.0,7.0935,1044
2024-10-14 22:00:00,7.09376,7.09557,7.09304,7.09459,874.0,7.0938,874
2024-10-14 23:00:00,7.09064,7.09377,7.08935,7.09354,3589.0,7.0923,3589
2024-10-15 00:00:00,7.09317,7.09666,7.09111,7.09404,9250.0,7.0931,9250
2024-10-15 01:00:00,7.09402,7.10745,7.092,7.10543,11271.0,7.0986,11271
2024-10-15 02:00:00,7.10538,7.11858,7.10298,7.11631,13723.0,7.1098,13723
2024-10-15 03:00:00,7.11629,7.12382,7.11392,7.12318,12621.0,7.118,12621
2024-10-15 04:00:00,7.12322,7.128,7.1224,7.12383,7176.0,7.125,7176
2024-10-15 05:00:00,7.12382,7.13426,7.12378,7.13342,12723.0,7.1287,12723
2024-10-15 06:00:00,7.1334,7.1341,7.12281,7.12479,15282.0,7.1282,15282
2024-10-15 07:00:00,7.12464,7.13137,7.12331,7.12979,14469.0,7.1283,14469
2024-10-15 08:00:00,7.12976,7.13,7.12115,7.12264,13580.0,7.1259,13580
2024-10-15 09:00:00,7.12215,7.1271,7.12131,7.12301,11078.0,7.1242,11078
2024-10-15 10:00:00,7.12307,7.12762,7.12224,7.12731,10620.0,7.1252,10620
2024-10-15 11:00:00,7.12731,7.12965,7.11795,7.12242,11006.0,7.1249,11006
2024-10-15 12:00:00,7.12245,7.12413,7.11724,7.12195,13781.0,7.1218,13781
2024-10-15 13:00:00,7.12197,7.12491,7.11968,7.12252,15117.0,7.1227,15117
2024-10-15 14:00:00,7.12262,7.13638,7.12207,7.13638,16558.0,7.1295,16558
2024-10-15 15:00:00,7.13621,7.14056,7.13278,7.13877,13706.0,7.1354,13706
2024-10-15 16:00:00,7.13867,7.14336,7.13618,7.14051,11601.0,7.1405,11601
2024-10-15 17:00:00,7.14044,7.14164,7.13631,7.13915,9552.0,7.1393,9552
2024-10-15 18:00:00,7.13913,7.13925,7.1339,7.13617,9296.0,7.1356,9296
2024-10-15 19:00:00,7.13621,7.13731,7.13485,7.13628,6989.0,7.1361,6989
2024-10-15 20:00:00,7.13639,7.13783,7.12745,7.13645,9211.0,7.1353,9211
2024-10-15 21:00:00,7.13645,7.13735,7.12634,7.1268,1270.0,7.1331,1270
2024-10-15 22:00:00,7.12992,7.13903,7.12197,7.13892,2101.0,7.1347,2101
2024-10-15 23:00:00,7.13659,7.14181,7.12644,7.13868,6159.0,7.1377,6159
2024-10-16 00:00:00,7.13904,7.14034,7.13314,7.13428,11360.0,7.1367,11360
2024-10-16 01:00:00,7.13418,7.13694,7.12471,7.12593,13991.0,7.1319,13991
2024-10-16 02:00:00,7.12597,7.12958,7.12237,7.12456,11691.0,7.1264,11691
2024-10-16 03:00:00,7.12449,7.1267,7.12123,7.12407,9251.0,7.1238,9251
2024-10-16 04:00:00,7.12415,7.12819,7.12353,7.12762,4067.0,7.1259,4067
2024-10-16 05:00:00,7.1276,7.13117,7.12661,7.13042,8902.0,7.1286,8902
2024-10-16 06:00:00,7.13044,7.13404,7.1276,7.13021,14369.0,7.13,14369
2024-10-16 07:00:00,7.13019,7.1311,7.12622,7.12745,12817.0,7.128,12817
2024-10-16 08:00:00,7.12744,7.12958,7.12621,7.12669,9996.0,7.1279,9996
2024-10-16 09:00:00,7.12673,7.12696,7.12006,7.12331,12050.0,7.1231,12050
2024-10-16 10:00:00,7.12331,7.12595,7.12233,7.12563,8118.0,7.1244,8118
2024-10-16 11:00:00,7.12566,7.12629,7.12322,7.124,8374.0,7.1249,8374
2024-10-16 12:00:00,7.12402,7.13011,7.12376,7.12808,11865.0,7.127,11865
2024-10-16 13:00:00,7.12812,7.13165,7.12583,7.12945,13477.0,7.1283,13477
2024-10-16 14:00:00,7.12943,7.13728,7.12913,7.13526,15370.0,7.134,15370
2024-10-16 15:00:00,7.13524,7.13756,7.13337,7.13452,11753.0,7.1355,11753
2024-10-16 16:00:00,7.1345,7.1365,7.1316,7.13381,8442.0,7.1339,8442
2024-10-16 17:00:00,7.13379,7.13539,7.1333,7.13475,6140.0,7.1345,6140
2024-10-16 18:00:00,7.13479,7.13699,7.13437,7.13689,6472.0,7.136,6472
2024-10-16 19:00:00,7.13691,7.13834,7.13386,7.13429,7286.0,7.1363,7286
2024-10-16 20:00:00,7.13431,7.13719,7.13262,7.13458,5659.0,7.1357,5659
2024-10-16 21:00:00,7.13458,7.13604,7.13205,7.13232,1216.0,7.1336,1216
2024-10-16 22:00:00,7.13138,7.13727,7.1306,7.13546,2365.0,7.1348,2365
2024-10-16 23:00:00,7.1355,7.13731,7.13303,7.13346,5624.0,7.1347,5624
2024-10-17 00:00:00,7.1338,7.13388,7.12892,7.12979,9243.0,7.1311,9243
2024-10-17 01:00:00,7.13007,7.13437,7.12599,7.12978,11913.0,7.13,11913
2024-10-17 02:00:00,7.12978,7.13465,7.12546,7.1322,13769.0,7.1308,13769
2024-10-17 03:00:00,7.13222,7.13663,7.13117,7.13663,9216.0,7.1343,9216
2024-10-17 04:00:00,7.13665,7.13712,7.135,7.13639,2629.0,7.1363,2629
2024-10-17 05:00:00,7.13646,7.13668,7.13352,7.13435,8793.0,7.1351,8793
2024-10-17 06:00:00,7.13438,7.13601,7.13274,7.13549,11604.0,7.1346,11604
2024-10-17 07:00:00,7.13551,7.14436,7.13548,7.14072,14334.0,7.1411,14334
2024-10-17 08:00:00,7.14062,7.14733,7.1403,7.1458,11833.0,7.1433,11833
2024-10-17 09:00:00,7.14573,7.14613,7.13985,7.14029,9380.0,7.1435,9380
2024-10-17 10:00:00,7.14027,7.14122,7.13491,7.13566,10632.0,7.137,10632
2024-10-17 11:00:00,7.13568,7.13632,7.13324,7.13626,8293.0,7.1348,8293
2024-10-17 12:00:00,7.13616,7.14507,7.13393,7.13686,14778.0,7.1382,14778
2024-10-17 13:00:00,7.1371,7.1448,7.13579,7.13906,17045.0,7.1398,17045
2024-10-17 14:00:00,7.13903,7.1436,7.1335,7.13564,16792.0,7.1412,16792
2024-10-17 15:00:00,7.1357,7.13921,7.13414,7.13743,14010.0,7.1365,14010
2024-10-17 16:00:00,7.13745,7.14024,7.13718,7.13888,10698.0,7.1392,10698
2024-10-17 17:00:00,7.13881,7.14,7.13686,7.13786,6740.0,7.1384,6740
2024-10-17 18:00:00,7.13788,7.13912,7.1367,7.13773,6908.0,7.138,6908
2024-10-17 19:00:00,7.13773,7.14005,7.1377,7.13852,5808.0,7.1391,5808
2024-10-17 20:00:00,7.13857,7.1396,7.12764,7.13692,5060.0,7.1361,5060
2024-10-17 21:00:00,7.13692,7.13697,7.12971,7.13639,500.0,7.1349,500
2024-10-17 22:00:00,7.13084,7.1386,7.12991,7.1386,760.0,7.1368,760
2024-10-17 23:00:00,7.13706,7.13926,7.13516,7.13664,2877.0,7.1371,2877
2024-10-18 00:00:00,7.13744,7.13812,7.1312,7.13377,9303.0,7.135,9303
2024-10-18 01:00:00,7.13375,7.13648,7.1312,7.13328,12910.0,7.134,12910
2024-10-18 02:00:00,7.13403,7.13444,7.12232,7.12716,13505.0,7.1295,13505
2024-10-18 03:00:00,7.12718,7.13127,7.12621,7.12946,8833.0,7.1288,8833
2024-10-18 04:00:00,7.12962,7.13123,7.12947,7.1309,2784.0,7.1304,2784
2024-10-18 05:00:00,7.13088,7.13088,7.1197,7.12087,12362.0,7.1259,12362
2024-10-18 06:00:00,7.12099,7.12354,7.11471,7.11964,17091.0,7.1193,17091
2024-10-18 07:00:00,7.11962,7.12253,7.11813,7.11908,11776.0,7.1202,11776
2024-10-18 08:00:00,7.11902,7.12044,7.11477,7.11673,12269.0,7.1174,12269
2024-10-18 09:00:00,7.11666,7.12058,7.11568,7.11961,9312.0,7.1183,9312
2024-10-18 10:00:00,7.11961,7.12042,7.11746,7.1186,9022.0,7.1192,9022
2024-10-18 11:00:00,7.11858,7.12077,7.11819,7.12057,8491.0,7.1194,8491
2024-10-18 12:00:00,7.12062,7.12147,7.10912,7.11192,12981.0,7.1162,12981
2024-10-18 13:00:00,7.1119,7.11849,7.11188,7.11754,14103.0,7.1146,14103
2024-10-18 14:00:00,7.11761,7.12041,7.11568,7.11806,13771.0,7.118,13771
2024-10-18 15:00:00,7.11805,7.12026,7.11702,7.11972,10951.0,7.1186,10951
2024-10-18 16:00:00,7.11967,7.12031,7.11701,7.11766,7812.0,7.1186,7812
2024-10-18 17:00:00,7.1177,7.1361,7.1173,7.11981,7380.0,7.1196,7380
2024-10-18 18:00:00,7.11983,7.12005,7.11702,7.11764,8953.0,7.1185,8953
2024-10-18 19:00:00,7.11744,7.11943,7.1171,7.1185,8887.0,7.1183,8887
2024-10-18 20:00:00,7.11862,7.11874,7.10514,7.10664,8937.0,7.1165,8937
2024-10-20 21:00:00,7.11788,7.11788,7.11788,7.11788,1.0,7.1179,1
2024-10-20 22:00:00,7.1147,7.1182,7.1141,7.11568,47.0,7.1165,47
2024-10-20 23:00:00,7.1155,7.11777,7.11466,7.11628,1219.0,7.1166,1219
2024-10-21 00:00:00,7.11612,7.11922,7.11478,7.11813,2756.0,7.1165,2756
2024-10-21 01:00:00,7.11821,7.12036,7.10765,7.11445,12999.0,7.1146,12999
2024-10-21 02:00:00,7.11481,7.1159,7.10999,7.11385,11261.0,7.1131,11261
2024-10-21 03:00:00,7.11387,7.11471,7.11125,7.11365,8273.0,7.1129,8273
2024-10-21 04:00:00,7.11367,7.11815,7.11365,7.11736,5209.0,7.116,5209
2024-10-21 05:00:00,7.11734,7.11971,7.115,7.11875,9710.0,7.1173,9710
2024-10-21 06:00:00,7.11877,7.12665,7.1181,7.12549,13263.0,7.1227,13263
2024-10-21 07:00:00,7.12518,7.12931,7.12515,7.12885,12846.0,7.1268,12846
2024-10-21 08:00:00,7.12894,7.12928,7.12413,7.12481,11191.0,7.1268,11191
2024-10-21 09:00:00,7.12482,7.12756,7.12391,7.12718,10793.0,7.1252,10793
2024-10-21 10:00:00,7.12716,7.12759,7.1242,7.12463,9258.0,7.1259,9258
2024-10-21 11:00:00,7.12463,7.12647,7.1237,7.12497,9364.0,7.1248,9364
2024-10-21 12:00:00,7.12489,7.12678,7.12078,7.125,12468.0,7.1238,12468
2024-10-21 13:00:00,7.12483,7.12902,7.12387,7.12837,14973.0,7.1263,14973
2024-10-21 14:00:00,7.12834,7.13344,7.12747,7.13317,16083.0,7.1304,16083
2024-10-21 15:00:00,7.13321,7.13771,7.13319,7.13694,14907.0,7.1354,14907
2024-10-21 16:00:00,7.13696,7.13765,7.1195,7.13644,11610.0,7.1366,11610
2024-10-21 17:00:00,7.1364,7.13789,7.1359,7.13671,9717.0,7.1369,9717
2024-10-21 18:00:00,7.13671,7.13784,7.13525,7.13749,8806.0,7.1366,8806
2024-10-21 19:00:00,7.13743,7.1379,7.13578,7.13618,8749.0,7.1372,8749
2024-10-21 20:00:00,7.13616,7.1376,7.13288,7.13442,5657.0,7.1366,5657
2024-10-21 21:00:00,7.13442,7.13608,7.12975,7.1333,1363.0,7.134,1363
2024-10-21 22:00:00,7.13332,7.1372,7.13035,7.13693,2153.0,7.1359,2153
2024-10-21 23:00:00,7.1361,7.139,7.13545,7.13759,4640.0,7.137,4640
2024-10-22 00:00:00,7.13797,7.13872,7.13345,7.13673,9105.0,7.1366,9105
2024-10-22 01:00:00,7.13678,7.1371,7.13128,7.13568,13042.0,7.135,13042
2024-10-22 02:00:00,7.13566,7.13618,7.13205,7.13514,12267.0,7.1339,12267
2024-10-22 03:00:00,7.13516,7.13677,7.1333,7.13431,9179.0,7.1347,9179
2024-10-22 04:00:00,7.13448,7.13547,7.1333,7.13456,3815.0,7.1346,3815
2024-10-22 05:00:00,7.13453,7.13555,7.13294,7.13491,9475.0,7.1344,9475
2024-10-22 06:00:00,7.13466,7.13624,7.1299,7.13336,11814.0,7.1332,11814
2024-10-22 07:00:00,7.13334,7.13427,7.12921,7.13263,12934.0,7.1325,12934
2024-10-22 08:00:00,7.13265,7.13441,7.13026,7.13272,11232.0,7.1325,11232
2024-10-22 09:00:00,7.13274,7.13479,7.1319,7.1338,10943.0,7.1335,10943
2024-10-22 10:00:00,7.13386,7.13422,7.13173,7.13383,9771.0,7.133,9771
2024-10-22 11:00:00,7.13377,7.1345,7.13048,7.13342,9822.0,7.1327,9822
2024-10-22 12:00:00,7.13339,7.13563,7.13194,7.13514,10943.0,7.134,10943
2024-10-22 13:00:00,7.13529,7.13773,7.13072,7.13684,14983.0,7.1338,14983
2024-10-22 14:00:00,7.13708,7.13823,7.1331,7.13404,15518.0,7.1363,15518
2024-10-22 15:00:00,7.13403,7.13831,7.13383,7.13714,13208.0,7.1361,13208
2024-10-22 16:00:00,7.13714,7.13771,7.1331,7.13407,10511.0,7.1359,10511
2024-10-22 17:00:00,7.13405,7.13464,7.13195,7.13231,10643.0,7.1333,10643
2024-10-22 18:00:00,7.13235,7.13476,7.1312,7.13434,7616.0,7.1335,7616
2024-10-22 19:00:00,7.13444,7.13522,7.1331,7.13509,7315.0,7.1343,7315
2024-10-22 20:00:00,7.13499,7.13725,7.13052,7.13461,8394.0,7.1355,8394
2024-10-22 21:00:00,7.13461,7.13563,7.1309,7.1325,588.0,7.1336,588
2024-10-22 22:00:00,7.13145,7.13534,7.12613,7.13364,1817.0,7.1335,1817
2024-10-22 23:00:00,7.13362,7.13727,7.13247,7.1371,2995.0,7.1346,2995
2024-10-23 00:00:00,7.13681,7.14289,7.13479,7.14185,10838.0,7.1378,10838
2024-10-23 01:00:00,7.14183,7.14666,7.14079,7.14333,12949.0,7.1437,12949
2024-10-23 02:00:00,7.14333,7.14422,7.1394,7.13956,11369.0,7.1417,11369
2024-10-23 03:00:00,7.13954,7.14143,7.137,7.1372,9525.0,7.1392,9525
2024-10-23 04:00:00,7.13714,7.14035,7.13714,7.14007,3879.0,7.1393,3879
2024-10-23 05:00:00,7.14011,7.14061,7.1372,7.13862,10445.0,7.1389,10445
2024-10-23 06:00:00,7.13858,7.14375,7.13761,7.1422,11725.0,7.1409,11725
2024-10-23 07:00:00,7.14217,7.14345,7.1361,7.13789,11664.0,7.1409,11664
2024-10-23 08:00:00,7.13788,7.14035,7.13551,7.13804,12075.0,7.1384,12075
2024-10-23 09:00:00,7.138,7.1414,7.13765,7.1412,10265.0,7.1397,10265
2024-10-23 10:00:00,7.14118,7.14247,7.14037,7.14186,8086.0,7.1414,8086
2024-10-23 11:00:00,7.14182,7.14459,7.1395,7.14286,9664.0,7.1426,9664
2024-10-23 12:00:00,7.14292,7.14489,7.14011,7.14347,13200.0,7.143,13200
2024-10-23 13:00:00,7.14344,7.1443,7.1377,7.14031,15132.0,7.141,15132
2024-10-23 14:00:00,7.14033,7.14162,7.1335,7.14046,14675.0,7.14,14675
2024-10-23 15:00:00,7.14037,7.14213,7.14,7.14106,12402.0,7.1412,12402
2024-10-23 16:00:00,7.1411,7.14181,7.1383,7.13983,11817.0,7.14,11817
2024-10-23 17:00:00,7.13978,7.14135,7.1392,7.13977,10586.0,7.1403,10586
2024-10-23 18:00:00,7.13979,7.13999,7.13618,7.13655,11636.0,7.1377,11636
2024-10-23 19:00:00,7.13657,7.13671,7.13503,7.13578,9978.0,7.1359,9978
2024-10-23 20:00:00,7.13554,7.13624,7.13022,7.13191,7906.0,7.1352,7906
2024-10-23 21:00:00,7.13191,7.13738,7.12784,7.13459,994.0,7.1354,994
2024-10-23 22:00:00,7.13295,7.13791,7.11926,7.13459,1513.0,7.1355,1513
2024-10-23 23:00:00,7.13539,7.13596,7.13281,7.13577,4560.0,7.1345,4560
2024-10-24 00:00:00,7.13521,7.13576,7.12735,7.12925,11352.0,7.1326,11352
2024-10-24 01:00:00,7.12927,7.1349,7.12913,7.13141,12855.0,7.1316,12855
2024-10-24 02:00:00,7.13145,7.13212,7.12094,7.12398,12439.0,7.1277,12439
2024-10-24 03:00:00,7.124,7.12537,7.11917,7.12279,9606.0,7.1235,9606
2024-10-24 04:00:00,7.12278,7.12287,7.11611,7.11683,7961.0,7.1189,7961
2024-10-24 05:00:00,7.11682,7.12378,7.11666,7.12197,10682.0,7.1204,10682
2024-10-24 06:00:00,7.12185,7.12447,7.11971,7.1229,12556.0,7.1217,12556
2024-10-24 07:00:00,7.12284,7.12356,7.1171,7.11865,14430.0,7.1205,14430
2024-10-24 08:00:00,7.11864,7.1222,7.11684,7.12032,12913.0,7.1202,12913
2024-10-24 09:00:00,7.12034,7.12384,7.12013,7.1231,10082.0,7.1219,10082
2024-10-24 10:00:00,7.12303,7.12355,7.1201,7.12136,8654.0,7.1217,8654
2024-10-24 11:00:00,7.12138,7.12346,7.11992,7.12249,9467.0,7.1219,9467
2024-10-24 12:00:00,7.12248,7.12636,7.12017,7.12518,14405.0,7.1232,14405
2024-10-24 13:00:00,7.12519,7.12742,7.1201,7.12684,15631.0,7.1251,15631
2024-10-24 14:00:00,7.12666,7.12898,7.12604,7.12815,15499.0,7.1279,15499
2024-10-24 15:00:00,7.12818,7.12856,7.1259,7.12693,11265.0,7.1272,11265
2024-10-24 16:00:00,7.12697,7.12877,7.1253,7.12632,10125.0,7.1273,10125
2024-10-24 17:00:00,7.1262,7.1266,7.1225,7.12516,9029.0,7.1245,9029
2024-10-24 18:00:00,7.12514,7.12651,7.1235,7.12597,7887.0,7.1253,7887
2024-10-24 19:00:00,7.12599,7.12661,7.12423,7.12456,7604.0,7.1257,7604
2024-10-24 20:00:00,7.1246,7.12532,7.12141,7.12158,4978.0,7.1245,4978
2024-10-24 21:00:00,7.12141,7.12461,7.12141,7.12239,602.0,7.1238,602
2024-10-24 22:00:00,7.1237,7.12449,7.12283,7.12374,391.0,7.124,391
2024-10-24 23:00:00,7.12502,7.12559,7.12473,7.12552,115.0,7.125,115
2024-10-25 00:00:00,7.12507,7.12646,7.12261,7.12531,10395.0,7.1249,10395
2024-10-25 01:00:00,7.12533,7.13269,7.12298,7.13216,12178.0,7.1266,12178
2024-10-25 02:00:00,7.13207,7.1354,7.12909,7.1319,10279.0,7.132,10279
2024-10-25 03:00:00,7.1318,7.13589,7.13175,7.13406,8376.0,7.134,8376
2024-10-25 04:00:00,7.13409,7.13474,7.1321,7.13379,4355.0,7.1334,4355
2024-10-25 05:00:00,7.13381,7.13408,7.131,7.13379,8638.0,7.1327,8638
2024-10-25 06:00:00,7.13375,7.13826,7.13232,7.13697,11498.0,7.1349,11498
2024-10-25 07:00:00,7.13695,7.13754,7.131,7.13356,12101.0,7.1333,12101
2024-10-25 08:00:00,7.13358,7.13466,7.1298,7.13251,10900.0,7.1327,10900
2024-10-25 09:00:00,7.13253,7.13532,7.1323,7.13453,8345.0,7.1342,8345
2024-10-25 10:00:00,7.13446,7.13637,7.1337,7.13502,7492.0,7.1352,7492
2024-10-25 11:00:00,7.13504,7.13535,7.1318,7.13343,7862.0,7.1341,7862
2024-10-25 12:00:00,7.13337,7.13449,7.12799,7.13067,10303.0,7.132,10303
2024-10-25 13:00:00,7.13065,7.13348,7.1297,7.13124,12850.0,7.1313,12850
2024-10-25 14:00:00,7.13126,7.1334,7.12695,7.12883,14167.0,7.1297,14167
2024-10-25 15:00:00,7.12898,7.12953,7.12561,7.1289,11691.0,7.1279,11691
2024-10-25 16:00:00,7.12892,7.13212,7.12892,7.13193,9235.0,7.1307,9235
2024-10-25 17:00:00,7.13194,7.1335,7.131,7.13304,8896.0,7.1328,8896
2024-10-25 18:00:00,7.133,7.13467,7.13182,7.13308,10838.0,7.1333,10838
2024-10-25 19:00:00,7.13306,7.13413,7.1321,7.13322,12159.0,7.1333,12159
2024-10-25 20:00:00,7.13326,7.1358,7.03253,7.03747,5829.0,7.1335,5829
2024-10-27 21:00:00,7.12715,7.14176,7.12715,7.14126,35.0,7.1388,35
2024-10-27 22:00:00,7.1414,7.14295,7.14085,7.14295,33.0,7.142,33
2024-10-27 23:00:00,7.14295,7.14724,7.14275,7.14558,30.0,7.1452,30
2024-10-28 00:00:00,7.14566,7.14975,7.14151,7.14948,2165.0,7.1446,2165
2024-10-28 01:00:00,7.14944,7.14962,7.14342,7.14506,4032.0,7.1454,4032
2024-10-28 02:00:00,7.14504,7.14509,7.13936,7.14135,12365.0,7.1414,12365
2024-10-28 03:00:00,7.14129,7.14237,7.13979,7.14205,9964.0,7.141,9964
2024-10-28 04:00:00,7.14229,7.14646,7.14227,7.14542,5965.0,7.1451,5965
2024-10-28 05:00:00,7.14549,7.147,7.14327,7.145,8473.0,7.1449,8473
2024-10-28 06:00:00,7.14504,7.14504,7.13989,7.14019,10541.0,7.1418,10541
2024-10-28 07:00:00,7.14017,7.14269,7.13864,7.14106,9964.0,7.1404,9964
2024-10-28 08:00:00,7.1412,7.14234,7.13774,7.13943,11528.0,7.1404,11528
2024-10-28 09:00:00,7.13941,7.14429,7.13917,7.14067,10000.0,7.1421,10000
2024-10-28 10:00:00,7.14055,7.14092,7.1375,7.13926,10394.0,7.1392,10394
2024-10-28 11:00:00,7.13924,7.13988,7.13731,7.13792,7393.0,7.1385,7393
2024-10-28 12:00:00,7.1379,7.13998,7.1351,7.13868,11253.0,7.1374,11253
2024-10-28 13:00:00,7.13868,7.14049,7.13624,7.13715,12684.0,7.1376,12684
2024-10-28 14:00:00,7.13711,7.13989,7.13558,7.13647,11661.0,7.138,11661
2024-10-28 15:00:00,7.13642,7.14205,7.13628,7.14177,12768.0,7.1389,12768
2024-10-28 16:00:00,7.14175,7.14486,7.1255,7.14457,11693.0,7.1423,11693
2024-10-28 17:00:00,7.14454,7.14563,7.14358,7.14537,8824.0,7.1446,8824
2024-10-28 18:00:00,7.14539,7.1462,7.1438,7.14478,8568.0,7.1451,8568
2024-10-28 19:00:00,7.14476,7.14542,7.14367,7.14409,7972.0,7.1447,7972
2024-10-28 20:00:00,7.14411,7.14527,7.14133,7.14449,4889.0,7.1442,4889
2024-10-28 21:00:00,7.14449,7.14502,7.11041,7.14228,622.0,7.1408,622
2024-10-28 22:00:00,7.14091,7.144,7.14079,7.14125,1940.0,7.1418,1940
2024-10-28 23:00:00,7.14127,7.1455,7.14095,7.14307,2811.0,7.1429,2811
2024-10-29 00:00:00,7.14322,7.14581,7.14221,7.14394,6813.0,7.1441,6813
2024-10-29 01:00:00,7.14396,7.14698,7.1403,7.14607,12551.0,7.1442,12551
2024-10-29 02:00:00,7.14618,7.14898,7.14436,7.14722,11033.0,7.1465,11033
2024-10-29 03:00:00,7.14722,7.15787,7.14534,7.15657,11160.0,7.1514,11160
2024-10-29 04:00:00,7.15655,7.15831,7.1545,7.15539,7701.0,7.1564,7701
2024-10-29 05:00:00,7.15535,7.15946,7.15398,7.15865,9684.0,7.1564,9684
2024-10-29 06:00:00,7.15863,7.16002,7.15641,7.15719,9997.0,7.158,9997
2024-10-29 07:00:00,7.15721,7.16415,7.15654,7.16205,11676.0,7.1603,11676
2024-10-29 08:00:00,7.16209,7.16382,7.15428,7.15723,13836.0,7.1595,13836
2024-10-29 09:00:00,7.15725,7.15755,7.15219,7.1538,11869.0,7.1548,11869
2024-10-29 10:00:00,7.15363,7.15697,7.15224,7.15439,9407.0,7.1549,9407
2024-10-29 11:00:00,7.15444,7.1566,7.1515,7.15655,8914.0,7.1536,8914
2024-10-29 12:00:00,7.15656,7.16008,7.15609,7.15742,12371.0,7.1583,12371
2024-10-29 13:00:00,7.15744,7.15921,7.15387,7.154,12498.0,7.1568,12498
2024-10-29 14:00:00,7.15395,7.15738,7.14974,7.15146,17161.0,7.1527,17161
2024-10-29 15:00:00,7.15136,7.15349,7.14441,7.14513,14815.0,7.1497,14815
2024-10-29 16:00:00,7.14507,7.1502,7.14363,7.14876,11888.0,7.1471,11888
2024-10-29 17:00:00,7.14877,7.14907,7.1444,7.14488,10712.0,7.1459,10712
2024-10-29 18:00:00,7.14486,7.14641,7.144,7.14527,7270.0,7.1452,7270
2024-10-29 19:00:00,7.14531,7.14664,7.1446,7.14535,6732.0,7.1458,6732
2024-10-29 20:00:00,7.14547,7.14559,7.14117,7.14242,6888.0,7.1436,6888
2024-10-29 21:00:00,7.14101,7.14309,7.14101,7.1429,661.0,7.1428,661
2024-10-29 22:00:00,7.14195,7.14332,7.14142,7.14289,2173.0,7.1424,2173
2024-10-29 23:00:00,7.14195,7.14321,7.14016,7.14114,4352.0,7.1419,4352
2024-10-30 00:00:00,7.1408,7.14426,7.13966,7.14254,8188.0,7.1426,8188
2024-10-30 01:00:00,7.1425,7.14461,7.13651,7.14248,11600.0,7.1417,11600
2024-10-30 02:00:00,7.14257,7.14589,7.14126,7.14589,10579.0,7.1441,10579
2024-10-30 03:00:00,7.1458,7.15069,7.14578,7.14973,9981.0,7.1483,9981
2024-10-30 04:00:00,7.14971,7.15236,7.1481,7.14936,6168.0,7.1501,6168
2024-10-30 05:00:00,7.14938,7.15119,7.14482,7.14536,8675.0,7.1492,8675
2024-10-30 06:00:00,7.14538,7.14779,7.13896,7.14166,12138.0,7.1442,12138
2024-10-30 07:00:00,7.14173,7.14249,7.13675,7.13776,11248.0,7.1398,11248
2024-10-30 08:00:00,7.13774,7.13785,7.13175,7.13471,15330.0,7.1342,15330
2024-10-30 09:00:00,7.13473,7.13606,7.13235,7.13453,12053.0,7.1344,12053
2024-10-30 10:00:00,7.13451,7.13506,7.1302,7.13401,11879.0,7.1333,11879
2024-10-30 11:00:00,7.1342,7.13699,7.1328,7.13574,8874.0,7.1348,8874
2024-10-30 12:00:00,7.13579,7.14367,7.13421,7.14224,14890.0,7.1402,14890
2024-10-30 13:00:00,7.14221,7.14445,7.13281,7.13321,15582.0,7.14,15582
2024-10-30 14:00:00,7.13329,7.13463,7.12917,7.13351,16985.0,7.1323,16985
2024-10-30 15:00:00,7.1335,7.1467,7.12976,7.13205,14535.0,7.1326,14535
2024-10-30 16:00:00,7.13224,7.13365,7.12796,7.12848,12190.0,7.1309,12190
2024-10-30 17:00:00,7.12867,7.1307,7.12588,7.12693,10325.0,7.1284,10325
2024-10-30 18:00:00,7.12695,7.12769,7.12328,7.12502,9267.0,7.1251,9267
2024-10-30 19:00:00,7.125,7.12803,7.12446,7.1255,10945.0,7.1264,10945
2024-10-30 20:00:00,7.1255,7.12657,7.12341,7.12473,8426.0,7.1255,8426
2024-10-30 21:00:00,7.12473,7.12543,7.12214,7.12521,1318.0,7.124,1318
2024-10-30 22:00:00,7.12306,7.12869,7.12297,7.12672,1905.0,7.1263,1905
2024-10-30 23:00:00,7.12668,7.12795,7.1246,7.12633,2809.0,7.1257,2809
2024-10-31 00:00:00,7.126,7.13146,7.1253,7.13084,7451.0,7.1288,7451
2024-10-31 01:00:00,7.13086,7.1348,7.12926,7.13416,11587.0,7.1318,11587
2024-10-31 02:00:00,7.1342,7.13444,7.1277,7.13091,11459.0,7.1308,11459
2024-10-31 03:00:00,7.1308,7.13096,7.1278,7.12966,8636.0,7.1296,8636
2024-10-31 04:00:00,7.12965,7.13049,7.12728,7.12982,7513.0,7.1289,7513
2024-10-31 05:00:00,7.12983,7.13243,7.12802,7.12961,9709.0,7.1307,9709
2024-10-31 06:00:00,7.12967,7.13204,7.12536,7.13141,11422.0,7.1293,11422
2024-10-31 07:00:00,7.13132,7.13145,7.12622,7.12736,13138.0,7.1286,13138
2024-10-31 08:00:00,7.12727,7.1276,7.1199,7.12455,14445.0,7.1244,14445
2024-10-31 09:00:00,7.12462,7.12883,7.12374,7.12618,10806.0,7.1266,10806
2024-10-31 10:00:00,7.12616,7.12822,7.12391,7.12814,9900.0,7.1261,9900
2024-10-31 11:00:00,7.12836,7.12998,7.12601,7.12601,10343.0,7.1285,10343
2024-10-31 12:00:00,7.12597,7.12879,7.12194,7.12453,14671.0,7.1251,14671
2024-10-31 13:00:00,7.12461,7.12721,7.1205,7.12628,16284.0,7.1237,16284
2024-10-31 14:00:00,7.1263,7.12985,7.12529,7.12782,16014.0,7.1278,16014
2024-10-31 15:00:00,7.12778,7.13176,7.1268,7.12766,16074.0,7.129,16074
2024-10-31 16:00:00,7.12766,7.1321,7.12596,7.12759,12883.0,7.1276,12883
2024-10-31 17:00:00,7.12759,7.12783,7.1245,7.12566,9623.0,7.1256,9623
2024-10-31 18:00:00,7.1256,7.12586,7.12237,7.12329,10454.0,7.1239,10454
2024-10-31 19:00:00,7.12325,7.12441,7.12125,7.12131,10147.0,7.1229,10147
2024-10-31 20:00:00,7.12131,7.12231,7.1173,7.12096,8956.0,7.1209,8956
2024-10-31 21:00:00,7.12096,7.12594,7.10957,7.1246,976.0,7.1214,976
2024-10-31 22:00:00,7.11797,7.12455,7.11457,7.12214,1377.0,7.122,1377
2024-10-31 23:00:00,7.12212,7.12317,7.11367,7.12086,5813.0,7.1213,5813
2024-11-01 00:00:00,7.12076,7.12448,7.12003,7.12386,7714.0,7.1227,7714
2024-11-01 01:00:00,7.12388,7.13099,7.1172,7.12768,13969.0,7.1249,13969
2024-11-01 02:00:00,7.1277,7.1341,7.1274,7.13055,12436.0,7.131,12436
2024-11-01 03:00:00,7.13053,7.13346,7.127,7.12854,9878.0,7.1306,9878
2024-11-01 04:00:00,7.12862,7.13032,7.12819,7.12992,5634.0,7.1294,5634
2024-11-01 05:00:00,7.12986,7.13409,7.12906,7.13242,9472.0,7.1317,9472
2024-11-01 06:00:00,7.1324,7.13291,7.12984,7.13063,7900.0,7.1313,7900
2024-11-01 07:00:00,7.13064,7.13188,7.1298,7.13172,8821.0,7.1308,8821
2024-11-01 08:00:00,7.13174,7.13415,7.12932,7.13176,11708.0,7.1321,11708
2024-11-01 09:00:00,7.13174,7.13235,7.12952,7.12991,8834.0,7.1306,8834
2024-11-01 10:00:00,7.1299,7.1327,7.1276,7.12855,8195.0,7.1308,8195
2024-11-01 11:00:00,7.12853,7.129,7.12459,7.12505,9117.0,7.1272,9117
2024-11-01 12:00:00,7.12503,7.12796,7.11442,7.12066,15886.0,7.1212,15886
2024-11-01 13:00:00,7.12064,7.1292,7.12021,7.12564,18431.0,7.1267,18431
2024-11-01 14:00:00,7.12524,7.1329,7.12372,7.13171,17051.0,7.131,17051
2024-11-01 15:00:00,7.13173,7.13373,7.1299,7.13359,12981.0,7.1319,12981
2024-11-01 16:00:00,7.13361,7.13527,7.13268,7.13329,11187.0,7.1339,11187
2024-11-01 17:00:00,7.13331,7.13784,7.1328,7.13726,10523.0,7.136,10523
2024-11-01 18:00:00,7.13729,7.13851,7.13621,7.13807,9176.0,7.1375,9176
2024-11-01 19:00:00,7.13805,7.13864,7.13647,7.13837,8015.0,7.1378,8015
2024-11-01 20:00:00,7.13821,7.13974,7.04641,7.06925,7713.0,7.1367,7713
2024-11-03 22:00:00,7.10955,7.11207,7.10865,7.11178,94.0,7.1102,94
2024-11-03 23:00:00,7.11183,7.11195,7.10876,7.10991,98.0,7.1105,98
2024-11-04 00:00:00,7.11025,7.11222,7.10526,7.10853,2628.0,7.1098,2628
2024-11-04 01:00:00,7.10845,7.11829,7.10648,7.11424,4590.0,7.1122,4590
2024-11-04 02:00:00,7.1142,7.11736,7.11098,7.11257,12625.0,7.1142,12625
2024-11-04 03:00:00,7.11255,7.11259,7.08801,7.09217,15640.0,7.0978,15640
2024-11-04 04:00:00,7.09215,7.1384,7.08621,7.08888,9097.0,7.0906,9097
2024-11-04 05:00:00,7.0889,7.1384,7.08822,7.08837,10796.0,7.0922,10796
2024-11-04 06:00:00,7.08835,7.09855,7.08797,7.09843,11816.0,7.0933,11816
2024-11-04 07:00:00,7.09821,7.10256,7.09691,7.10129,12666.0,7.0997,12666
2024-11-04 08:00:00,7.10131,7.10386,7.0964,7.10284,13524.0,7.1002,13524
2024-11-04 09:00:00,7.10283,7.1034,7.09586,7.09751,11926.0,7.1003,11926
2024-11-04 10:00:00,7.09749,7.09974,7.09454,7.09748,10799.0,7.0975,10799
2024-11-04 11:00:00,7.09751,7.09798,7.09229,7.09267,10649.0,7.0945,10649
2024-11-04 12:00:00,7.09277,7.1012,7.09097,7.0986,11363.0,7.0964,11363
2024-11-04 13:00:00,7.09858,7.10423,7.09668,7.10034,13146.0,7.1007,13146
2024-11-04 14:00:00,7.1004,7.10363,7.09661,7.10266,14283.0,7.1006,14283
2024-11-04 15:00:00,7.10285,7.10629,7.10009,7.10355,14690.0,7.1033,14690
2024-11-04 16:00:00,7.10354,7.1331,7.10335,7.1083,12402.0,7.1067,12402
2024-11-04 17:00:00,7.1083,7.10901,7.1051,7.10777,9689.0,7.1075,9689
2024-11-04 18:00:00,7.10779,7.11265,7.10765,7.11089,9532.0,7.1108,9532
2024-11-04 19:00:00,7.11087,7.11183,7.10939,7.1102,7257.0,7.1105,7257
2024-11-04 20:00:00,7.11019,7.11399,7.10889,7.11248,7317.0,7.1109,7317
2024-11-04 21:00:00,7.1125,7.11302,7.10516,7.10827,7522.0,7.1104,7522
2024-11-04 22:00:00,7.10827,7.1118,7.09699,7.1096,452.0,7.1098,452
2024-11-04 23:00:00,7.1074,7.11409,7.1033,7.11058,2222.0,7.1102,2222
2024-11-05 00:00:00,7.11016,7.11589,7.10975,7.11246,7629.0,7.1124,7629
2024-11-05 01:00:00,7.11269,7.11727,7.1075,7.11013,11924.0,7.1128,11924
2024-11-05 02:00:00,7.1101,7.11089,7.10446,7.10711,12621.0,7.1075,12621
2024-11-05 03:00:00,7.10713,7.10994,7.10534,7.10988,8374.0,7.1073,8374
2024-11-05 04:00:00,7.10983,7.1099,7.1075,7.1085,5298.0,7.1089,5298
2024-11-05 05:00:00,7.10855,7.10859,7.1038,7.10791,9984.0,7.1059,9984
2024-11-05 06:00:00,7.10798,7.10912,7.1064,7.10859,8672.0,7.1078,8672
2024-11-05 07:00:00,7.10857,7.10971,7.10597,7.10877,9845.0,7.1083,9845
2024-11-05 08:00:00,7.10875,7.11495,7.10805,7.11154,12044.0,7.112,12044
2024-11-05 09:00:00,7.11156,7.11314,7.10896,7.10903,9036.0,7.1108,9036
2024-11-05 10:00:00,7.10907,7.10982,7.1061,7.10734,9079.0,7.1081,9079
2024-11-05 11:00:00,7.10739,7.10739,7.10246,7.10306,8528.0,7.1046,8528
2024-11-05 12:00:00,7.10298,7.10783,7.10277,7.10741,8176.0,7.1052,8176
2024-11-05 13:00:00,7.10739,7.10919,7.1029,7.10728,11290.0,7.1063,11290
2024-11-05 14:00:00,7.1073,7.10746,7.1027,7.10596,12811.0,7.1053,12811
2024-11-05 15:00:00,7.10664,7.10963,7.09934,7.10721,15091.0,7.1074,15091
2024-11-05 16:00:00,7.10723,7.1081,7.10598,7.10602,11328.0,7.1073,11328
2024-11-05 17:00:00,7.106,7.10624,7.1028,7.10338,10335.0,7.1041,10335
2024-11-05 18:00:00,7.10333,7.10606,7.1018,7.10527,9291.0,7.1038,9291
2024-11-05 19:00:00,7.10536,7.10622,7.10206,7.10312,7907.0,7.1041,7907
2024-11-05 20:00:00,7.1031,7.10365,7.1022,7.10267,5535.0,7.103,5535
2024-11-05 21:00:00,7.10264,7.10416,7.09866,7.10133,5993.0,7.1016,5993
2024-11-05 22:00:00,7.10133,7.10179,7.06919,7.10097,499.0,7.0991,499
2024-11-05 23:00:00,7.09905,7.10669,7.06257,7.08963,5250.0,7.097,5250
2024-11-06 00:00:00,7.09043,7.13708,7.08963,7.13353,17013.0,7.1173,17013
2024-11-06 01:00:00,7.13343,7.14847,7.12978,7.13507,18550.0,7.1374,18550
2024-11-06 02:00:00,7.13499,7.16574,7.13305,7.16341,19355.0,7.1515,19355
2024-11-06 03:00:00,7.16298,7.17721,7.15876,7.17389,19052.0,7.1671,19052
2024-11-06 04:00:00,7.17393,7.18586,7.17163,7.17737,16739.0,7.1798,16739
2024-11-06 05:00:00,7.17739,7.18555,7.16925,7.18303,18268.0,7.1755,18268
2024-11-06 06:00:00,7.18301,7.19288,7.18073,7.18838,18345.0,7.1863,18345
2024-11-06 07:00:00,7.18825,7.1894,7.16993,7.1746,18870.0,7.1799,18870
2024-11-06 08:00:00,7.1746,7.18415,7.1699,7.1705,18807.0,7.1777,18807
2024-11-06 09:00:00,7.17064,7.17904,7.17048,7.17665,16180.0,7.1755,16180
2024-11-06 10:00:00,7.17668,7.19042,7.17612,7.1894,13768.0,7.1825,13768
2024-11-06 11:00:00,7.18957,7.20956,7.18746,7.20562,17567.0,7.1971,17567
2024-11-06 12:00:00,7.2056,7.20628,7.1958,7.20325,17622.0,7.2025,17622
2024-11-06 13:00:00,7.20343,7.20383,7.19152,7.19961,18684.0,7.1976,18684
2024-11-06 14:00:00,7.19969,7.20897,7.19804,7.20053,18556.0,7.2047,18556
2024-11-06 15:00:00,7.20066,7.20066,7.18811,7.19548,19004.0,7.1921,19004
2024-11-06 16:00:00,7.19546,7.20016,7.19192,7.19761,16225.0,7.1969,16225
2024-11-06 17:00:00,7.19759,7.19999,7.19525,7.19959,11780.0,7.1975,11780
2024-11-06 18:00:00,7.19958,7.19982,7.18342,7.18394,14514.0,7.189,14514
2024-11-06 19:00:00,7.18392,7.19677,7.18348,7.19629,13375.0,7.1912,13375
2024-11-06 20:00:00,7.19629,7.20158,7.19494,7.20139,10085.0,7.1981,10085
2024-11-06 21:00:00,7.20143,7.20533,7.19589,7.20401,5585.0,7.2035,5585
2024-11-06 22:00:00,7.20401,7.20401,7.19534,7.19823,722.0,7.2013,722
2024-11-06 23:00:00,7.20025,7.20155,7.18914,7.19994,3466.0,7.1994,3466
2024-11-07 00:00:00,7.19996,7.20376,7.19375,7.20195,10071.0,7.2005,10071
2024-11-07 01:00:00,7.2021,7.21313,7.195,7.20707,15998.0,7.2056,15998
2024-11-07 02:00:00,7.20709,7.20763,7.19248,7.19289,15568.0,7.1996,15568
2024-11-07 03:00:00,7.19291,7.19527,7.18692,7.18778,13071.0,7.1915,13071
2024-11-07 04:00:00,7.18762,7.19167,7.18714,7.18967,8582.0,7.1895,8582
2024-11-07 05:00:00,7.18974,7.193,7.18569,7.18959,9987.0,7.1894,9987
2024-11-07 06:00:00,7.18942,7.1918,7.18711,7.18749,11703.0,7.1898,11703
2024-11-07 07:00:00,7.18755,7.18834,7.16858,7.17697,17342.0,7.1769,17342
2024-11-07 08:00:00,7.1769,7.17974,7.16588,7.1682,16120.0,7.1721,16120
2024-11-07 09:00:00,7.16827,7.17345,7.1652,7.17268,12859.0,7.1705,12859
2024-11-07 10:00:00,7.17267,7.1776,7.1715,7.17632,10901.0,7.1749,10901
2024-11-07 11:00:00,7.1763,7.179,7.1697,7.17433,10369.0,7.1748,10369
2024-11-07 12:00:00,7.17431,7.17529,7.1622,7.16401,15451.0,7.1688,15451
2024-11-07 13:00:00,7.16399,7.16451,7.15216,7.15463,18973.0,7.1568,18973
2024-11-07 14:00:00,7.15467,7.15857,7.14731,7.14878,17511.0,7.1529,17511
2024-11-07 15:00:00,7.14887,7.191,7.14124,7.14326,16872.0,7.1474,16872
2024-11-07 16:00:00,7.1433,7.15336,7.1425,7.15055,15622.0,7.1499,15622
2024-11-07 17:00:00,7.15057,7.15489,7.15011,7.15222,10916.0,7.1528,10916
2024-11-07 18:00:00,7.15219,7.15784,7.15139,7.15418,10260.0,7.1556,10260
2024-11-07 19:00:00,7.15605,7.16336,7.13344,7.15614,16744.0,7.1572,16744
2024-11-07 20:00:00,7.1561,7.15768,7.14653,7.14718,15795.0,7.15,15795
2024-11-07 21:00:00,7.14716,7.15088,7.13656,7.14266,12850.0,7.1482,12850
2024-11-07 22:00:00,7.14266,7.14884,7.13656,7.14799,619.0,7.1439,619
2024-11-07 23:00:00,7.14188,7.15892,7.13424,7.15735,3517.0,7.1502,3517
2024-11-08 00:00:00,7.15774,7.15934,7.15166,7.15527,8849.0,7.1552,8849
2024-11-08 01:00:00,7.15524,7.16475,7.1525,7.1526,13343.0,7.1586,13343
2024-11-08 02:00:00,7.15251,7.15908,7.1497,7.15823,12596.0,7.1544,12596
2024-11-08 03:00:00,7.15821,7.16364,7.15544,7.16144,10048.0,7.1596,10048
2024-11-08 04:00:00,7.16147,7.1648,7.1577,7.16156,8274.0,7.1606,8274
2024-11-08 05:00:00,7.16154,7.1625,7.15512,7.15647,10040.0,7.1587,10040
2024-11-08 06:00:00,7.15649,7.16495,7.15624,7.1629,11452.0,7.1615,11452
2024-11-08 07:00:00,7.16279,7.16933,7.16202,7.16623,12917.0,7.1666,12917
2024-11-08 08:00:00,7.16627,7.19091,7.16486,7.17699,17622.0,7.1783,17622
2024-11-08 09:00:00,7.17697,7.17862,7.16405,7.17025,15681.0,7.1693,15681
2024-11-08 10:00:00,7.17036,7.17807,7.17032,7.17531,12628.0,7.1742,12628
2024-11-08 11:00:00,7.17527,7.18144,7.1721,7.17782,11157.0,7.1754,11157
2024-11-08 12:00:00,7.17764,7.18987,7.1771,7.18111,14172.0,7.1837,14172
2024-11-08 13:00:00,7.1814,7.19492,7.18095,7.19129,16527.0,7.1889,16527
2024-11-08 14:00:00,7.19119,7.19293,7.1855,7.18894,15234.0,7.1895,15234
2024-11-08 15:00:00,7.18852,7.19537,7.18727,7.19519,16241.0,7.1923,16241
2024-11-08 16:00:00,7.19514,7.2024,7.19444,7.20217,15076.0,7.1973,15076
2024-11-08 17:00:00,7.20226,7.20931,7.20118,7.20521,15294.0,7.2056,15294
2024-11-08 18:00:00,7.20517,7.20605,7.19392,7.20101,12656.0,7.201,12656
2024-11-08 19:00:00,7.20076,7.20198,7.1972,7.19849,9478.0,7.2002,9478
2024-11-08 20:00:00,7.19851,7.19992,7.1952,7.19844,9721.0,7.1979,9721
2024-11-08 21:00:00,7.19846,7.20208,7.15801,7.20096,12071.0,7.1988,12071
2024-11-10 22:00:00,7.19494,7.19878,7.19224,7.19418,52.0,7.1944,52
2024-11-10 23:00:00,7.19562,7.20006,7.19495,7.196,85.0,7.1971,85
2024-11-11 00:00:00,7.19647,7.20105,7.19376,7.19708,2158.0,7.1973,2158
2024-11-11 01:00:00,7.19711,7.19747,7.18614,7.1907,4811.0,7.191,4811
2024-11-11 02:00:00,7.19074,7.2002,7.18885,7.19452,12117.0,7.1942,12117
2024-11-11 03:00:00,7.19462,7.19767,7.19164,7.19557,8576.0,7.1946,8576
2024-11-11 04:00:00,7.19573,7.20593,7.19552,7.20281,8567.0,7.2017,8567
2024-11-11 05:00:00,7.20279,7.20428,7.1982,7.20335,11605.0,7.2008,11605
2024-11-11 06:00:00,7.20343,7.20417,7.19618,7.19708,10188.0,7.1992,10188
2024-11-11 07:00:00,7.19706,7.20364,7.19427,7.20223,14071.0,7.1989,14071
2024-11-11 08:00:00,7.20233,7.21016,7.20135,7.20891,14276.0,7.2059,14276
2024-11-11 09:00:00,7.20877,7.21467,7.205,7.21151,14220.0,7.2097,14220
2024-11-11 10:00:00,7.21155,7.21609,7.20706,7.21563,11561.0,7.2112,11561
2024-11-11 11:00:00,7.21565,7.223,7.21541,7.21896,13597.0,7.2191,13597
2024-11-11 12:00:00,7.21894,7.22164,7.2179,7.21994,10285.0,7.2199,10285
2024-11-11 13:00:00,7.21996,7.22677,7.21886,7.21904,16200.0,7.2232,16200
2024-11-11 14:00:00,7.21902,7.23028,7.21815,7.22765,16051.0,7.2239,16051
2024-11-11 15:00:00,7.22761,7.23286,7.2239,7.23144,16173.0,7.2281,16173
2024-11-11 16:00:00,7.23167,7.23336,7.22789,7.22928,11680.0,7.2303,11680
2024-11-11 17:00:00,7.2293,7.22971,7.22594,7.22957,8441.0,7.2276,8441
2024-11-11 18:00:00,7.2296,7.23252,7.2284,7.23043,9364.0,7.2305,9364
2024-11-11 19:00:00,7.23045,7.23118,7.2279,7.22926,7060.0,7.2297,7060
2024-11-11 20:00:00,7.22928,7.22948,7.2263,7.22695,7793.0,7.2283,7793
2024-11-11 21:00:00,7.22697,7.22806,7.22466,7.22485,5633.0,7.2268,5633
2024-11-11 22:00:00,7.22485,7.22893,7.22255,7.22475,258.0,7.227,258
2024-11-11 23:00:00,7.2267,7.22839,7.22307,7.22383,3873.0,7.2261,3873
2024-11-12 00:00:00,7.22381,7.22654,7.22232,7.22454,9716.0,7.2245,9716
2024-11-12 01:00:00,7.22448,7.24097,7.22306,7.23706,14996.0,7.2316,14996
2024-11-12 02:00:00,7.23695,7.24546,7.2338,7.24243,13729.0,7.2398,13729
2024-11-12 03:00:00,7.24231,7.24477,7.23771,7.24423,10672.0,7.2408,10672
2024-11-12 04:00:00,7.24423,7.25058,7.24167,7.24645,9763.0,7.2461,9763
2024-11-12 05:00:00,7.24635,7.25039,7.24255,7.24888,12506.0,7.247,12506
2024-11-12 06:00:00,7.24872,7.25346,7.2462,7.25001,12637.0,7.249,12637
2024-11-12 07:00:00,7.24995,7.25287,7.24439,7.24712,14862.0,7.2494,14862
2024-11-12 08:00:00,7.2471,7.25541,7.24179,7.24689,16091.0,7.2492,16091
2024-11-12 09:00:00,7.2469,7.25271,7.24614,7.2478,13797.0,7.2491,13797
2024-11-12 10:00:00,7.24797,7.25241,7.24756,7.25009,11836.0,7.2504,11836
2024-11-12 11:00:00,7.25005,7.25022,7.24119,7.24373,13106.0,7.2453,13106
2024-11-12 12:00:00,7.24374,7.24735,7.23782,7.24076,14349.0,7.2435,14349
2024-11-12 13:00:00,7.24087,7.24366,7.23515,7.24188,16183.0,7.2403,16183
2024-11-12 14:00:00,7.24188,7.24658,7.23948,7.24172,15894.0,7.2432,15894
2024-11-12 15:00:00,7.24175,7.24937,7.2045,7.24729,16450.0,7.2453,16450
2024-11-12 16:00:00,7.24731,7.24927,7.24388,7.2467,14794.0,7.2464,14794
2024-11-12 17:00:00,7.24671,7.24897,7.244,7.24569,13444.0,7.247,13444
2024-11-12 18:00:00,7.24569,7.24679,7.24364,7.24414,9734.0,7.245,9734
2024-11-12 19:00:00,7.24416,7.2444,7.2412,7.24423,8367.0,7.2427,8367
2024-11-12 20:00:00,7.24421,7.24511,7.23944,7.24003,9542.0,7.2427,9542
2024-11-12 21:00:00,7.24021,7.24526,7.22815,7.24249,10689.0,7.2401,10689
2024-11-12 22:00:00,7.23158,7.2439,7.20904,7.24054,951.0,7.2401,951
2024-11-12 23:00:00,7.2376,7.24432,7.23667,7.24328,3791.0,7.2426,3791
2024-11-13 00:00:00,7.24326,7.2489,7.24292,7.24767,8561.0,7.2466,8561
2024-11-13 01:00:00,7.24765,7.24863,7.22564,7.22641,16372.0,7.2349,16372
2024-11-13 02:00:00,7.22642,7.23659,7.22551,7.22941,13837.0,7.2317,13837
2024-11-13 03:00:00,7.22943,7.23656,7.22756,7.23407,10221.0,7.2319,10221
2024-11-13 04:00:00,7.23424,7.23443,7.23093,7.23369,7075.0,7.2332,7075
2024-11-13 05:00:00,7.23382,7.23647,7.2312,7.23326,10535.0,7.2341,10535
2024-11-13 06:00:00,7.23328,7.23641,7.22974,7.23455,12152.0,7.2338,12152
2024-11-13 07:00:00,7.23464,7.23625,7.23241,7.23538,11445.0,7.2343,11445
2024-11-13 08:00:00,7.23537,7.23603,7.22563,7.2272,13756.0,7.2326,13756
2024-11-13 09:00:00,7.22724,7.22937,7.21444,7.2182,15742.0,7.2218,15742
2024-11-13 10:00:00,7.21813,7.22423,7.2153,7.22358,12383.0,7.2206,12383
2024-11-13 11:00:00,7.2236,7.22651,7.21403,7.2149,11479.0,7.2231,11479
2024-11-13 12:00:00,7.21495,7.22142,7.21353,7.2207,13285.0,7.2184,13285
2024-11-13 13:00:00,7.22073,7.2239,7.2119,7.22005,18076.0,7.2199,18076
2024-11-13 14:00:00,7.21993,7.23994,7.21912,7.23865,19577.0,7.2284,19577
2024-11-13 15:00:00,7.23861,7.24327,7.2363,7.23792,19730.0,7.24,19730
2024-11-13 16:00:00,7.23783,7.24657,7.23733,7.24605,16709.0,7.2436,16709
2024-11-13 17:00:00,7.24603,7.24927,7.2417,7.24436,13154.0,7.2457,13154
2024-11-13 18:00:00,7.2443,7.24792,7.24281,7.24586,10545.0,7.2456,10545
2024-11-13 19:00:00,7.24588,7.24728,7.24216,7.24434,8847.0,7.2442,8847
2024-11-13 20:00:00,7.24436,7.24579,7.24255,7.24354,7533.0,7.2444,7533
2024-11-13 21:00:00,7.2435,7.24412,7.23792,7.23812,7740.0,7.242,7740
2024-11-13 22:00:00,7.23812,7.24482,7.22732,7.24086,1270.0,7.2399,1270
2024-11-13 23:00:00,7.23966,7.24317,7.23836,7.24267,2891.0,7.2419,2891
2024-11-14 00:00:00,7.24227,7.24457,7.24076,7.24399,7947.0,7.2432,7947
2024-11-14 01:00:00,7.24419,7.25476,7.23884,7.2532,14329.0,7.2462,14329
2024-11-14 02:00:00,7.25322,7.2596,7.2529,7.25829,12493.0,7.2562,12493
2024-11-14 03:00:00,7.25837,7.25837,7.25139,7.25362,11069.0,7.2543,11069
2024-11-14 04:00:00,7.25364,7.25391,7.2486,7.25181,8018.0,7.2517,8018
2024-11-14 05:00:00,7.25184,7.25589,7.2507,7.25398,11400.0,7.2538,11400
2024-11-14 06:00:00,7.25402,7.2542,7.2481,7.25143,12588.0,7.2505,12588
2024-11-14 07:00:00,7.25151,7.25437,7.24573,7.24857,13438.0,7.2501,13438
2024-11-14 08:00:00,7.2486,7.25839,7.24735,7.25628,14842.0,7.2535,14842
2024-11-14 09:00:00,7.25629,7.25928,7.25255,7.25842,13204.0,7.2561,13204
2024-11-14 10:00:00,7.2585,7.26647,7.25799,7.25993,13518.0,7.2624,13518
2024-11-14 11:00:00,7.25992,7.26113,7.25254,7.25502,14576.0,7.257,14576
2024-11-14 12:00:00,7.25504,7.25552,7.24674,7.25021,14335.0,7.2524,14335
2024-11-14 13:00:00,7.25023,7.25983,7.24715,7.25359,18225.0,7.2525,18225
2024-11-14 14:00:00,7.25365,7.25375,7.23714,7.24175,18718.0,7.2441,18718
2024-11-14 15:00:00,7.24177,7.2443,7.236,7.24083,18762.0,7.2403,18762
2024-11-14 16:00:00,7.24094,7.2454,7.23763,7.24342,15280.0,7.2417,15280
2024-11-14 17:00:00,7.24348,7.24572,7.24159,7.24304,12127.0,7.2436,12127
2024-11-14 18:00:00,7.24309,7.24599,7.24269,7.2449,9103.0,7.2449,9103
2024-11-14 19:00:00,7.24478,7.24691,7.24376,7.24509,8602.0,7.2451,8602
2024-11-14 20:00:00,7.24507,7.2594,7.24393,7.25526,17574.0,7.2537,17574
2024-11-14 21:00:00,7.25524,7.25602,7.24472,7.25247,10528.0,7.2542,10528
2024-11-14 22:00:00,7.25247,7.25356,7.23516,7.25257,872.0,7.2509,872
2024-11-14 23:00:00,7.2491,7.25325,7.2467,7.25179,4005.0,7.2515,4005
2024-11-15 00:00:00,7.25187,7.25778,7.25131,7.25299,9988.0,7.2541,9988
2024-11-15 01:00:00,7.253,7.25324,7.24315,7.24727,15573.0,7.2482,15573
2024-11-15 02:00:00,7.24709,7.24782,7.23955,7.24123,14710.0,7.2441,14710
2024-11-15 03:00:00,7.24125,7.24393,7.23898,7.24304,10525.0,7.2415,10525
2024-11-15 04:00:00,7.24306,7.24386,7.24074,7.24334,7954.0,7.2427,7954
2024-11-15 05:00:00,7.24343,7.24563,7.24106,7.2419,10301.0,7.2435,10301
2024-11-15 06:00:00,7.24205,7.24576,7.2341,7.23674,13125.0,7.2407,13125
2024-11-15 07:00:00,7.23676,7.24001,7.23023,7.23553,15043.0,7.2354,15043
2024-11-15 08:00:00,7.23557,7.2386,7.23031,7.23189,14949.0,7.2344,14949
2024-11-15 09:00:00,7.2319,7.23595,7.2301,7.2352,13381.0,7.2332,13381
2024-11-15 10:00:00,7.23522,7.23612,7.23076,7.2355,12736.0,7.2336,12736
2024-11-15 11:00:00,7.23554,7.23778,7.23319,7.23523,11906.0,7.2357,11906
2024-11-15 12:00:00,7.2351,7.23986,7.23337,7.23605,11885.0,7.237,11885
2024-11-15 13:00:00,7.23606,7.24354,7.22912,7.23879,18464.0,7.2359,18464
2024-11-15 14:00:00,7.23894,7.24648,7.2354,7.24269,19002.0,7.2414,19002
2024-11-15 15:00:00,7.24275,7.24376,7.23484,7.23642,18289.0,7.2399,18289
2024-11-15 16:00:00,7.2364,7.2447,7.23382,7.23841,17123.0,7.2367,17123
2024-11-15 17:00:00,7.23843,7.23856,7.2339,7.23552,13834.0,7.2357,13834
2024-11-15 18:00:00,7.23553,7.23618,7.23139,7.23229,11950.0,7.2341,11950
2024-11-15 19:00:00,7.23227,7.2364,7.23185,7.23573,11138.0,7.2344,11138
2024-11-15 20:00:00,7.23575,7.2386,7.23506,7.23703,11794.0,7.2367,11794
2024-11-15 21:00:00,7.23707,7.24006,7.15972,7.23666,6801.0,7.2376,6801
2024-11-17 22:00:00,7.23035,7.239,7.23035,7.239,15.0,7.2341,15
2024-11-17 23:00:00,7.23996,7.24145,7.23776,7.23909,82.0,7.2392,82
2024-11-18 00:00:00,7.23929,7.23949,7.23111,7.23191,2558.0,7.2344,2558
2024-11-18 01:00:00,7.23177,7.2407,7.23081,7.23797,5389.0,7.2364,5389
2024-11-18 02:00:00,7.23801,7.24178,7.23658,7.24063,13793.0,7.2394,13793
2024-11-18 03:00:00,7.24061,7.24536,7.23916,7.24465,10923.0,7.2423,10923
2024-11-18 04:00:00,7.24467,7.24583,7.24118,7.24287,8301.0,7.2436,8301
2024-11-18 05:00:00,7.24299,7.24882,7.24191,7.24854,11381.0,7.2445,11381
2024-11-18 06:00:00,7.24852,7.24887,7.2463,7.24805,12412.0,7.2475,12412
2024-11-18 07:00:00,7.24807,7.25242,7.24778,7.2496,13812.0,7.2498,13812
2024-11-18 08:00:00,7.24951,7.25331,7.2476,7.24909,15032.0,7.2502,15032
2024-11-18 09:00:00,7.24911,7.24996,7.24078,7.24647,15512.0,7.2449,15512
2024-11-18 10:00:00,7.24648,7.25042,7.2454,7.24819,12605.0,7.2481,12605
2024-11-18 11:00:00,7.24818,7.25168,7.2468,7.25107,11020.0,7.2494,11020
2024-11-18 12:00:00,7.25106,7.25155,7.24704,7.24824,12603.0,7.2488,12603
2024-11-18 13:00:00,7.24822,7.24942,7.24215,7.24419,15336.0,7.2455,15336
2024-11-18 14:00:00,7.24417,7.24534,7.23912,7.24096,15503.0,7.2429,15503
2024-11-18 15:00:00,7.24084,7.24308,7.23582,7.23787,14903.0,7.2401,14903
2024-11-18 16:00:00,7.23789,7.23912,7.23391,7.23554,13865.0,7.2366,13865
2024-11-18 17:00:00,7.23565,7.23769,7.2322,7.23323,11482.0,7.2353,11482
2024-11-18 18:00:00,7.23317,7.2385,7.22856,7.22908,9742.0,7.2315,9742
2024-11-18 19:00:00,7.22906,7.23226,7.22706,7.23172,9265.0,7.2303,9265
2024-11-18 20:00:00,7.23175,7.23204,7.2296,7.22978,6833.0,7.2311,6833
2024-11-18 21:00:00,7.22972,7.23049,7.2203,7.2207,7231.0,7.2267,7231
2024-11-18 22:00:00,7.22654,7.23134,7.21088,7.22898,584.0,7.2282,584
2024-11-18 23:00:00,7.22765,7.23103,7.22411,7.22752,3596.0,7.2267,3596
2024-11-19 00:00:00,7.22745,7.23345,7.22666,7.23091,10225.0,7.23,10225
2024-11-19 01:00:00,7.23096,7.23601,7.22854,7.23462,14753.0,7.2329,14753
2024-11-19 02:00:00,7.23464,7.23936,7.2332,7.23588,12543.0,7.2369,12543
2024-11-19 03:00:00,7.23592,7.23647,7.22991,7.23017,12561.0,7.2328,12561
2024-11-19 04:00:00,7.23013,7.23322,7.22765,7.23278,8605.0,7.2313,8605
2024-11-19 05:00:00,7.23292,7.23677,7.2317,7.23463,10306.0,7.2343,10306
2024-11-19 06:00:00,7.23465,7.23812,7.234,7.23801,12439.0,7.2364,12439
2024-11-19 07:00:00,7.23794,7.24642,7.23741,7.24298,13825.0,7.2422,13825
2024-11-19 08:00:00,7.2431,7.24374,7.23671,7.24038,17868.0,7.2398,17868
2024-11-19 09:00:00,7.24047,7.24865,7.23973,7.24293,18872.0,7.2432,18872
2024-11-19 10:00:00,7.24292,7.2432,7.23709,7.24044,15638.0,7.2395,15638
2024-11-19 11:00:00,7.24037,7.24148,7.23839,7.23962,13228.0,7.2404,13228
2024-11-19 12:00:00,7.23955,7.24199,7.23871,7.2397,13576.0,7.2403,13576
2024-11-19 13:00:00,7.23966,7.24199,7.2358,7.23997,17216.0,7.2397,17216
2024-11-19 14:00:00,7.23999,7.24251,7.23694,7.24102,18552.0,7.2399,18552
2024-11-19 15:00:00,7.24107,7.24283,7.23317,7.23587,17094.0,7.2382,17094
2024-11-19 16:00:00,7.23577,7.24126,7.23548,7.2386,14646.0,7.2381,14646
2024-11-19 17:00:00,7.23858,7.24081,7.2374,7.24022,11215.0,7.239,11215
2024-11-19 18:00:00,7.24021,7.24192,7.2366,7.23722,10473.0,7.2398,10473
2024-11-19 19:00:00,7.23726,7.23974,7.23697,7.23777,9909.0,7.2386,9909
2024-11-19 20:00:00,7.23779,7.23857,7.23383,7.23475,10330.0,7.2367,10330
2024-11-19 21:00:00,7.23477,7.23517,7.23082,7.23436,5015.0,7.2339,5015
2024-11-19 22:00:00,7.23436,7.23619,7.22836,7.23281,805.0,7.2338,805
2024-11-19 23:00:00,7.2331,7.2367,7.23102,7.23326,7425.0,7.2338,7425
2024-11-20 00:00:00,7.23334,7.2352,7.23146,7.2345,8537.0,7.2335,8537
2024-11-20 01:00:00,7.23431,7.24172,7.23374,7.24006,13316.0,7.2388,13316
2024-11-20 02:00:00,7.24008,7.2422,7.23931,7.24094,10257.0,7.2404,10257
2024-11-20 03:00:00,7.24096,7.24331,7.239,7.24312,8893.0,7.241,8893
2024-11-20 04:00:00,7.24314,7.24539,7.242,7.24292,7114.0,7.2438,7114
2024-11-20 05:00:00,7.24296,7.24387,7.24056,7.24336,9759.0,7.2422,9759
2024-11-20 06:00:00,7.24334,7.24509,7.2405,7.24109,11419.0,7.2428,11419
2024-11-20 07:00:00,7.24128,7.24334,7.2396,7.2424,12606.0,7.2416,12606
2024-11-20 08:00:00,7.2425,7.2453,7.24209,7.24482,12841.0,7.2437,12841
2024-11-20 09:00:00,7.24491,7.25198,7.24485,7.25124,13509.0,7.2484,13509
2024-11-20 10:00:00,7.25126,7.25203,7.248,7.25194,10428.0,7.2502,10428
2024-11-20 11:00:00,7.25196,7.25354,7.249,7.25012,11807.0,7.2511,11807
2024-11-20 12:00:00,7.25016,7.25157,7.248,7.24942,11893.0,7.2497,11893
2024-11-20 13:00:00,7.24951,7.25183,7.24734,7.25127,13014.0,7.2495,13014
2024-11-20 14:00:00,7.25129,7.25595,7.2505,7.25445,15371.0,7.2535,15371
2024-11-20 15:00:00,7.25448,7.2547,7.24889,7.25143,16255.0,7.2514,16255
2024-11-20 16:00:00,7.25136,7.25485,7.24991,7.25305,14213.0,7.2521,14213
2024-11-20 17:00:00,7.25305,7.25373,7.24,7.24961,11857.0,7.2507,11857
2024-11-20 18:00:00,7.24959,7.2523,7.24895,7.25095,10352.0,7.2506,10352
2024-11-20 19:00:00,7.25098,7.25243,7.2495,7.25134,7809.0,7.2509,7809
2024-11-20 20:00:00,7.25136,7.25223,7.2502,7.25129,7835.0,7.2512,7835
2024-11-20 21:00:00,7.25131,7.25206,7.24641,7.25032,5855.0,7.2506,5855
2024-11-20 22:00:00,7.25032,7.25166,7.24569,7.25025,1081.0,7.2494,1081
2024-11-20 23:00:00,7.24872,7.25103,7.24839,7.24969,2516.0,7.2494,2516
2024-11-21 00:00:00,7.24967,7.2513,7.2475,7.24867,9099.0,7.2491,9099
2024-11-21 01:00:00,7.24882,7.25096,7.24426,7.24796,12553.0,7.2481,12553
2024-11-21 02:00:00,7.24794,7.24802,7.24411,7.24655,10251.0,7.2464,10251
2024-11-21 03:00:00,7.24653,7.248,7.2452,7.24663,8361.0,7.2469,8361
2024-11-21 04:00:00,7.24666,7.24964,7.24559,7.249,6474.0,7.2479,6474
2024-11-21 05:00:00,7.24902,7.25012,7.2469,7.24866,8268.0,7.2486,8268
2024-11-21 06:00:00,7.24858,7.24912,7.24099,7.24198,13169.0,7.2454,13169
2024-11-21 07:00:00,7.24242,7.24727,7.24196,7.24441,14091.0,7.2454,14091
2024-11-21 08:00:00,7.2444,7.24638,7.24134,7.24188,15263.0,7.2439,15263
2024-11-21 09:00:00,7.24188,7.24808,7.24,7.2475,16273.0,7.2448,16273
2024-11-21 10:00:00,7.24754,7.25078,7.24635,7.24822,11250.0,7.248,11250
2024-11-21 11:00:00,7.24818,7.24901,7.2447,7.24595,11909.0,7.2468,11909
2024-11-21 12:00:00,7.24593,7.24802,7.24186,7.24491,12769.0,7.2457,12769
2024-11-21 13:00:00,7.2449,7.24794,7.24208,7.24467,16491.0,7.245,16491
2024-11-21 14:00:00,7.24468,7.24773,7.2415,7.24154,16834.0,7.2448,16834
2024-11-21 15:00:00,7.24193,7.2502,7.24053,7.24778,17526.0,7.243,17526
2024-11-21 16:00:00,7.2478,7.25734,7.24712,7.25726,18407.0,7.2521,18407
2024-11-21 17:00:00,7.2572,7.25979,7.25065,7.25201,13879.0,7.2547,13879
2024-11-21 18:00:00,7.25197,7.25553,7.25145,7.25401,11034.0,7.2538,11034
2024-11-21 19:00:00,7.25397,7.25645,7.25357,7.25443,10288.0,7.2548,10288
2024-11-21 20:00:00,7.25444,7.25637,7.25389,7.25525,9064.0,7.2554,9064
2024-11-21 21:00:00,7.25512,7.25624,7.25064,7.25466,5792.0,7.2553,5792
2024-11-21 22:00:00,7.25466,7.25551,7.24919,7.25277,813.0,7.2539,813
2024-11-21 23:00:00,7.25269,7.2556,7.25109,7.25506,4106.0,7.2541,4106
2024-11-22 00:00:00,7.25503,7.25726,7.25296,7.25567,9795.0,7.2557,9795
2024-11-22 01:00:00,7.25563,7.25704,7.25186,7.25398,12881.0,7.2544,12881
2024-11-22 02:00:00,7.25398,7.25674,7.25309,7.25496,12173.0,7.2548,12173
2024-11-22 03:00:00,7.255,7.25507,7.25036,7.25267,11472.0,7.2528,11472
2024-11-22 04:00:00,7.2527,7.25351,7.25123,7.25214,7966.0,7.2526,7966
2024-11-22 05:00:00,7.25216,7.25709,7.252,7.25565,12469.0,7.2544,12469
2024-11-22 06:00:00,7.25571,7.25688,7.2539,7.2549,11040.0,7.2557,11040
2024-11-22 07:00:00,7.25494,7.25758,7.25227,7.25347,12759.0,7.255,12759
2024-11-22 08:00:00,7.2535,7.25809,7.25086,7.25765,15872.0,7.2542,15872
2024-11-22 09:00:00,7.25759,7.26675,7.25734,7.26272,18163.0,7.2604,18163
2024-11-22 10:00:00,7.26266,7.2672,7.2503,7.25226,16364.0,7.2594,16364
2024-11-22 11:00:00,7.25215,7.26262,7.25063,7.26006,14403.0,7.2583,14403
2024-11-22 12:00:00,7.25992,7.2602,7.25359,7.25721,13549.0,7.2569,13549
2024-11-22 13:00:00,7.25711,7.2582,7.25339,7.25556,15934.0,7.2556,15934
2024-11-22 14:00:00,7.25534,7.26147,7.2542,7.2598,17135.0,7.2583,17135
2024-11-22 15:00:00,7.25983,7.26185,7.2533,7.25896,18078.0,7.2576,18078
2024-11-22 16:00:00,7.2589,7.26277,7.25847,7.26028,14805.0,7.2609,14805
2024-11-22 17:00:00,7.26027,7.26193,7.25836,7.25876,10810.0,7.2598,10810
2024-11-22 18:00:00,7.2588,7.25985,7.257,7.25793,9939.0,7.2586,9939
2024-11-22 19:00:00,7.25795,7.25955,7.2567,7.25883,9272.0,7.2582,9272
2024-11-22 20:00:00,7.25881,7.26048,7.25871,7.25971,8909.0,7.2597,8909
2024-11-22 21:00:00,7.25973,7.26057,7.2407,7.2407,4746.0,7.2595,4746
2024-11-25 14:00:00,7.23992,7.24242,7.2358,7.24141,15788.0,7.2391,15788
2024-11-25 15:00:00,7.24143,7.24997,7.2397,7.24892,16248.0,7.2436,16248
2024-11-25 16:00:00,7.24894,7.2601,7.2444,7.25057,15522.0,7.2476,15522
2024-11-25 17:00:00,7.2505,7.25246,7.24837,7.24892,11946.0,7.2508,11946
2024-11-25 18:00:00,7.24887,7.24907,7.24488,7.24555,12268.0,7.2467,12268
2024-11-25 19:00:00,7.2457,7.24579,7.24394,7.24403,11688.0,7.2448,11688
2024-11-25 20:00:00,7.24407,7.24647,7.2433,7.24627,9472.0,7.2447,9472
2024-11-25 21:00:00,7.24629,7.24746,7.24363,7.2443,8653.0,7.2463,8653
2024-11-25 22:00:00,7.2443,7.24753,7.242,7.24508,1043.0,7.2458,1043
2024-11-25 23:00:00,7.24611,7.2658,7.24245,7.2632,8679.0,7.2553,8679
2024-11-26 00:00:00,7.263,7.27276,7.26289,7.27004,15470.0,7.2675,15470
2024-11-26 01:00:00,7.27047,7.2707,7.26058,7.26618,16741.0,7.2651,16741
2024-11-26 02:00:00,7.26616,7.26708,7.26019,7.26315,14543.0,7.263,14543
2024-11-26 03:00:00,7.26313,7.26323,7.25811,7.25976,12168.0,7.2607,12168
2024-11-26 04:00:00,7.25988,7.26502,7.2577,7.26309,10208.0,7.2613,10208
2024-11-26 05:00:00,7.26325,7.26644,7.26255,7.26625,10005.0,7.2642,10005
2024-11-26 06:00:00,7.26623,7.26756,7.2619,7.26718,12597.0,7.2647,12597
2024-11-26 07:00:00,7.26719,7.26989,7.26531,7.26754,13848.0,7.2678,13848
2024-11-26 08:00:00,7.26753,7.26994,7.26512,7.26607,14407.0,7.2674,14407
2024-11-26 09:00:00,7.26604,7.26665,7.25938,7.26417,15442.0,7.2633,15442
2024-11-26 10:00:00,7.26422,7.26472,7.2598,7.26108,12454.0,7.2615,12454
2024-11-26 11:00:00,7.2611,7.26373,7.25855,7.25933,10918.0,7.2615,10918
2024-11-26 12:00:00,7.25932,7.26049,7.25225,7.25733,15510.0,7.2566,15510
2024-11-26 13:00:00,7.25725,7.261,7.25566,7.26038,16015.0,7.2584,16015
2024-11-26 14:00:00,7.2603,7.26149,7.25737,7.25772,16350.0,7.2599,16350
2024-11-26 15:00:00,7.2577,7.26456,7.25578,7.25856,17663.0,7.2609,17663
2024-11-26 16:00:00,7.25859,7.2629,7.25748,7.26097,14847.0,7.261,14847
2024-11-26 17:00:00,7.26095,7.26285,7.25972,7.26096,11706.0,7.2615,11706
2024-11-26 18:00:00,7.26094,7.26268,7.25877,7.26126,10507.0,7.2607,10507
2024-11-26 19:00:00,7.26128,7.26419,7.258,7.25998,11970.0,7.2612,11970
2024-11-26 20:00:00,7.25996,7.2616,7.25876,7.25914,9645.0,7.2602,9645
2024-11-26 21:00:00,7.25918,7.25931,7.2547,7.25762,6517.0,7.2581,6517
2024-11-26 22:00:00,7.25464,7.2586,7.2479,7.25549,1297.0,7.2558,1297
2024-11-26 23:00:00,7.25714,7.25838,7.25523,7.25672,5185.0,7.2572,5185
2024-11-27 00:00:00,7.25667,7.25865,7.2527,7.25763,9915.0,7.2561,9915
2024-11-27 01:00:00,7.25761,7.26452,7.25538,7.26357,14851.0,7.2598,14851
2024-11-27 02:00:00,7.26359,7.26726,7.26335,7.26414,12402.0,7.265,12402
2024-11-27 03:00:00,7.26408,7.26644,7.26294,7.26563,9476.0,7.2649,9476
2024-11-27 04:00:00,7.26569,7.26768,7.26537,7.26663,7166.0,7.2663,7166
2024-11-27 05:00:00,7.26665,7.26979,7.2644,7.2687,9858.0,7.2662,9858
2024-11-27 06:00:00,7.2686,7.26886,7.26138,7.26177,12229.0,7.2657,12229
2024-11-27 07:00:00,7.26189,7.26206,7.25426,7.25722,15847.0,7.2577,15847
2024-11-27 08:00:00,7.25727,7.2577,7.25003,7.25491,18246.0,7.2533,18246
2024-11-27 09:00:00,7.25494,7.25683,7.25369,7.25461,13795.0,7.2554,13795
2024-11-27 10:00:00,7.25459,7.25796,7.25354,7.25555,12289.0,7.256,12289
2024-11-27 11:00:00,7.25553,7.26091,7.2551,7.25785,12432.0,7.2585,12432
2024-11-27 12:00:00,7.25785,7.25894,7.25469,7.25734,13355.0,7.2569,13355
2024-11-27 13:00:00,7.25727,7.25912,7.24842,7.24878,17000.0,7.254,17000
2024-11-27 14:00:00,7.24876,7.25474,7.2475,7.25161,16888.0,7.2502,16888
2024-11-27 15:00:00,7.25158,7.26023,7.24716,7.24898,18578.0,7.2544,18578
2024-11-27 16:00:00,7.24898,7.24995,7.24274,7.24599,17409.0,7.2469,17409
2024-11-27 17:00:00,7.24597,7.24756,7.24199,7.24562,13893.0,7.2448,13893
2024-11-27 18:00:00,7.24558,7.24642,7.2438,7.2447,9974.0,7.2448,9974
2024-11-27 19:00:00,7.24468,7.24611,7.2428,7.24564,8225.0,7.2448,8225
2024-11-27 20:00:00,7.24567,7.24669,7.24493,7.24517,7892.0,7.2459,7892
2024-11-27 21:00:00,7.24516,7.2466,7.23903,7.23936,7573.0,7.2452,7573
2024-11-27 22:00:00,7.23936,7.2464,7.23879,7.2459,353.0,7.2449,353
2024-11-27 23:00:00,7.2458,7.24705,7.24436,7.24681,2996.0,7.2455,2996
2024-11-28 00:00:00,7.24673,7.25073,7.24575,7.2499,8073.0,7.248,8073
2024-11-28 01:00:00,7.24986,7.25141,7.24093,7.24692,14137.0,7.2466,14137
2024-11-28 02:00:00,7.2469,7.25238,7.2463,7.24905,12767.0,7.2491,12767
2024-11-28 03:00:00,7.24901,7.25426,7.2478,7.25334,10753.0,7.2513,10753
2024-11-28 04:00:00,7.2533,7.25687,7.25306,7.25593,7550.0,7.2554,7550
2024-11-28 05:00:00,7.25593,7.25627,7.2499,7.25144,9625.0,7.2535,9625
2024-11-28 06:00:00,7.2514,7.25499,7.25085,7.2533,11123.0,7.2532,11123
2024-11-28 07:00:00,7.25342,7.25882,7.25315,7.25728,11810.0,7.2561,11810
2024-11-28 08:00:00,7.25707,7.25881,7.25483,7.2565,13816.0,7.2568,13816
2024-11-28 09:00:00,7.2565,7.25874,7.25584,7.25796,12729.0,7.2574,12729
2024-11-28 10:00:00,7.25796,7.25976,7.25402,7.25407,9933.0,7.2571,9933
2024-11-28 11:00:00,7.254,7.2544,7.25175,7.25218,9706.0,7.2533,9706
2024-11-28 12:00:00,7.2522,7.25377,7.25098,7.25106,9299.0,7.2522,9299
2024-11-28 13:00:00,7.25108,7.25332,7.24991,7.25018,11431.0,7.2514,11431
2024-11-28 14:00:00,7.25014,7.25154,7.2478,7.24931,10364.0,7.25,10364
2024-11-28 15:00:00,7.24925,7.2509,7.2479,7.24872,9887.0,7.2494,9887
2024-11-28 16:00:00,7.24873,7.25002,7.24692,7.24704,6883.0,7.2486,6883
2024-11-28 17:00:00,7.24702,7.24899,7.2463,7.24854,4306.0,7.2479,4306
2024-11-28 18:00:00,7.24848,7.24995,7.2471,7.24919,1838.0,7.2485,1838
2024-11-28 19:00:00,7.24909,7.25024,7.2485,7.24945,1637.0,7.2494,1637
2024-11-28 20:00:00,7.24918,7.25024,7.2482,7.24848,1914.0,7.2492,1914
2024-11-28 21:00:00,7.24846,7.25034,7.18788,7.21367,2244.0,7.249,2244
2024-11-28 22:00:00,7.21367,7.25058,7.21367,7.2481,750.0,7.2472,750
2024-11-28 23:00:00,7.2471,7.25,7.24581,7.24633,4555.0,7.2471,4555
2024-11-29 00:00:00,7.24658,7.24826,7.24446,7.24494,10301.0,7.2461,10301
2024-11-29 01:00:00,7.24521,7.24581,7.2308,7.23219,17441.0,7.2377,17441
2024-11-29 02:00:00,7.23208,7.24234,7.2317,7.23927,13955.0,7.2379,13955
2024-11-29 03:00:00,7.23931,7.24031,7.23614,7.23642,12263.0,7.2385,12263
2024-11-29 04:00:00,7.2364,7.23665,7.2308,7.23477,10335.0,7.2343,10335
2024-11-29 05:00:00,7.23482,7.23835,7.2336,7.236,11288.0,7.2358,11288
2024-11-29 06:00:00,7.2361,7.24005,7.23487,7.23583,11708.0,7.238,11708
2024-11-29 07:00:00,7.23579,7.23661,7.22803,7.23278,14784.0,7.2331,14784
2024-11-29 08:00:00,7.23274,7.24087,7.23267,7.2405,14696.0,7.2377,14696
2024-11-29 09:00:00,7.24042,7.24748,7.23907,7.24678,14520.0,7.2435,14520
2024-11-29 10:00:00,7.24676,7.24898,7.24526,7.24754,12322.0,7.2474,12322
2024-11-29 11:00:00,7.24752,7.24881,7.24303,7.24447,11182.0,7.2459,11182
2024-11-29 12:00:00,7.24447,7.24941,7.24382,7.24739,12295.0,7.247,12295
2024-11-29 13:00:00,7.24737,7.25141,7.24598,7.25003,13607.0,7.2492,13607
2024-11-29 14:00:00,7.25001,7.25346,7.2491,7.25178,13602.0,7.2515,13602
2024-11-29 15:00:00,7.25175,7.25294,7.2447,7.25034,15642.0,7.2508,15642
2024-11-29 16:00:00,7.25048,7.25493,7.24931,7.25395,14066.0,7.2527,14066
2024-11-29 17:00:00,7.25397,7.25505,7.25143,7.25147,11520.0,7.2535,11520
2024-11-29 18:00:00,7.25153,7.25299,7.24831,7.25253,10864.0,7.2506,10864
2024-11-29 19:00:00,7.2525,7.254,7.24978,7.25007,10218.0,7.2515,10218
2024-11-29 20:00:00,7.25011,7.25098,7.24767,7.24989,15616.0,7.2494,15616
2024-11-29 21:00:00,7.24995,7.25088,7.1704,7.19652,11377.0,7.2489,11377
2024-12-01 22:00:00,7.25518,7.2552,7.25045,7.2513,20.0,7.254,20
2024-12-01 23:00:00,7.25155,7.25712,7.25155,7.25677,64.0,7.2547,64
2024-12-02 02:00:00,7.27015,7.27041,7.26595,7.26991,8554.0,7.2683,8554
2024-12-02 03:00:00,7.26971,7.27735,7.26971,7.27491,12339.0,7.2742,12339
2024-12-02 04:00:00,7.27489,7.28076,7.2733,7.27934,9547.0,7.2769,9547
2024-12-02 05:00:00,7.27948,7.28766,7.27849,7.28656,12957.0,7.2811,12957
2024-12-02 06:00:00,7.28647,7.28662,7.27573,7.27859,13670.0,7.28,13670
2024-12-02 07:00:00,7.27846,7.28201,7.27718,7.2814,14941.0,7.2798,14941
2024-12-02 08:00:00,7.28142,7.2876,7.28136,7.28548,15488.0,7.2849,15488
2024-12-02 09:00:00,7.2855,7.2879,7.2786,7.28689,13409.0,7.2832,13409
2024-12-02 10:00:00,7.28703,7.28941,7.28455,7.28761,12793.0,7.2871,12793
2024-12-02 11:00:00,7.28766,7.2893,7.2857,7.28644,11000.0,7.2875,11000
2024-12-02 12:00:00,7.28642,7.28847,7.28307,7.28794,13926.0,7.2856,13926
2024-12-02 13:00:00,7.28796,7.28799,7.2827,7.28617,15571.0,7.2853,15571
2024-12-02 14:00:00,7.28627,7.28815,7.28235,7.2863,16508.0,7.2856,16508
2024-12-02 15:00:00,7.28658,7.29426,7.2839,7.2927,18102.0,7.2877,18102
2024-12-02 16:00:00,7.293,7.29553,7.253,7.28701,16891.0,7.288,16891
2024-12-02 17:00:00,7.28696,7.29001,7.2854,7.28848,11063.0,7.2876,11063
2024-12-02 18:00:00,7.28846,7.28887,7.2846,7.28574,8978.0,7.2867,8978
2024-12-02 19:00:00,7.28574,7.28773,7.2846,7.28729,8331.0,7.2863,8331
2024-12-02 20:00:00,7.28727,7.2875,7.28192,7.28551,11046.0,7.2843,11046
2024-12-02 21:00:00,7.28553,7.28692,7.27979,7.27979,10505.0,7.2853,10505
2024-12-02 22:00:00,7.27979,7.28743,7.27964,7.2831,1168.0,7.2847,1168
2024-12-02 23:00:00,7.28281,7.28677,7.27034,7.28563,3541.0,7.2845,3541
2024-12-03 00:00:00,7.28565,7.29094,7.28509,7.28817,9070.0,7.2881,9070
2024-12-03 01:00:00,7.28827,7.31486,7.28292,7.30535,16719.0,7.2979,16719
2024-12-03 02:00:00,7.30531,7.31105,7.305,7.31049,13658.0,7.308,13658
2024-12-03 03:00:00,7.31036,7.3118,7.29736,7.30076,13515.0,7.3042,13515
2024-12-03 04:00:00,7.30074,7.30343,7.2986,7.30233,7697.0,7.301,7697
2024-12-03 05:00:00,7.30229,7.30397,7.29675,7.29951,10411.0,7.3004,10411
2024-12-03 06:00:00,7.29943,7.29975,7.29293,7.29513,13517.0,7.2967,13517
2024-12-03 07:00:00,7.29511,7.29641,7.28861,7.29505,14016.0,7.2929,14016
2024-12-03 08:00:00,7.29514,7.29825,7.28962,7.29461,15246.0,7.2938,15246
2024-12-03 09:00:00,7.29463,7.29891,7.2922,7.29842,13136.0,7.295,13136
2024-12-03 10:00:00,7.29842,7.30276,7.29804,7.30145,10807.0,7.3004,10807
2024-12-03 11:00:00,7.30158,7.30198,7.29513,7.29642,10307.0,7.298,10307
2024-12-03 12:00:00,7.29633,7.29982,7.2954,7.29924,10561.0,7.2978,10561
2024-12-03 13:00:00,7.29923,7.2996,7.29436,7.29461,13839.0,7.2974,13839
2024-12-03 14:00:00,7.29472,7.30268,7.29197,7.30132,16914.0,7.2972,16914
2024-12-03 15:00:00,7.3005,7.30463,7.29915,7.2997,17093.0,7.3016,17093
2024-12-03 16:00:00,7.29971,7.30039,7.29594,7.29601,14046.0,7.2979,14046
2024-12-03 17:00:00,7.29599,7.29645,7.2918,7.29326,11703.0,7.2953,11703
2024-12-03 18:00:00,7.29328,7.29471,7.29199,7.29375,8745.0,7.2936,8745
2024-12-03 19:00:00,7.29377,7.29789,7.29344,7.2975,7960.0,7.2959,7960
2024-12-03 20:00:00,7.29752,7.29793,7.296,7.29697,8447.0,7.2971,8447
2024-12-03 21:00:00,7.29725,7.30029,7.29578,7.2998,10147.0,7.2988,10147
2024-12-03 22:00:00,7.2998,7.2998,7.29115,7.2961,759.0,7.2978,759
2024-12-03 23:00:00,7.29838,7.29992,7.29622,7.29706,3799.0,7.2982,3799
2024-12-04 00:00:00,7.29708,7.30576,7.29507,7.30508,9951.0,7.3018,9951
2024-12-04 01:00:00,7.30524,7.30644,7.28683,7.29314,15711.0,7.2956,15711
2024-12-04 02:00:00,7.29316,7.29335,7.2865,7.29028,13984.0,7.2901,13984
2024-12-04 03:00:00,7.29025,7.29554,7.28959,7.29478,11313.0,7.2925,11313
2024-12-04 04:00:00,7.29476,7.29626,7.28933,7.29014,9749.0,7.2932,9749
2024-12-04 05:00:00,7.29016,7.29078,7.28312,7.28483,14017.0,7.2866,14017
2024-12-04 06:00:00,7.2848,7.286,7.27509,7.27723,14732.0,7.2818,14732
2024-12-04 07:00:00,7.27721,7.28458,7.27486,7.28214,14383.0,7.2806,14383
2024-12-04 08:00:00,7.28219,7.28564,7.27647,7.28492,14730.0,7.2808,14730
2024-12-04 09:00:00,7.28498,7.28694,7.28051,7.28424,14211.0,7.2842,14211
2024-12-04 10:00:00,7.2839,7.28698,7.2827,7.28613,11338.0,7.2848,11338
2024-12-04 11:00:00,7.28603,7.28654,7.27283,7.27622,13244.0,7.279,13244
2024-12-04 12:00:00,7.27621,7.28367,7.27595,7.28301,12603.0,7.2798,12603
2024-12-04 13:00:00,7.28271,7.28685,7.28016,7.28086,16292.0,7.2831,16292
2024-12-04 14:00:00,7.28084,7.28256,7.27551,7.27557,15148.0,7.279,15148
2024-12-04 15:00:00,7.27595,7.2795,7.26679,7.27522,18288.0,7.2725,18288
2024-12-04 16:00:00,7.27533,7.27982,7.27379,7.27804,14252.0,7.277,14252
2024-12-04 17:00:00,7.27807,7.2813,7.27269,7.2738,10494.0,7.2757,10494
2024-12-04 18:00:00,7.27387,7.27696,7.27229,7.27696,8578.0,7.2739,8578
2024-12-04 19:00:00,7.27709,7.28014,7.27379,7.27726,12169.0,7.2768,12169
2024-12-04 20:00:00,7.27724,7.2785,7.27596,7.27644,8656.0,7.2772,8656
2024-12-04 21:00:00,7.27654,7.27906,7.26945,7.27773,5034.0,7.2777,5034
2024-12-04 22:00:00,7.27773,7.27867,7.25868,7.27497,2219.0,7.2753,2219
2024-12-04 23:00:00,7.27499,7.2782,7.27421,7.2763,4815.0,7.2765,4815
2024-12-05 00:00:00,7.27588,7.27896,7.2741,7.27509,9000.0,7.2765,9000
2024-12-05 01:00:00,7.27529,7.28492,7.27288,7.28404,13564.0,7.2786,13564
2024-12-05 02:00:00,7.28402,7.28613,7.27867,7.27979,11813.0,7.2818,11813
2024-12-05 03:00:00,7.27971,7.28153,7.27648,7.28009,9555.0,7.2792,9555
2024-12-05 04:00:00,7.28011,7.28317,7.2795,7.28223,6422.0,7.2808,6422
2024-12-05 05:00:00,7.28223,7.28239,7.2747,7.27556,11046.0,7.2787,11046
2024-12-05 06:00:00,7.27554,7.27786,7.2731,7.27613,12675.0,7.2761,12675
2024-12-05 07:00:00,7.27611,7.27857,7.27318,7.27401,11813.0,7.2754,11813
2024-12-05 08:00:00,7.27409,7.27439,7.26808,7.27325,13807.0,7.2715,13807
2024-12-05 09:00:00,7.27327,7.27647,7.2708,7.27193,11220.0,7.2734,11220
2024-12-05 10:00:00,7.27217,7.27436,7.26976,7.27416,9756.0,7.2722,9756
2024-12-05 11:00:00,7.27393,7.27604,7.27112,7.2715,9546.0,7.2737,9546
2024-12-05 12:00:00,7.27152,7.27541,7.27057,7.27152,12088.0,7.2729,12088
2024-12-05 13:00:00,7.27152,7.27215,7.26623,7.27047,16007.0,7.2699,16007
2024-12-05 14:00:00,7.27045,7.27062,7.26478,7.26814,16283.0,7.2672,16283
2024-12-05 15:00:00,7.26814,7.27084,7.2656,7.26706,15037.0,7.2683,15037
2024-12-05 16:00:00,7.26706,7.2751,7.26467,7.26506,12424.0,7.2661,12424
2024-12-05 17:00:00,7.26504,7.26763,7.2641,7.26657,9228.0,7.2665,9228
2024-12-05 18:00:00,7.26653,7.26888,7.26558,7.26587,8121.0,7.2674,8121
2024-12-05 19:00:00,7.26554,7.2843,7.2624,7.26314,9914.0,7.2639,9914
2024-12-05 20:00:00,7.26316,7.26487,7.2623,7.26329,7560.0,7.2636,7560
2024-12-05 21:00:00,7.26339,7.26414,7.2622,7.26368,3529.0,7.2634,3529
2024-12-05 22:00:00,7.26368,7.26434,7.26166,7.26185,937.0,7.2631,937
2024-12-05 23:00:00,7.26287,7.26386,7.26215,7.26271,2486.0,7.2631,2486
2024-12-06 01:00:00,7.27166,7.27346,7.27132,7.27202,3799.0,7.2723,3799
2024-12-06 02:00:00,7.27196,7.27234,7.2659,7.26722,12954.0,7.2692,12954
2024-12-06 03:00:00,7.26724,7.26728,7.25659,7.26028,13127.0,7.2614,13127
2024-12-06 04:00:00,7.2603,7.26439,7.25947,7.2636,7334.0,7.2625,7334
2024-12-06 05:00:00,7.26362,7.26614,7.2619,7.26338,9606.0,7.264,9606
2024-12-06 06:00:00,7.26314,7.26868,7.26272,7.26655,11103.0,7.2656,11103
2024-12-06 07:00:00,7.26647,7.26963,7.2618,7.26369,11237.0,7.2658,11237
2024-12-06 08:00:00,7.26371,7.26884,7.26168,7.26762,12576.0,7.2657,12576
2024-12-06 09:00:00,7.26766,7.27159,7.2666,7.27092,10351.0,7.2694,10351
2024-12-06 10:00:00,7.27094,7.2751,7.27025,7.27078,10167.0,7.2724,10167
2024-12-06 11:00:00,7.27074,7.27109,7.2692,7.26975,8511.0,7.2702,8511
2024-12-06 12:00:00,7.26973,7.2706,7.266,7.26766,10596.0,7.2679,10596
2024-12-06 13:00:00,7.26766,7.26872,7.25524,7.26324,16764.0,7.2637,16764
2024-12-06 14:00:00,7.26337,7.28009,7.26267,7.2775,19230.0,7.2739,19230
2024-12-06 15:00:00,7.27761,7.28336,7.27581,7.27885,17025.0,7.2799,17025
2024-12-06 16:00:00,7.27886,7.28224,7.27673,7.28016,14343.0,7.2799,14343
2024-12-06 17:00:00,7.28037,7.28472,7.2803,7.28285,11773.0,7.2829,11773
2024-12-06 18:00:00,7.28287,7.28629,7.28136,7.28434,8359.0,7.2838,8359
2024-12-06 19:00:00,7.28432,7.28693,7.2836,7.28445,7391.0,7.2851,7391
2024-12-06 20:00:00,7.28443,7.28492,7.2829,7.28446,6829.0,7.2841,6829
2024-12-06 21:00:00,7.28452,7.2848,7.22383,7.228,7597.0,7.283,7597
2024-12-08 22:00:00,7.278,7.27873,7.278,7.27825,6.0,7.2783,6
2024-12-08 23:00:00,7.27875,7.27995,7.27721,7.27828,89.0,7.2782,89
2024-12-09 06:00:00,7.28882,7.28992,7.28496,7.28668,8064.0,7.287,8064
2024-12-09 07:00:00,7.2867,7.2876,7.27348,7.27787,15638.0,7.2814,15638
2024-12-09 08:00:00,7.27784,7.28456,7.27376,7.27997,15049.0,7.2812,15049
2024-12-09 09:00:00,7.28001,7.28041,7.26723,7.27469,14593.0,7.2746,14593
2024-12-09 10:00:00,7.27467,7.27483,7.27079,7.27385,11014.0,7.2725,11014
2024-12-09 11:00:00,7.27383,7.27493,7.27214,7.27374,8936.0,7.2734,8936
2024-12-09 12:00:00,7.27364,7.27674,7.27162,7.27178,10665.0,7.2748,10665
2024-12-09 13:00:00,7.27166,7.27256,7.2659,7.26828,15017.0,7.2695,15017
2024-12-09 14:00:00,7.26827,7.27286,7.26647,7.26802,14117.0,7.2701,14117
2024-12-09 15:00:00,7.26799,7.26905,7.25695,7.25924,16472.0,7.2631,16472
2024-12-09 16:00:00,7.25923,7.26479,7.25836,7.26429,12000.0,7.2618,12000
2024-12-09 17:00:00,7.26429,7.26561,7.263,7.26495,8700.0,7.2645,8700
2024-12-09 18:00:00,7.26497,7.26619,7.26392,7.2646,7116.0,7.2651,7116
2024-12-09 19:00:00,7.26458,7.26746,7.2641,7.26704,6867.0,7.2657,6867
2024-12-09 20:00:00,7.267,7.26876,7.2663,7.26797,7471.0,7.2678,7471
2024-12-09 21:00:00,7.26795,7.26861,7.26445,7.26465,3459.0,7.268,3459
2024-12-09 22:00:00,7.26465,7.26806,7.26445,7.2678,1358.0,7.2665,1358
2024-12-09 23:00:00,7.26685,7.27005,7.2664,7.26838,3098.0,7.2681,3098
2024-12-10 00:00:00,7.2684,7.26994,7.26336,7.26587,8371.0,7.2664,8371
2024-12-10 01:00:00,7.26585,7.27097,7.26096,7.26165,15640.0,7.2675,15640
2024-12-10 02:00:00,7.26163,7.26167,7.24704,7.25192,16502.0,7.2538,16502
2024-12-10 03:00:00,7.25184,7.25849,7.24983,7.25163,14194.0,7.2542,14194
2024-12-10 04:00:00,7.25161,7.25578,7.24869,7.25564,10601.0,7.2521,10601
2024-12-10 05:00:00,7.2556,7.25657,7.24184,7.24374,13452.0,7.2512,13452
2024-12-10 06:00:00,7.24353,7.24913,7.2424,7.24582,14568.0,7.2453,14568
2024-12-10 07:00:00,7.24584,7.25133,7.2456,7.25041,13206.0,7.2481,13206
2024-12-10 08:00:00,7.25052,7.25833,7.25,7.25795,15096.0,7.2538,15096
2024-12-10 09:00:00,7.25808,7.26315,7.25667,7.26013,13663.0,7.2595,13663
2024-12-10 10:00:00,7.26014,7.26266,7.25766,7.25918,11443.0,7.2597,11443
2024-12-10 11:00:00,7.25918,7.26073,7.25763,7.25971,10366.0,7.2593,10366
2024-12-10 12:00:00,7.25969,7.26186,7.25841,7.25925,11806.0,7.2601,11806
2024-12-10 13:00:00,7.25918,7.26144,7.25777,7.25938,13989.0,7.2595,13989
2024-12-10 14:00:00,7.25942,7.26144,7.25657,7.26131,14281.0,7.2586,14281
2024-12-10 15:00:00,7.26127,7.26455,7.2602,7.2627,16548.0,7.2629,16548
2024-12-10 16:00:00,7.26272,7.26437,7.2592,7.26019,12442.0,7.2622,12442
2024-12-10 17:00:00,7.26006,7.264,7.25963,7.26151,9239.0,7.261,9239
2024-12-10 18:00:00,7.26149,7.26179,7.257,7.25845,9832.0,7.2586,9832
2024-12-10 19:00:00,7.25836,7.26043,7.25759,7.26013,7400.0,7.2592,7400
2024-12-10 20:00:00,7.26017,7.26085,7.2583,7.26072,7911.0,7.2598,7911
2024-12-10 21:00:00,7.2607,7.26085,7.24937,7.25767,10450.0,7.2582,10450
2024-12-10 22:00:00,7.25767,7.25948,7.2442,7.25597,1564.0,7.2562,1564
2024-12-10 23:00:00,7.25574,7.25926,7.24881,7.25761,2057.0,7.2568,2057
2024-12-11 00:00:00,7.25741,7.25907,7.25603,7.25651,6396.0,7.2574,6396
2024-12-11 01:00:00,7.25689,7.25891,7.24536,7.24914,14482.0,7.2523,14482
2024-12-11 02:00:00,7.2491,7.24965,7.24227,7.24861,14357.0,7.2466,14357
2024-12-11 03:00:00,7.2487,7.25242,7.24692,7.25178,11650.0,7.2499,11650
2024-12-11 04:00:00,7.25178,7.25384,7.24932,7.25221,7902.0,7.2517,7902
2024-12-11 05:00:00,7.25225,7.25664,7.25169,7.25642,11701.0,7.2537,11701
2024-12-11 06:00:00,7.25638,7.25739,7.2486,7.24978,12221.0,7.2525,12221
2024-12-11 07:00:00,7.24974,7.29227,7.2485,7.28064,18325.0,7.2742,18325
2024-12-11 08:00:00,7.28063,7.28063,7.2745,7.28054,15039.0,7.2775,15039
2024-12-11 09:00:00,7.28052,7.28926,7.27871,7.27898,16661.0,7.2849,16661
2024-12-11 10:00:00,7.27897,7.28878,7.27702,7.27877,14446.0,7.2813,14446
2024-12-11 11:00:00,7.27876,7.28055,7.27376,7.27553,13251.0,7.2768,13251
2024-12-11 12:00:00,7.27545,7.27569,7.26555,7.27174,15355.0,7.2718,15355
2024-12-11 13:00:00,7.27178,7.27865,7.26262,7.27165,17690.0,7.2699,17690
2024-12-11 14:00:00,7.27163,7.27684,7.26983,7.27404,18304.0,7.2733,18304
2024-12-11 15:00:00,7.27372,7.27908,7.2594,7.27524,18106.0,7.2743,18106
2024-12-11 16:00:00,7.27516,7.27909,7.27342,7.27702,14593.0,7.2759,14593
2024-12-11 17:00:00,7.27701,7.28062,7.27655,7.27887,11966.0,7.2789,11966
2024-12-11 18:00:00,7.27885,7.28386,7.27657,7.28263,12250.0,7.2798,12250
2024-12-11 19:00:00,7.28265,7.28326,7.27929,7.28282,9563.0,7.2813,9563
2024-12-11 20:00:00,7.28281,7.28298,7.2802,7.28081,9688.0,7.2816,9688
2024-12-11 21:00:00,7.28073,7.28103,7.26978,7.27006,8929.0,7.28,8929
2024-12-11 22:00:00,7.27006,7.28004,7.26952,7.27742,630.0,7.2778,630
2024-12-11 23:00:00,7.27693,7.28142,7.26821,7.27007,3675.0,7.2722,3675
2024-12-12 00:00:00,7.27005,7.27467,7.26901,7.27405,9866.0,7.2723,9866
2024-12-12 01:00:00,7.27434,7.27474,7.26406,7.26704,14130.0,7.2694,14130
2024-12-12 02:00:00,7.26701,7.27106,7.2647,7.27035,11803.0,7.2693,11803
2024-12-12 03:00:00,7.27025,7.27185,7.2653,7.26663,12001.0,7.2679,12001
2024-12-12 04:00:00,7.26663,7.26707,7.26266,7.26531,8745.0,7.2647,8745
2024-12-12 05:00:00,7.26538,7.26931,7.26438,7.26606,12724.0,7.2667,12724
2024-12-12 06:00:00,7.26605,7.26815,7.26444,7.26578,11940.0,7.2662,11940
2024-12-12 07:00:00,7.26578,7.26704,7.25513,7.26376,15496.0,7.262,15496
2024-12-12 08:00:00,7.26372,7.26915,7.26214,7.2674,14739.0,7.2655,14739
2024-12-12 09:00:00,7.26738,7.26963,7.2652,7.26714,12380.0,7.2673,12380
2024-12-12 10:00:00,7.26705,7.27348,7.2664,7.27292,11048.0,7.2697,11048
2024-12-12 11:00:00,7.2729,7.27939,7.27051,7.27342,12716.0,7.2736,12716
2024-12-12 12:00:00,7.27338,7.27973,7.27264,7.27953,12552.0,7.2768,12552
2024-12-12 13:00:00,7.27955,7.28432,7.26862,7.27581,18079.0,7.2771,18079
2024-12-12 14:00:00,7.27576,7.28048,7.26655,7.26851,19322.0,7.2752,19322
2024-12-12 15:00:00,7.26841,7.27958,7.26667,7.27446,19038.0,7.275,19038
2024-12-12 16:00:00,7.27442,7.27565,7.26978,7.27076,15119.0,7.2727,15119
2024-12-12 17:00:00,7.27063,7.27468,7.26857,7.27398,14098.0,7.2722,14098
2024-12-12 18:00:00,7.27396,7.278,7.2726,7.27596,11968.0,7.2753,11968
2024-12-12 19:00:00,7.27598,7.27777,7.2722,7.27764,10614.0,7.2757,10614
2024-12-12 20:00:00,7.2777,7.27801,7.2761,7.27756,7725.0,7.2773,7725
2024-12-12 21:00:00,7.27746,7.27914,7.26956,7.27195,6640.0,7.2779,6640
2024-12-12 22:00:00,7.27195,7.2765,7.27175,7.27531,336.0,7.2755,336
2024-12-12 23:00:00,7.2756,7.27731,7.27338,7.27523,2893.0,7.2748,2893
2024-12-13 00:00:00,7.27572,7.2776,7.27396,7.27478,7788.0,7.2761,7788
2024-12-13 01:00:00,7.27492,7.28261,7.2745,7.27972,14673.0,7.2791,14673
2024-12-13 02:00:00,7.27971,7.28483,7.2788,7.28267,12828.0,7.2823,12828
2024-12-13 03:00:00,7.28269,7.28491,7.28185,7.28274,10455.0,7.2832,10455
2024-12-13 04:00:00,7.28277,7.28491,7.282,7.28316,6738.0,7.2838,6738
2024-12-13 05:00:00,7.28326,7.28986,7.28304,7.28857,9456.0,7.2859,9456
2024-12-13 06:00:00,7.28851,7.28867,7.28178,7.28395,11126.0,7.2865,11126
2024-12-13 07:00:00,7.28378,7.2903,7.28378,7.28709,13244.0,7.2881,13244
2024-12-13 08:00:00,7.28705,7.29253,7.285,7.28841,13829.0,7.2884,13829
2024-12-13 09:00:00,7.2883,7.28959,7.28543,7.28627,11458.0,7.2874,11458
2024-12-13 10:00:00,7.28626,7.28732,7.27881,7.28355,12548.0,7.283,12548
2024-12-13 11:00:00,7.28356,7.28438,7.2812,7.28302,9938.0,7.283,9938
2024-12-13 12:00:00,7.283,7.28378,7.27824,7.27969,12126.0,7.2814,12126
2024-12-13 13:00:00,7.27969,7.28126,7.27637,7.27935,14968.0,7.2789,14968
2024-12-13 14:00:00,7.27943,7.28471,7.27904,7.28312,13820.0,7.2819,13820
2024-12-13 15:00:00,7.28319,7.28489,7.27691,7.27756,14850.0,7.2809,14850
2024-12-13 16:00:00,7.27758,7.28008,7.27566,7.27923,12109.0,7.2785,12109
2024-12-13 17:00:00,7.28118,7.28156,7.2811,7.28139,139.0,7.2813,139
2024-12-13 18:00:00,7.27997,7.2802,7.27858,7.27902,3142.0,7.2792,3142
2024-12-13 19:00:00,7.279,7.28124,7.2774,7.28091,8294.0,7.2796,8294
2024-12-13 20:00:00,7.28089,7.28195,7.2799,7.28067,7282.0,7.2811,7282
2024-12-13 21:00:00,7.28071,7.28132,7.2359,7.2534,8897.0,7.2799,8897
2024-12-15 22:00:00,7.27994,7.27994,7.2792,7.27945,16.0,7.2794,16
2024-12-15 23:00:00,7.27995,7.28005,7.27636,7.2766,93.0,7.2786,93
2024-12-16 00:00:00,7.27653,7.28108,7.27596,7.28032,2028.0,7.279,2028
2024-12-16 01:00:00,7.28041,7.28336,7.27804,7.28167,3874.0,7.2806,3874
2024-12-16 02:00:00,7.28157,7.28861,7.28147,7.28691,11473.0,7.2845,11473
2024-12-16 03:00:00,7.28689,7.2889,7.2855,7.2867,10164.0,7.2871,10164
2024-12-16 04:00:00,7.28655,7.28715,7.28521,7.28701,5380.0,7.2861,5380
2024-12-16 05:00:00,7.28697,7.28896,7.2855,7.28721,8609.0,7.2872,8609
2024-12-16 06:00:00,7.28732,7.28773,7.2856,7.28626,8974.0,7.2865,8974
2024-12-16 07:00:00,7.28628,7.29066,7.2848,7.29016,4156.0,7.2873,4156
2024-12-16 08:00:00,7.29024,7.29028,7.28604,7.28821,12030.0,7.2878,12030
2024-12-16 09:00:00,7.28823,7.28981,7.28505,7.28855,10687.0,7.2878,10687
2024-12-16 10:00:00,7.28855,7.29139,7.28784,7.29118,8987.0,7.2902,8987
2024-12-16 11:00:00,7.29121,7.29487,7.2896,7.29186,9533.0,7.2925,9533
2024-12-16 12:00:00,7.29183,7.2923,7.2901,7.29196,9418.0,7.2913,9418
2024-12-16 13:00:00,7.29197,7.29201,7.28676,7.28685,11635.0,7.2895,11635
2024-12-16 14:00:00,7.28692,7.29353,7.2856,7.29148,13445.0,7.2908,13445
2024-12-16 15:00:00,7.29148,7.2932,7.28806,7.29249,14325.0,7.2907,14325
2024-12-16 16:00:00,7.29246,7.29466,7.28747,7.28775,13184.0,7.2913,13184
2024-12-16 17:00:00,7.28781,7.2923,7.28738,7.29149,10083.0,7.29,10083
2024-12-16 18:00:00,7.29148,7.29197,7.28781,7.28827,7610.0,7.2907,7610
2024-12-16 19:00:00,7.28819,7.29168,7.28795,7.29094,7914.0,7.2898,7914
2024-12-16 20:00:00,7.29092,7.29197,7.2897,7.29179,6539.0,7.2912,6539
2024-12-16 21:00:00,7.29185,7.29327,7.28858,7.29104,3906.0,7.2921,3906
2024-12-16 22:00:00,7.29048,7.29336,7.28527,7.29111,1063.0,7.2906,1063
2024-12-16 23:00:00,7.2885,7.29116,7.28785,7.28884,2482.0,7.2894,2482
2024-12-17 00:00:00,7.28886,7.29286,7.28755,7.28952,7559.0,7.2906,7559
2024-12-17 01:00:00,7.28984,7.29621,7.28902,7.29355,12696.0,7.2928,12696
2024-12-17 02:00:00,7.29359,7.29384,7.28716,7.29298,11931.0,7.2905,11931
2024-12-17 03:00:00,7.29302,7.29377,7.29021,7.291,7927.0,7.2917,7927
2024-12-17 04:00:00,7.29109,7.29303,7.2903,7.29285,5903.0,7.2916,5903
2024-12-17 05:00:00,7.29281,7.29385,7.29063,7.29172,9953.0,7.2923,9953
2024-12-17 06:00:00,7.29174,7.29428,7.2909,7.29311,9507.0,7.2929,9507
2024-12-17 07:00:00,7.29309,7.29331,7.28724,7.28997,11780.0,7.2896,11780
2024-12-17 08:00:00,7.28999,7.29292,7.28839,7.29133,12599.0,7.2905,12599
2024-12-17 09:00:00,7.29133,7.29378,7.2904,7.29276,11239.0,7.2922,11239
2024-12-17 10:00:00,7.29273,7.29395,7.2899,7.29132,10162.0,7.2919,10162
2024-12-17 11:00:00,7.2913,7.29279,7.2895,7.29048,9086.0,7.2913,9086
2024-12-17 12:00:00,7.29049,7.29058,7.28708,7.28792,10962.0,7.289,10962
2024-12-17 13:00:00,7.28789,7.2935,7.28789,7.29031,14737.0,7.2912,14737
2024-12-17 14:00:00,7.29033,7.29261,7.2886,7.29098,13756.0,7.2913,13756
2024-12-17 15:00:00,7.29098,7.29152,7.28713,7.28751,14496.0,7.2895,14496
2024-12-17 16:00:00,7.28752,7.29185,7.2864,7.29007,11431.0,7.29,11431
2024-12-17 17:00:00,7.29023,7.29038,7.2848,7.28591,10722.0,7.2882,10722
2024-12-17 18:00:00,7.28594,7.28814,7.28488,7.28728,8594.0,7.2868,8594
2024-12-17 19:00:00,7.28726,7.28746,7.2857,7.28722,6876.0,7.2868,6876
2024-12-17 20:00:00,7.28726,7.28813,7.2862,7.28713,6908.0,7.2873,6908
2024-12-17 21:00:00,7.28715,7.28882,7.28592,7.28611,3292.0,7.2876,3292
2024-12-17 22:00:00,7.28611,7.28821,7.28034,7.28751,297.0,7.2868,297
2024-12-17 23:00:00,7.2869,7.28859,7.28467,7.28735,1677.0,7.2875,1677
2024-12-18 00:00:00,7.28737,7.28986,7.28486,7.28611,7316.0,7.287,7316
2024-12-18 01:00:00,7.28637,7.28889,7.28393,7.28678,11658.0,7.2871,11658
2024-12-18 02:00:00,7.28676,7.29106,7.28642,7.29064,10807.0,7.289,10807
2024-12-18 03:00:00,7.29069,7.29317,7.2895,7.29282,7064.0,7.2912,7064
2024-12-18 04:00:00,7.29279,7.29336,7.2913,7.29152,2541.0,7.2924,2541
2024-12-18 05:00:00,7.2915,7.29173,7.28881,7.29027,8222.0,7.2903,8222
2024-12-18 06:00:00,7.29022,7.29069,7.28633,7.28756,9131.0,7.2893,9131
2024-12-18 07:00:00,7.28754,7.29333,7.28655,7.29273,10944.0,7.2909,10944
2024-12-18 08:00:00,7.29278,7.29656,7.2916,7.29468,10939.0,7.2938,10939
2024-12-18 09:00:00,7.2947,7.2969,7.2931,7.2948,10202.0,7.2949,10202
2024-12-18 10:00:00,7.29473,7.29527,7.29142,7.29254,8086.0,7.2932,8086
2024-12-18 11:00:00,7.29256,7.29475,7.2913,7.29368,7911.0,7.2929,7911
2024-12-18 12:00:00,7.29372,7.29475,7.29205,7.29364,8761.0,7.2934,8761
2024-12-18 13:00:00,7.29357,7.29527,7.29127,7.29353,11297.0,7.2932,11297
2024-12-18 14:00:00,7.29353,7.29741,7.29305,7.29655,13416.0,7.2955,13416
2024-12-18 15:00:00,7.29661,7.29851,7.29536,7.29755,12797.0,7.2971,12797
2024-12-18 16:00:00,7.29755,7.29852,7.29581,7.298,11202.0,7.2975,11202
2024-12-18 17:00:00,7.29802,7.29823,7.295,7.2963,8475.0,7.2963,8475
2024-12-18 18:00:00,7.29628,7.29687,7.29466,7.29511,7496.0,7.2958,7496
2024-12-18 19:00:00,7.295,7.32281,7.29411,7.31977,19480.0,7.3132,19480
2024-12-18 20:00:00,7.31972,7.32318,7.31782,7.31956,19594.0,7.3204,19594
2024-12-18 21:00:00,7.31958,7.32578,7.319,7.32166,12800.0,7.3235,12800
2024-12-18 22:00:00,7.32201,7.32775,7.31465,7.32373,934.0,7.3245,934
2024-12-18 23:00:00,7.32505,7.3261,7.32165,7.32444,5747.0,7.3244,5747
2024-12-19 00:00:00,7.32442,7.32605,7.317,7.31868,11982.0,7.3218,11982
2024-12-19 01:00:00,7.31874,7.32111,7.30784,7.30889,15969.0,7.3133,15969
2024-12-19 02:00:00,7.30889,7.31307,7.30813,7.31068,12978.0,7.3099,12978
2024-12-19 03:00:00,7.31064,7.31369,7.30766,7.31011,10662.0,7.311,10662
2024-12-19 04:00:00,7.31007,7.31128,7.30896,7.31082,8296.0,7.3102,8296
2024-12-19 05:00:00,7.31084,7.31449,7.31005,7.31415,10194.0,7.3112,10194
2024-12-19 06:00:00,7.31414,7.31471,7.30942,7.31051,13478.0,7.3122,13478
2024-12-19 07:00:00,7.31057,7.31196,7.30809,7.31106,15432.0,7.3097,15432
2024-12-19 08:00:00,7.3111,7.31551,7.30856,7.30897,15761.0,7.3114,15761
2024-12-19 09:00:00,7.30898,7.31169,7.30647,7.30789,14993.0,7.3089,14993
2024-12-19 10:00:00,7.30787,7.30952,7.3056,7.30895,12508.0,7.3073,12508
2024-12-19 11:00:00,7.30897,7.31254,7.3069,7.31114,11271.0,7.3092,11271
2024-12-19 12:00:00,7.31113,7.31362,7.31,7.31269,14281.0,7.3123,14281
2024-12-19 13:00:00,7.31271,7.31359,7.30386,7.30915,16794.0,7.3093,16794
2024-12-19 14:00:00,7.30925,7.31107,7.30749,7.31074,16027.0,7.3095,16027
2024-12-19 15:00:00,7.31074,7.31274,7.30837,7.31157,15932.0,7.3107,15932
2024-12-19 16:00:00,7.31105,7.31438,7.3094,7.31422,14499.0,7.3118,14499
2024-12-19 17:00:00,7.31432,7.31463,7.30891,7.31085,12711.0,7.311,12711
2024-12-19 18:00:00,7.31087,7.31214,7.30767,7.30793,12116.0,7.3092,12116
2024-12-19 19:00:00,7.30787,7.30991,7.30759,7.30991,11002.0,7.3087,11002
2024-12-19 20:00:00,7.30978,7.31074,7.3084,7.30908,11517.0,7.3098,11517
2024-12-19 21:00:00,7.30906,7.31139,7.30373,7.30373,7444.0,7.3104,7444
2024-12-19 22:00:00,7.30347,7.30969,7.30277,7.30719,767.0,7.3083,767
2024-12-19 23:00:00,7.30742,7.31335,7.30696,7.31066,3502.0,7.312,3502
2024-12-20 03:00:00,7.3084,7.31012,7.30696,7.30966,9251.0,7.3088,9251
2024-12-20 04:00:00,7.30964,7.3098,7.3077,7.30881,6757.0,7.3088,6757
2024-12-20 05:00:00,7.3088,7.30941,7.3071,7.3078,8838.0,7.3085,8838
2024-12-20 06:00:00,7.30784,7.30844,7.3018,7.30358,12777.0,7.3064,12777
2024-12-20 07:00:00,7.30356,7.30892,7.30198,7.30541,12737.0,7.3061,12737
2024-12-20 08:00:00,7.30543,7.30763,7.30277,7.30484,13380.0,7.3055,13380
2024-12-20 09:00:00,7.30482,7.30694,7.30287,7.30479,12081.0,7.3047,12081
2024-12-20 10:00:00,7.30476,7.30663,7.30201,7.30379,10394.0,7.3045,10394
2024-12-20 11:00:00,7.30383,7.3066,7.3031,7.30528,8877.0,7.3049,8877
2024-12-20 12:00:00,7.3053,7.30561,7.30149,7.30243,11335.0,7.304,11335
2024-12-20 13:00:00,7.30239,7.30343,7.29337,7.29941,16361.0,7.299,16361
2024-12-20 14:00:00,7.29943,7.30489,7.29843,7.30261,16509.0,7.3019,16509
2024-12-20 15:00:00,7.30208,7.30332,7.2967,7.29732,17177.0,7.2996,17177
2024-12-20 16:00:00,7.29731,7.30097,7.29497,7.30076,15624.0,7.2975,15624
2024-12-20 17:00:00,7.30074,7.30074,7.2938,7.29774,13796.0,7.2965,13796
2024-12-20 18:00:00,7.29774,7.29842,7.2946,7.29602,11043.0,7.2968,11043
2024-12-20 19:00:00,7.29604,7.29611,7.29243,7.29369,10842.0,7.2943,10842
2024-12-20 20:00:00,7.29367,7.29485,7.2923,7.29397,10640.0,7.2934,10640
2024-12-20 21:00:00,7.29399,7.29546,7.24251,7.24251,7145.0,7.2931,7145
2024-12-22 22:00:00,7.2903,7.29105,7.2857,7.2878,21.0,7.29,21
2024-12-22 23:00:00,7.28805,7.28995,7.28297,7.28815,46.0,7.2868,46
2024-12-23 00:00:00,7.28869,7.29458,7.28779,7.29439,1731.0,7.2911,1731
2024-12-23 01:00:00,7.29423,7.30197,7.29382,7.30061,3838.0,7.298,3838
2024-12-23 02:00:00,7.30063,7.30217,7.2904,7.30201,9925.0,7.3012,9925
2024-12-23 03:00:00,7.30209,7.30499,7.30127,7.30334,8357.0,7.3029,8357
2024-12-23 04:00:00,7.30333,7.30351,7.30042,7.303,6691.0,7.3021,6691
2024-12-23 05:00:00,7.30298,7.30543,7.30056,7.30529,8378.0,7.3027,8378
2024-12-23 06:00:00,7.30516,7.30773,7.30287,7.30504,9575.0,7.3053,9575
2024-12-23 07:00:00,7.30506,7.31342,7.30483,7.31252,11166.0,7.3089,11166
2024-12-23 08:00:00,7.31257,7.31293,7.30686,7.30785,11838.0,7.3099,11838
2024-12-23 09:00:00,7.30793,7.30901,7.30498,7.3082,11050.0,7.3065,11050
2024-12-23 10:00:00,7.30812,7.3109,7.30794,7.31032,9632.0,7.3094,9632
2024-12-23 11:00:00,7.31025,7.3112,7.3072,7.30809,8553.0,7.3096,8553
2024-12-23 12:00:00,7.30811,7.31033,7.30496,7.30591,10971.0,7.3082,10971
2024-12-23 13:00:00,7.3059,7.30669,7.3034,7.3055,12560.0,7.3053,12560
2024-12-23 14:00:00,7.30549,7.30858,7.30499,7.30652,12327.0,7.3072,12327
2024-12-23 15:00:00,7.30649,7.31013,7.30555,7.30972,13240.0,7.3079,13240
2024-12-23 16:00:00,7.3097,7.31016,7.30435,7.30663,11754.0,7.3069,11754
2024-12-23 17:00:00,7.30676,7.30882,7.30569,7.30856,10044.0,7.307,10044
2024-12-23 18:00:00,7.30849,7.30873,7.3063,7.30763,8795.0,7.3076,8795
2024-12-23 19:00:00,7.30759,7.30943,7.3067,7.30716,8081.0,7.308,8081
2024-12-23 20:00:00,7.3072,7.30953,7.3063,7.30924,8970.0,7.3083,8970
2024-12-23 21:00:00,7.30922,7.31024,7.298,7.29912,6407.0,7.3086,6407
2024-12-23 22:00:00,7.29912,7.30799,7.29877,7.30533,735.0,7.3066,735
2024-12-23 23:00:00,7.30552,7.30893,7.30267,7.30825,3213.0,7.3065,3213
2024-12-24 00:00:00,7.30834,7.30953,7.30584,7.30642,6186.0,7.3083,6186
2024-12-24 01:00:00,7.30665,7.3088,7.30582,7.30669,8768.0,7.3075,8768
2024-12-24 02:00:00,7.30671,7.3075,7.30407,7.30606,10319.0,7.3056,10319
2024-12-24 03:00:00,7.30604,7.3061,7.30231,7.30488,10361.0,7.305,10361
2024-12-24 04:00:00,7.30486,7.30587,7.3035,7.30464,6293.0,7.3052,6293
2024-12-24 05:00:00,7.30462,7.30549,7.30078,7.30399,7481.0,7.3038,7481
2024-12-24 06:00:00,7.30401,7.30633,7.30209,7.30519,6964.0,7.3044,6964
2024-12-24 07:00:00,7.30522,7.30682,7.3018,7.30644,7555.0,7.305,7555
2024-12-24 08:00:00,7.30683,7.30797,7.3033,7.3035,8976.0,7.306,8976
2024-12-24 09:00:00,7.30355,7.30462,7.30118,7.30238,8071.0,7.3024,8071
2024-12-24 10:00:00,7.30238,7.30288,7.29776,7.29835,6685.0,7.3,6685
2024-12-24 11:00:00,7.29829,7.29932,7.2972,7.29881,6674.0,7.2983,6674
2024-12-24 12:00:00,7.29885,7.30122,7.2978,7.30086,7320.0,7.3002,7320
2024-12-24 13:00:00,7.30079,7.30183,7.2982,7.29902,8426.0,7.3003,8426
2024-12-24 14:00:00,7.299,7.30185,7.2973,7.30173,10046.0,7.2995,10046
2024-12-24 15:00:00,7.3016,7.307,7.30134,7.3061,11410.0,7.3048,11410
2024-12-24 16:00:00,7.3061,7.30651,7.30225,7.3059,8716.0,7.3047,8716
2024-12-24 17:00:00,7.30592,7.3072,7.3039,7.30673,6533.0,7.3056,6533
2024-12-24 18:00:00,7.30671,7.30757,7.3056,7.30582,2850.0,7.3065,2850
2024-12-24 19:00:00,7.30579,7.30646,7.30396,7.30511,3129.0,7.3055,3129
2024-12-24 20:00:00,7.3049,7.30794,7.30345,7.30765,2847.0,7.3055,2847
2024-12-24 21:00:00,7.30759,7.30806,7.30253,7.30654,1706.0,7.3064,1706
2024-12-24 22:00:00,7.30654,7.31477,7.25884,7.28744,34.0,7.298,34
2024-12-24 23:00:00,7.28577,7.30409,7.28577,7.30407,47.0,7.3023,47
2024-12-25 00:00:00,7.30403,7.3072,7.29414,7.303,109.0,7.3033,109
2024-12-25 01:00:00,7.29806,7.30634,7.26568,7.30336,385.0,7.3028,385
2024-12-25 02:00:00,7.306,7.30641,7.30097,7.30099,651.0,7.3043,651
2024-12-25 03:00:00,7.30099,7.30522,7.29804,7.30372,506.0,7.3039,506
2024-12-25 04:00:00,7.30366,7.30492,7.29789,7.30118,637.0,7.3034,637
2024-12-25 05:00:00,7.30119,7.30452,7.29632,7.30294,376.0,7.3019,376
2024-12-25 06:00:00,7.30004,7.30136,7.2956,7.29941,682.0,7.2987,682
2024-12-25 07:00:00,7.29959,7.30244,7.29554,7.30029,1506.0,7.3001,1506
2024-12-25 08:00:00,7.29594,7.30209,7.28658,7.29876,417.0,7.2987,417
2024-12-25 09:00:00,7.29597,7.30694,7.29597,7.30666,352.0,7.3001,352
2024-12-25 10:00:00,7.30596,7.30709,7.30521,7.30694,575.0,7.3063,575
2024-12-25 11:00:00,7.30586,7.30704,7.30531,7.30694,324.0,7.3063,324
2024-12-25 13:00:00,7.306,7.306,7.306,7.306,1.0,7.306,1
2024-12-25 15:00:00,7.30704,7.30704,7.30689,7.30694,3.0,7.307,3
2024-12-25 16:00:00,7.29732,7.30691,7.29715,7.30301,8.0,7.3015,8
2024-12-25 17:00:00,7.29715,7.29715,7.29715,7.29715,1.0,7.2972,1
2024-12-25 18:00:00,7.29711,7.30576,7.29464,7.30114,287.0,7.3024,287
2024-12-25 19:00:00,7.30104,7.30221,7.29627,7.29627,59.0,7.3012,59
2024-12-25 20:00:00,7.29615,7.30361,7.26271,7.30264,497.0,7.3025,497
2024-12-25 21:00:00,7.30249,7.30336,7.2962,7.29645,596.0,7.3023,596
2024-12-25 22:00:00,7.2961,7.30216,7.28733,7.29769,346.0,7.2986,346
2024-12-25 23:00:00,7.29751,7.30272,7.29159,7.30246,1996.0,7.3005,1996
2024-12-26 00:00:00,7.30122,7.30466,7.2999,7.30118,5623.0,7.302,5623
2024-12-26 01:00:00,7.30224,7.3077,7.30224,7.30624,8635.0,7.3054,8635
2024-12-26 02:00:00,7.30632,7.30706,7.30294,7.30351,6683.0,7.305,6683
2024-12-26 03:00:00,7.30357,7.30614,7.30308,7.30572,5006.0,7.3043,5006
2024-12-26 04:00:00,7.30572,7.31074,7.30565,7.3101,6803.0,7.3077,6803
2024-12-26 05:00:00,7.31012,7.31132,7.30596,7.30794,6705.0,7.3084,6705
2024-12-26 06:00:00,7.30794,7.30989,7.30692,7.30884,5019.0,7.3083,5019
2024-12-26 07:00:00,7.30882,7.30988,7.3064,7.30751,5687.0,7.3078,5687
2024-12-26 08:00:00,7.30755,7.30956,7.30616,7.307,5596.0,7.3078,5596
2024-12-26 09:00:00,7.30703,7.30887,7.30584,7.30844,4773.0,7.3071,4773
2024-12-26 10:00:00,7.3084,7.30871,7.30474,7.30534,4390.0,7.307,4390
2024-12-26 11:00:00,7.30532,7.30637,7.30119,7.3022,7041.0,7.3031,7041
2024-12-26 12:00:00,7.30221,7.30745,7.30192,7.30469,7758.0,7.305,7758
2024-12-26 13:00:00,7.30474,7.30686,7.30322,7.30562,8483.0,7.305,8483
2024-12-26 14:00:00,7.30564,7.30696,7.30309,7.30401,8705.0,7.3045,8705
2024-12-26 15:00:00,7.30399,7.3088,7.30252,7.30814,9882.0,7.3046,9882
2024-12-26 16:00:00,7.30814,7.30844,7.30515,7.30582,8436.0,7.3066,8436
2024-12-26 17:00:00,7.30584,7.30884,7.30442,7.30478,7614.0,7.3069,7614
2024-12-26 18:00:00,7.30481,7.30502,7.30112,7.30136,8718.0,7.3024,8718
2024-12-26 19:00:00,7.30138,7.30388,7.30134,7.30267,6017.0,7.3026,6017
2024-12-26 20:00:00,7.30269,7.3044,7.30192,7.30279,6139.0,7.3031,6139
2024-12-26 21:00:00,7.30281,7.30353,7.29992,7.30265,2569.0,7.3024,2569
2024-12-26 22:00:00,7.30265,7.30323,7.29889,7.30313,597.0,7.3021,597
2024-12-26 23:00:00,7.30001,7.30376,7.29955,7.30213,1980.0,7.3026,1980
2024-12-27 00:00:00,7.30211,7.30396,7.30126,7.30283,6125.0,7.3025,6125
2024-12-27 01:00:00,7.30281,7.30664,7.30263,7.30624,11117.0,7.3044,11117
2024-12-27 02:00:00,7.30628,7.30716,7.30315,7.3039,10033.0,7.306,10033
2024-12-27 03:00:00,7.30391,7.30406,7.29616,7.29828,10426.0,7.3008,10426
2024-12-27 04:00:00,7.2983,7.29955,7.29724,7.29826,6852.0,7.2985,6852
2024-12-27 05:00:00,7.29826,7.30436,7.29724,7.30335,8271.0,7.2994,8271
2024-12-27 06:00:00,7.30337,7.30371,7.3008,7.30288,8490.0,7.3022,8490
2024-12-27 07:00:00,7.30292,7.30588,7.30144,7.3048,9496.0,7.3037,9496
2024-12-27 08:00:00,7.30484,7.30988,7.3042,7.30755,10896.0,7.3071,10896
2024-12-27 09:00:00,7.30742,7.30936,7.30601,7.30686,7880.0,7.3074,7880
2024-12-27 10:00:00,7.30683,7.30924,7.3046,7.30543,8055.0,7.3066,8055
2024-12-27 11:00:00,7.30545,7.30835,7.30487,7.30497,8058.0,7.3063,8058
2024-12-27 12:00:00,7.30499,7.30554,7.3023,7.3046,8792.0,7.3041,8792
2024-12-27 13:00:00,7.3046,7.30706,7.30321,7.3043,10321.0,7.3054,10321
2024-12-27 14:00:00,7.30434,7.30778,7.3039,7.30471,12048.0,7.3059,12048
2024-12-27 15:00:00,7.30472,7.30531,7.29561,7.29596,14509.0,7.3023,14509
2024-12-27 16:00:00,7.296,7.29788,7.29446,7.29756,11953.0,7.2965,11953
2024-12-27 17:00:00,7.29758,7.29917,7.29691,7.29796,9452.0,7.2981,9452
2024-12-27 18:00:00,7.29798,7.29999,7.2973,7.29898,7745.0,7.2987,7745
2024-12-27 19:00:00,7.299,7.30138,7.2975,7.30007,8868.0,7.2993,8868
2024-12-27 20:00:00,7.29999,7.30189,7.29992,7.30069,8272.0,7.3011,8272
2024-12-27 21:00:00,7.30071,7.30105,7.29092,7.29262,3951.0,7.3001,3951
2024-12-29 22:00:00,7.29644,7.29787,7.2957,7.29771,27.0,7.2975,27
2024-12-29 23:00:00,7.29795,7.29995,7.29795,7.29955,49.0,7.2991,49
2024-12-30 00:00:00,7.30019,7.30108,7.29755,7.29871,1587.0,7.2994,1587
2024-12-30 01:00:00,7.29859,7.30434,7.29857,7.30428,2494.0,7.3014,2494
2024-12-30 02:00:00,7.3043,7.30605,7.2996,7.30426,7596.0,7.3044,7596
2024-12-30 03:00:00,7.30428,7.30866,7.30401,7.30661,6384.0,7.3058,6384
2024-12-30 04:00:00,7.30678,7.30948,7.30631,7.30915,6333.0,7.3078,6333
2024-12-30 05:00:00,7.30919,7.30984,7.3054,7.30936,7183.0,7.3081,7183
2024-12-30 06:00:00,7.30944,7.30948,7.3068,7.30897,7973.0,7.3082,7973
2024-12-30 07:00:00,7.30893,7.31119,7.30637,7.30758,8962.0,7.3083,8962
2024-12-30 08:00:00,7.30744,7.31341,7.30715,7.31243,10864.0,7.3103,10864
2024-12-30 09:00:00,7.31249,7.31692,7.31215,7.31585,11361.0,7.3152,11361
2024-12-30 10:00:00,7.31598,7.31775,7.3123,7.31374,9391.0,7.3146,9391
2024-12-30 11:00:00,7.31369,7.31402,7.3111,7.31301,8585.0,7.3126,8585
2024-12-30 12:00:00,7.31302,7.31376,7.31,7.31203,8048.0,7.3123,8048
2024-12-30 13:00:00,7.31189,7.31807,7.3105,7.31748,13339.0,7.314,13339
2024-12-30 14:00:00,7.31725,7.3183,7.3114,7.31289,14779.0,7.3151,14779
2024-12-30 15:00:00,7.31275,7.31947,7.31214,7.31879,16055.0,7.3158,16055
2024-12-30 16:00:00,7.31882,7.31888,7.3144,7.31612,12242.0,7.3166,12242
2024-12-30 17:00:00,7.31615,7.31627,7.31322,7.31353,9291.0,7.3144,9291
2024-12-30 18:00:00,7.3134,7.31404,7.31142,7.3124,9069.0,7.3129,9069
2024-12-30 19:00:00,7.31242,7.31478,7.31228,7.31471,8947.0,7.3134,8947
2024-12-30 20:00:00,7.31469,7.3152,7.3128,7.31482,8498.0,7.314,8498
2024-12-30 21:00:00,7.31486,7.31625,7.31189,7.3138,5934.0,7.315,5934
2024-12-30 22:00:00,7.3138,7.31504,7.30766,7.31245,696.0,7.3123,696
2024-12-30 23:00:00,7.31213,7.31368,7.31213,7.31305,2012.0,7.3128,2012
2024-12-31 00:00:00,7.31305,7.31424,7.31122,7.31136,4846.0,7.3129,4846
2024-12-31 01:00:00,7.31158,7.31248,7.30503,7.31216,11792.0,7.3084,11792
2024-12-31 02:00:00,7.3121,7.3124,7.3075,7.30946,8865.0,7.3096,8865
2024-12-31 03:00:00,7.3095,7.31737,7.30912,7.31664,8636.0,7.3116,8636
2024-12-31 04:00:00,7.31664,7.31706,7.3137,7.31484,6412.0,7.3155,6412
2024-12-31 05:00:00,7.31486,7.3268,7.3146,7.32256,7219.0,7.3179,7219
2024-12-31 06:00:00,7.3226,7.3241,7.3199,7.32337,9522.0,7.322,9522
2024-12-31 07:00:00,7.32348,7.32422,7.31832,7.3204,9888.0,7.3211,9888
2024-12-31 08:00:00,7.32042,7.33888,7.32,7.33464,14336.0,7.3298,14336
2024-12-31 09:00:00,7.33468,7.33876,7.33295,7.33853,11187.0,7.3357,11187
2024-12-31 10:00:00,7.33861,7.36991,7.32592,7.33762,14914.0,7.3459,14914
2024-12-31 11:00:00,7.33761,7.33847,7.33172,7.33556,10095.0,7.3341,10095
2024-12-31 12:00:00,7.33554,7.34315,7.33455,7.3419,10141.0,7.3385,10141
2024-12-31 13:00:00,7.3418,7.34319,7.33659,7.33708,12370.0,7.3397,12370
2024-12-31 14:00:00,7.33708,7.33901,7.32779,7.32874,15084.0,7.3335,15084
2024-12-31 15:00:00,7.32881,7.34186,7.32654,7.3409,16852.0,7.3321,16852
2024-12-31 16:00:00,7.34088,7.34146,7.3358,7.33945,13566.0,7.339,13566
2024-12-31 17:00:00,7.33947,7.33967,7.33341,7.33455,11719.0,7.3354,11719
2024-12-31 18:00:00,7.33473,7.33527,7.33412,7.33442,1093.0,7.3347,1093
2024-12-31 22:00:00,7.33442,7.33442,7.33442,7.33442,1.0,7.3344,1
2025-01-01 21:00:00,7.33546,7.33561,7.32895,7.3294,66.0,7.3342,66
2025-01-01 22:00:00,7.3294,7.33471,7.3215,7.32899,537.0,7.3306,537
2025-01-01 23:00:00,7.32987,7.33584,7.32488,7.33257,2571.0,7.3337,2571
2025-01-02 00:00:00,7.33259,7.33681,7.32729,7.32953,8185.0,7.3331,8185
2025-01-02 01:00:00,7.32973,7.33358,7.31621,7.31979,15014.0,7.3246,15014
2025-01-02 02:00:00,7.31977,7.331,7.31609,7.31814,12800.0,7.3191,12800
2025-01-02 03:00:00,7.31803,7.31909,7.31589,7.31695,8667.0,7.3174,8667
2025-01-02 04:00:00,7.31693,7.31873,7.31645,7.31729,5377.0,7.3175,5377
2025-01-02 05:00:00,7.31729,7.31907,7.31636,7.31818,7915.0,7.3176,7915
2025-01-02 06:00:00,7.31813,7.32329,7.31695,7.31991,11092.0,7.3198,11092
2025-01-02 07:00:00,7.31989,7.32524,7.3192,7.32244,10419.0,7.3217,10419
2025-01-02 08:00:00,7.32241,7.32804,7.32212,7.32553,13637.0,7.3254,13637
2025-01-02 09:00:00,7.32552,7.32828,7.32398,7.32695,11575.0,7.326,11575
2025-01-02 10:00:00,7.32687,7.33513,7.32454,7.33439,12131.0,7.329,12131
2025-01-02 11:00:00,7.33446,7.33867,7.3324,7.33607,11884.0,7.3353,11884
2025-01-02 12:00:00,7.33607,7.33699,7.33327,7.33527,10168.0,7.3353,10168
2025-01-02 13:00:00,7.33513,7.33976,7.332,7.33367,15661.0,7.3351,15661
2025-01-02 14:00:00,7.33369,7.33855,7.3314,7.33737,15482.0,7.3353,15482
2025-01-02 15:00:00,7.33743,7.33944,7.3334,7.33873,17010.0,7.3365,17010
2025-01-02 16:00:00,7.33868,7.34449,7.3366,7.34238,17102.0,7.3408,17102
2025-01-02 17:00:00,7.34234,7.34408,7.34062,7.34323,13002.0,7.3427,13002
2025-01-02 18:00:00,7.34322,7.34471,7.3427,7.34326,8539.0,7.3438,8539
2025-01-02 19:00:00,7.34324,7.34446,7.34207,7.34222,7762.0,7.3431,7762
2025-01-02 20:00:00,7.34224,7.3423,7.3391,7.34085,8072.0,7.3404,8072
2025-01-02 21:00:00,7.34087,7.3416,7.33848,7.34011,3827.0,7.3403,3827
2025-01-02 22:00:00,7.34011,7.34088,7.33725,7.34028,917.0,7.3398,917
2025-01-02 23:00:00,7.33957,7.3411,7.33905,7.34045,2854.0,7.3401,2854
2025-01-03 00:00:00,7.34019,7.34049,7.33352,7.33366,7312.0,7.337,7312
2025-01-03 01:00:00,7.33373,7.33551,7.32518,7.32677,11854.0,7.3299,11854
2025-01-03 02:00:00,7.32681,7.33034,7.32416,7.33014,11230.0,7.3268,11230
2025-01-03 03:00:00,7.33016,7.33258,7.32685,7.33234,9679.0,7.3299,9679
2025-01-03 04:00:00,7.3323,7.33604,7.33199,7.33428,7433.0,7.3348,7433
2025-01-03 05:00:00,7.3343,7.33651,7.3307,7.33584,10717.0,7.3343,10717
2025-01-03 06:00:00,7.33604,7.3361,7.3309,7.33126,9288.0,7.3332,9288
2025-01-03 07:00:00,7.33122,7.3579,7.32868,7.34792,15877.0,7.345,15877
2025-01-03 08:00:00,7.34789,7.3603,7.34748,7.35824,15680.0,7.3534,15680
2025-01-03 09:00:00,7.35824,7.35854,7.3469,7.35261,13386.0,7.3525,13386
2025-01-03 10:00:00,7.35258,7.35791,7.34967,7.3565,10626.0,7.3547,10626
2025-01-03 11:00:00,7.35652,7.35665,7.35004,7.35171,10078.0,7.353,10078
2025-01-03 12:00:00,7.35169,7.3533,7.3475,7.35296,10985.0,7.3512,10985
2025-01-03 13:00:00,7.35298,7.3588,7.35112,7.3563,12894.0,7.3552,12894
2025-01-03 14:00:00,7.35632,7.36005,7.35632,7.35803,12864.0,7.3586,12864
2025-01-03 15:00:00,7.3582,7.36272,7.3557,7.35982,17138.0,7.3592,17138
2025-01-03 16:00:00,7.35997,7.36208,7.35728,7.36054,13035.0,7.3601,13035
2025-01-03 17:00:00,7.36052,7.36131,7.35682,7.35955,10016.0,7.3593,10016
2025-01-03 18:00:00,7.35955,7.36086,7.35777,7.35922,7432.0,7.3591,7432
2025-01-03 19:00:00,7.3592,7.36137,7.3576,7.36101,7030.0,7.3597,7030
2025-01-03 20:00:00,7.36105,7.36165,7.35938,7.36062,7160.0,7.3605,7160
2025-01-03 21:00:00,7.36066,7.36144,7.34308,7.35827,5136.0,7.3591,5136
2025-01-05 22:00:00,7.35489,7.35575,7.3452,7.35545,8.0,7.3536,8
2025-01-05 23:00:00,7.35595,7.36046,7.35595,7.35973,52.0,7.3585,52
2025-01-06 00:00:00,7.36053,7.36455,7.3559,7.35784,2234.0,7.3607,2234
2025-01-06 01:00:00,7.35769,7.35832,7.3459,7.35147,3815.0,7.351,3815
2025-01-06 02:00:00,7.35149,7.35405,7.34721,7.35301,11971.0,7.3519,11971
2025-01-06 03:00:00,7.35301,7.35759,7.35181,7.3558,8319.0,7.3554,8319
2025-01-06 04:00:00,7.3558,7.35806,7.35539,7.35793,5014.0,7.3565,5014
2025-01-06 05:00:00,7.35795,7.35939,7.35579,7.35695,8810.0,7.3575,8810
2025-01-06 06:00:00,7.35693,7.35728,7.3533,7.3543,8984.0,7.3562,8984
2025-01-06 07:00:00,7.35428,7.35794,7.35247,7.35452,9745.0,7.3554,9745
2025-01-06 08:00:00,7.35448,7.35736,7.3492,7.35137,13109.0,7.3535,13109
2025-01-06 09:00:00,7.35135,7.35265,7.34276,7.3433,14309.0,7.3491,14309
2025-01-06 10:00:00,7.34329,7.35309,7.34289,7.35286,12473.0,7.348,12473
2025-01-06 11:00:00,7.35297,7.35324,7.32382,7.32928,18927.0,7.3346,18927
2025-01-06 12:00:00,7.32954,7.33438,7.32231,7.32296,17098.0,7.3286,17098
2025-01-06 13:00:00,7.32306,7.32575,7.31292,7.32111,18487.0,7.321,18487
2025-01-06 14:00:00,7.32099,7.34633,7.31582,7.33082,18589.0,7.3308,18589
2025-01-06 15:00:00,7.33084,7.35413,7.32927,7.35268,19087.0,7.3416,19087
2025-01-06 16:00:00,7.35253,7.35288,7.3417,7.34834,13080.0,7.3491,13080
2025-01-06 17:00:00,7.34845,7.35054,7.347,7.34792,8108.0,7.349,8108
2025-01-06 18:00:00,7.34788,7.34985,7.3472,7.34917,8294.0,7.3486,8294
2025-01-06 19:00:00,7.34919,7.34966,7.3467,7.34802,6905.0,7.3479,6905
2025-01-06 20:00:00,7.348,7.34888,7.34585,7.3474,7140.0,7.3475,7140
2025-01-06 21:00:00,7.34734,7.34779,7.3445,7.34601,5262.0,7.3467,5262
2025-01-06 22:00:00,7.34601,7.34714,7.33985,7.34306,590.0,7.3453,590
2025-01-06 23:00:00,7.34277,7.34824,7.34226,7.34638,2262.0,7.3464,2262
2025-01-07 00:00:00,7.3464,7.35028,7.34267,7.34516,9185.0,7.3467,9185
2025-01-07 01:00:00,7.34529,7.34841,7.33746,7.34236,13557.0,7.3451,13557
2025-01-07 02:00:00,7.34226,7.34696,7.3398,7.3445,12065.0,7.3441,12065
2025-01-07 03:00:00,7.34452,7.34566,7.34062,7.34116,9639.0,7.343,9639
2025-01-07 04:00:00,7.34118,7.3421,7.3372,7.33909,7932.0,7.3398,7932
2025-01-07 05:00:00,7.33911,7.3413,7.33476,7.33628,11801.0,7.3383,11801
2025-01-07 06:00:00,7.33626,7.34227,7.3319,7.34081,12212.0,7.3376,12212
2025-01-07 07:00:00,7.34077,7.34143,7.33434,7.33694,13721.0,7.3377,13721
2025-01-07 08:00:00,7.33693,7.33928,7.33172,7.33238,14515.0,7.3353,14515
2025-01-07 09:00:00,7.33244,7.33502,7.33045,7.33293,11942.0,7.3326,11942
2025-01-07 10:00:00,7.33289,7.3369,7.33109,7.33252,12040.0,7.3335,12040
2025-01-07 11:00:00,7.3325,7.33881,7.3316,7.33758,11231.0,7.3364,11231
2025-01-07 12:00:00,7.33756,7.34034,7.33635,7.33845,11408.0,7.3381,11408
2025-01-07 13:00:00,7.33847,7.3392,7.3343,7.33512,13612.0,7.3364,13612
2025-01-07 14:00:00,7.33529,7.33718,7.33138,7.33176,13820.0,7.3353,13820
2025-01-07 15:00:00,7.33128,7.34558,7.33128,7.34018,19129.0,7.3407,19129
2025-01-07 16:00:00,7.34011,7.34117,7.33538,7.33899,15941.0,7.3389,15941
2025-01-07 17:00:00,7.33901,7.33972,7.33464,7.33701,12834.0,7.3373,12834
2025-01-07 18:00:00,7.33691,7.3401,7.33578,7.33974,10494.0,7.3381,10494
2025-01-07 19:00:00,7.3397,7.34114,7.3389,7.33991,8677.0,7.3401,8677
2025-01-07 20:00:00,7.33993,7.34139,7.3394,7.341,7596.0,7.3404,7596
2025-01-07 21:00:00,7.34096,7.34148,7.33841,7.33875,5447.0,7.3408,5447
2025-01-07 22:00:00,7.33875,7.34139,7.33675,7.33863,719.0,7.34,719
2025-01-07 23:00:00,7.33895,7.34244,7.33795,7.34217,2680.0,7.34,2680
2025-01-08 00:00:00,7.34215,7.34601,7.34004,7.34461,7787.0,7.343,7787
2025-01-08 01:00:00,7.34471,7.34936,7.3416,7.34721,11954.0,7.3452,11954
2025-01-08 02:00:00,7.34725,7.34777,7.34298,7.34504,9955.0,7.3452,9955
2025-01-08 03:00:00,7.34506,7.34855,7.3435,7.34731,8200.0,7.3462,8200
2025-01-08 04:00:00,7.34725,7.34759,7.3452,7.34547,5204.0,7.3465,5204
2025-01-08 05:00:00,7.34562,7.34793,7.34344,7.34744,8845.0,7.3454,8845
2025-01-08 06:00:00,7.34742,7.34761,7.344,7.34673,9528.0,7.3457,9528
2025-01-08 07:00:00,7.34669,7.34946,7.3452,7.349,11331.0,7.3475,11331
2025-01-08 08:00:00,7.34896,7.3537,7.34798,7.35184,14332.0,7.3509,14332
2025-01-08 09:00:00,7.35195,7.35207,7.3478,7.35173,10953.0,7.35,10953
2025-01-08 10:00:00,7.35184,7.35573,7.3516,7.35297,10708.0,7.3533,10708
2025-01-08 11:00:00,7.35295,7.36151,7.35264,7.3551,16018.0,7.3571,16018
2025-01-08 12:00:00,7.35515,7.36068,7.35436,7.3585,15674.0,7.3575,15674
2025-01-08 13:00:00,7.35851,7.35955,7.35405,7.35511,16633.0,7.3568,16633
2025-01-08 14:00:00,7.35514,7.36134,7.35343,7.35907,16084.0,7.3574,16084
2025-01-08 15:00:00,7.35911,7.35917,7.35213,7.3527,16698.0,7.3553,16698
2025-01-08 16:00:00,7.35262,7.35408,7.3509,7.35157,13247.0,7.3527,13247
2025-01-08 17:00:00,7.35159,7.3565,7.35125,7.35369,11566.0,7.3543,11566
2025-01-08 18:00:00,7.35359,7.35426,7.35131,7.3518,10272.0,7.353,10272
2025-01-08 19:00:00,7.35188,7.35481,7.35128,7.3546,10085.0,7.353,10085
2025-01-08 20:00:00,7.35458,7.35469,7.3519,7.35298,7611.0,7.3534,7611
2025-01-08 21:00:00,7.35283,7.35375,7.3404,7.3404,4812.0,7.3525,4812
2025-01-08 22:00:00,7.3404,7.35608,7.3399,7.35037,2822.0,7.3517,2822
2025-01-08 23:00:00,7.3514,7.35566,7.34772,7.35528,2335.0,7.3541,2335
2025-01-09 00:00:00,7.35526,7.35728,7.35294,7.35448,7171.0,7.3552,7171
2025-01-09 01:00:00,7.35464,7.35466,7.34521,7.34727,12269.0,7.3489,12269
2025-01-09 02:00:00,7.34729,7.34911,7.34341,7.34756,10371.0,7.3472,10371
2025-01-09 03:00:00,7.34756,7.34891,7.344,7.34785,8865.0,7.3462,8865
2025-01-09 04:00:00,7.34787,7.34868,7.3468,7.34837,6919.0,7.3478,6919
2025-01-09 05:00:00,7.34848,7.35125,7.3483,7.35061,8241.0,7.3497,8241
2025-01-09 06:00:00,7.35057,7.35395,7.3494,7.35064,11666.0,7.3512,11666
2025-01-09 07:00:00,7.35049,7.35527,7.35027,7.35491,13382.0,7.3531,13382
2025-01-09 08:00:00,7.355,7.35826,7.3538,7.35593,13528.0,7.3565,13528
2025-01-09 09:00:00,7.3561,7.35675,7.35265,7.35666,11618.0,7.3548,11618
2025-01-09 10:00:00,7.35674,7.35778,7.3528,7.35381,10651.0,7.3555,10651
2025-01-09 11:00:00,7.35375,7.35769,7.35351,7.35693,10383.0,7.3559,10383
2025-01-09 12:00:00,7.35697,7.35815,7.35426,7.3578,9939.0,7.3563,9939
2025-01-09 13:00:00,7.35782,7.35888,7.35345,7.35526,12354.0,7.3561,12354
2025-01-09 14:00:00,7.35526,7.3562,7.35249,7.35493,10671.0,7.3543,10671
2025-01-09 15:00:00,7.35491,7.35833,7.3528,7.3573,12457.0,7.3553,12457
2025-01-09 16:00:00,7.35739,7.3586,7.3553,7.35666,8846.0,7.357,8846
2025-01-09 17:00:00,7.35675,7.35847,7.356,7.3568,6442.0,7.3573,6442
2025-01-09 18:00:00,7.3568,7.3573,7.356,7.35641,4881.0,7.3568,4881
2025-01-09 19:00:00,7.35639,7.35699,7.3553,7.35625,4017.0,7.3562,4017
2025-01-09 20:00:00,7.35625,7.3564,7.3532,7.35607,4137.0,7.3559,4137
2025-01-09 21:00:00,7.35595,7.35629,7.35215,7.3523,3880.0,7.3557,3880
2025-01-09 22:00:00,7.3523,7.35673,7.33291,7.35409,737.0,7.3551,737
2025-01-09 23:00:00,7.35401,7.35751,7.35341,7.35668,2885.0,7.3562,2885
2025-01-10 00:00:00,7.35665,7.35726,7.34973,7.35033,7800.0,7.3541,7800
2025-01-10 01:00:00,7.3504,7.35086,7.3449,7.34989,13651.0,7.348,13651
2025-01-10 02:00:00,7.34979,7.35084,7.3462,7.34955,10742.0,7.3489,10742
2025-01-10 03:00:00,7.34953,7.35075,7.34791,7.34947,6843.0,7.3493,6843
2025-01-10 04:00:00,7.34948,7.35239,7.3483,7.35064,6550.0,7.3505,6550
2025-01-10 05:00:00,7.35066,7.35495,7.35035,7.35477,8831.0,7.3527,8831
2025-01-10 06:00:00,7.35479,7.3564,7.352,7.35296,10393.0,7.3537,10393
2025-01-10 07:00:00,7.35299,7.35374,7.3508,7.35259,10996.0,7.3523,10996
2025-01-10 08:00:00,7.35259,7.35546,7.34999,7.35037,12636.0,7.3528,12636
2025-01-10 09:00:00,7.35034,7.35187,7.34702,7.35159,11450.0,7.3496,11450
2025-01-10 10:00:00,7.35163,7.35163,7.34742,7.34863,10520.0,7.3489,10520
2025-01-10 11:00:00,7.34846,7.34933,7.34386,7.34677,10213.0,7.3465,10213
2025-01-10 12:00:00,7.34677,7.34745,7.34161,7.34353,10570.0,7.3446,10570
2025-01-10 13:00:00,7.34353,7.36362,7.31742,7.35786,17127.0,7.3522,17127
2025-01-10 14:00:00,7.35819,7.36127,7.35329,7.35767,19498.0,7.3575,19498
2025-01-10 15:00:00,7.35761,7.36085,7.35056,7.35686,19870.0,7.3561,19870
2025-01-10 16:00:00,7.35708,7.36246,7.35633,7.35992,16211.0,7.3594,16211
2025-01-10 17:00:00,7.35996,7.36262,7.35954,7.3625,11424.0,7.3612,11424
2025-01-10 18:00:00,7.36228,7.36424,7.3614,7.36266,9669.0,7.3631,9669
2025-01-10 19:00:00,7.36268,7.36391,7.36158,7.36293,8657.0,7.3628,8657
2025-01-10 20:00:00,7.363,7.36449,7.3615,7.36211,8495.0,7.3631,8495
2025-01-10 21:00:00,7.36209,7.36393,7.33041,7.36114,8827.0,7.3624,8827
2025-01-12 22:00:00,7.35944,7.35944,7.35895,7.35927,5.0,7.3592,5
2025-01-12 23:00:00,7.35945,7.36104,7.35925,7.36035,56.0,7.3598,56
2025-01-13 00:00:00,7.36092,7.36301,7.35796,7.35947,2148.0,7.3611,2148
2025-01-13 01:00:00,7.35944,7.3598,7.35146,7.35176,4011.0,7.3543,4011
2025-01-13 02:00:00,7.35174,7.3622,7.35036,7.35417,10980.0,7.3525,10980
2025-01-13 03:00:00,7.35415,7.3581,7.35324,7.35766,9433.0,7.3552,9433
2025-01-13 04:00:00,7.35756,7.35941,7.35679,7.35757,6558.0,7.3578,6558
2025-01-13 05:00:00,7.35759,7.35836,7.35266,7.35383,8838.0,7.3556,8838
2025-01-13 06:00:00,7.35376,7.35456,7.35083,7.3521,10194.0,7.3528,10194
2025-01-13 07:00:00,7.35192,7.35465,7.35073,7.35234,11519.0,7.3526,11519
2025-01-13 08:00:00,7.35238,7.35563,7.35202,7.3536,14405.0,7.3537,14405
2025-01-13 09:00:00,7.35347,7.35894,7.35253,7.35756,14519.0,7.3561,14519
2025-01-13 10:00:00,7.35766,7.35869,7.35499,7.35856,11594.0,7.3568,11594
2025-01-13 11:00:00,7.35857,7.35944,7.35646,7.35802,10179.0,7.3585,10179
2025-01-13 12:00:00,7.35795,7.35895,7.35506,7.35555,12161.0,7.3566,12161
2025-01-13 13:00:00,7.35553,7.35656,7.35148,7.35306,14069.0,7.3542,14069
2025-01-13 14:00:00,7.3531,7.35593,7.3523,7.35473,14109.0,7.3538,14109
2025-01-13 15:00:00,7.35474,7.35548,7.35233,7.35301,14337.0,7.3542,14337
2025-01-13 16:00:00,7.35303,7.356,7.35,7.35188,12598.0,7.3515,12598
2025-01-13 17:00:00,7.3519,7.35334,7.35097,7.35129,9576.0,7.3522,9576
2025-01-13 18:00:00,7.35128,7.35291,7.35086,7.35244,7031.0,7.3518,7031
2025-01-13 19:00:00,7.35252,7.35381,7.35143,7.35377,7617.0,7.3527,7617
2025-01-13 20:00:00,7.35366,7.35395,7.35091,7.35101,9226.0,7.3524,9226
2025-01-13 21:00:00,7.35099,7.35132,7.34205,7.34317,7051.0,7.3493,7051
2025-01-13 22:00:00,7.34205,7.3488,7.33291,7.33833,2347.0,7.3398,2347
2025-01-13 23:00:00,7.34021,7.3422,7.33279,7.33859,7950.0,7.3367,7950
2025-01-15 00:00:00,7.34607,7.34734,7.3449,7.34589,7397.0,7.3461,7397
2025-01-15 01:00:00,7.34594,7.34851,7.34297,7.34802,10772.0,7.3462,10772
2025-01-15 02:00:00,7.34804,7.34943,7.3448,7.34809,9694.0,7.3483,9694
2025-01-15 03:00:00,7.34799,7.34889,7.3464,7.34755,6862.0,7.3478,6862
2025-01-15 04:00:00,7.34752,7.34882,7.3467,7.34724,5359.0,7.3478,5359
2025-01-15 05:00:00,7.34715,7.34795,7.34547,7.34741,8886.0,7.3469,8886
2025-01-15 06:00:00,7.34718,7.34758,7.34493,7.34595,9317.0,7.3463,9317
2025-01-15 07:00:00,7.34588,7.34801,7.34448,7.34561,12537.0,7.3467,12537
2025-01-15 08:00:00,7.34559,7.3483,7.3447,7.34768,11585.0,7.3468,11585
2025-01-15 09:00:00,7.34766,7.34782,7.34504,7.34565,10098.0,7.3465,10098
2025-01-15 10:00:00,7.34569,7.34713,7.34416,7.34667,9142.0,7.3457,9142
2025-01-15 11:00:00,7.34666,7.34705,7.3432,7.34534,8902.0,7.3453,8902
2025-01-15 12:00:00,7.34526,7.3455,7.34048,7.3431,10889.0,7.3425,10889
2025-01-15 13:00:00,7.34312,7.34397,7.33426,7.33901,16425.0,7.3406,16425
2025-01-15 14:00:00,7.33895,7.34229,7.3367,7.34159,18024.0,7.3396,18024
2025-01-15 15:00:00,7.34159,7.34593,7.33951,7.34451,16854.0,7.3426,16854
2025-01-15 16:00:00,7.34452,7.35138,7.34444,7.35047,16545.0,7.348,16545
2025-01-15 17:00:00,7.35045,7.35079,7.348,7.34933,9656.0,7.3495,9656
2025-01-15 18:00:00,7.34935,7.34964,7.3465,7.34692,7603.0,7.3478,7603
2025-01-15 19:00:00,7.34694,7.34928,7.34674,7.34816,5860.0,7.3482,5860
2025-01-15 20:00:00,7.34818,7.34876,7.34755,7.34799,5851.0,7.3482,5851
2025-01-15 21:00:00,7.34789,7.35009,7.33492,7.33612,9596.0,7.3477,9596
2025-01-15 22:00:00,7.33612,7.3485,7.33306,7.34454,1355.0,7.3457,1355
2025-01-15 23:00:00,7.34431,7.34815,7.34329,7.34619,2853.0,7.3463,2853
2025-01-16 00:00:00,7.34653,7.34872,7.34498,7.34534,7865.0,7.3469,7865
2025-01-16 01:00:00,7.34538,7.34785,7.34246,7.34467,13584.0,7.3452,13584
2025-01-16 02:00:00,7.34465,7.34882,7.34201,7.34862,12422.0,7.346,12422
2025-01-16 03:00:00,7.34866,7.35077,7.3467,7.34748,8673.0,7.3486,8673
2025-01-16 04:00:00,7.3475,7.34944,7.3454,7.34871,5930.0,7.348,5930
2025-01-16 05:00:00,7.34858,7.35107,7.34832,7.35076,9374.0,7.3501,9374
2025-01-16 06:00:00,7.35072,7.35191,7.34719,7.34735,11155.0,7.3497,11155
2025-01-16 07:00:00,7.34721,7.34869,7.34557,7.34691,11264.0,7.3471,11264
2025-01-16 08:00:00,7.34689,7.35023,7.34558,7.34834,12248.0,7.3481,12248
2025-01-16 09:00:00,7.34831,7.35116,7.34783,7.35011,10369.0,7.3493,10369
2025-01-16 10:00:00,7.35009,7.35063,7.3468,7.34788,8530.0,7.3489,8530
2025-01-16 11:00:00,7.34786,7.34819,7.34533,7.34629,8417.0,7.3467,8417
2025-01-16 12:00:00,7.34631,7.35014,7.3462,7.34859,10712.0,7.3484,10712
2025-01-16 13:00:00,7.34871,7.35079,7.34495,7.34732,15345.0,7.3481,15345
2025-01-16 14:00:00,7.34754,7.34982,7.346,7.34829,14779.0,7.3478,14779
2025-01-16 15:00:00,7.34825,7.3495,7.3429,7.34456,17130.0,7.3456,17130
2025-01-16 16:00:00,7.34454,7.3505,7.34267,7.3476,16443.0,7.3464,16443
2025-01-16 17:00:00,7.34764,7.34855,7.3435,7.34785,12675.0,7.3465,12675
2025-01-16 18:00:00,7.34783,7.34862,7.3457,7.34793,8357.0,7.3475,8357
2025-01-16 19:00:00,7.34791,7.34859,7.3465,7.34736,7215.0,7.3477,7215
2025-01-16 20:00:00,7.34734,7.34794,7.34456,7.3454,7869.0,7.3468,7869
2025-01-16 21:00:00,7.34538,7.3468,7.3297,7.34628,7068.0,7.346,7068
2025-01-16 22:00:00,7.34628,7.34709,7.33739,7.34323,786.0,7.3447,786
2025-01-16 23:00:00,7.34322,7.34718,7.34257,7.34692,3262.0,7.3462,3262
2025-01-17 00:00:00,7.3469,7.34787,7.34434,7.34504,8360.0,7.346,8360
2025-01-17 01:00:00,7.34536,7.34656,7.33894,7.33966,11335.0,7.3432,11335
2025-01-17 02:00:00,7.33964,7.34258,7.33646,7.34221,12374.0,7.3395,12374
2025-01-17 03:00:00,7.34223,7.3423,7.33941,7.34032,7228.0,7.3405,7228
2025-01-17 04:00:00,7.3403,7.34352,7.34014,7.34277,5881.0,7.342,5881
2025-01-17 05:00:00,7.34274,7.3446,7.33889,7.33993,8527.0,7.3429,8527
2025-01-17 06:00:00,7.33992,7.34644,7.33977,7.34437,9734.0,7.3432,9734
2025-01-17 07:00:00,7.34439,7.34527,7.34263,7.34483,10077.0,7.3441,10077
2025-01-17 08:00:00,7.34477,7.34794,7.344,7.34667,11152.0,7.3462,11152
2025-01-17 09:00:00,7.34659,7.35023,7.3454,7.34957,10822.0,7.3475,10822
2025-01-17 10:00:00,7.34956,7.35086,7.34814,7.34967,8281.0,7.3494,8281
2025-01-17 11:00:00,7.34971,7.35409,7.34869,7.3522,9583.0,7.3511,9583
2025-01-17 12:00:00,7.35217,7.35711,7.35187,7.35645,11736.0,7.3553,11736
2025-01-17 13:00:00,7.35645,7.3566,7.3473,7.35315,14395.0,7.354,14395
2025-01-17 14:00:00,7.35316,7.35767,7.33644,7.33912,18295.0,7.3479,18295
2025-01-17 15:00:00,7.33912,7.34191,7.3325,7.33785,18654.0,7.3381,18654
2025-01-17 16:00:00,7.33787,7.34284,7.33651,7.3404,14309.0,7.3396,14309
2025-01-17 17:00:00,7.34041,7.3478,7.33916,7.34499,10731.0,7.3418,10731
2025-01-17 18:00:00,7.34489,7.34603,7.3427,7.34455,8244.0,7.3448,8244
2025-01-17 19:00:00,7.34453,7.34586,7.3437,7.34523,6430.0,7.345,6430
2025-01-17 20:00:00,7.34541,7.34716,7.3444,7.34525,6564.0,7.3456,6564
2025-01-17 21:00:00,7.34519,7.34587,7.32771,7.33265,6008.0,7.3439,6008
2025-01-19 22:00:00,7.33243,7.33486,7.3312,7.3338,72.0,7.3329,72
2025-01-19 23:00:00,7.33506,7.33683,7.33188,7.33311,93.0,7.3348,93
2025-01-20 00:00:00,7.33331,7.33846,7.33302,7.33468,2393.0,7.3355,2393
2025-01-20 01:00:00,7.33441,7.33654,7.31815,7.32145,4352.0,7.3297,4352
2025-01-20 02:00:00,7.32148,7.32745,7.3211,7.32469,13166.0,7.3243,13166
2025-01-20 03:00:00,7.32467,7.32614,7.32144,7.32368,9910.0,7.3242,9910
2025-01-20 04:00:00,7.32362,7.32543,7.32322,7.32504,5716.0,7.3246,5716
2025-01-20 05:00:00,7.32494,7.32542,7.31946,7.32219,9284.0,7.3228,9284
2025-01-20 06:00:00,7.32234,7.32605,7.32206,7.32415,10821.0,7.3238,10821
2025-01-20 07:00:00,7.32413,7.32898,7.3237,7.32649,10007.0,7.3274,10007
2025-01-20 08:00:00,7.32655,7.32806,7.32406,7.32429,10008.0,7.3267,10008
2025-01-20 09:00:00,7.32433,7.32671,7.3223,7.32356,10980.0,7.3246,10980
2025-01-20 10:00:00,7.32347,7.32352,7.319,7.32212,9871.0,7.3217,9871
2025-01-20 11:00:00,7.3221,7.32278,7.31917,7.32013,8478.0,7.3208,8478
2025-01-20 12:00:00,7.32012,7.32317,7.31715,7.31785,9793.0,7.3197,9793
2025-01-20 13:00:00,7.31785,7.32157,7.28574,7.28574,15300.0,7.3089,15300
2025-01-20 14:00:00,7.28558,7.29362,7.26287,7.27638,19665.0,7.2795,19665
2025-01-20 15:00:00,7.27636,7.28448,7.26474,7.27524,18380.0,7.2748,18380
2025-01-20 16:00:00,7.27522,7.27825,7.26704,7.27309,12169.0,7.2727,12169
2025-01-20 17:00:00,7.27301,7.29198,7.23438,7.27783,13385.0,7.2792,13385
2025-01-20 18:00:00,7.27766,7.27973,7.27293,7.27341,7157.0,7.2771,7157
2025-01-20 19:00:00,7.27342,7.27759,7.26604,7.26653,8036.0,7.2742,8036
2025-01-20 20:00:00,7.26665,7.2681,7.2578,7.26345,9148.0,7.2645,9148
2025-01-20 21:00:00,7.26343,7.26528,7.24645,7.26256,4918.0,7.262,4918
2025-01-20 22:00:00,7.26256,7.26316,7.24645,7.26018,779.0,7.2611,779
2025-01-20 23:00:00,7.26067,7.26571,7.26017,7.26163,6699.0,7.2626,6699
2025-01-21 02:00:00,7.28112,7.28359,7.28013,7.28264,2753.0,7.2816,2753
2025-01-21 03:00:00,7.28247,7.28284,7.27427,7.27841,13800.0,7.2772,13800
2025-01-21 04:00:00,7.27843,7.27856,7.26683,7.27035,10335.0,7.2715,10335
2025-01-21 05:00:00,7.27036,7.27721,7.27005,7.27449,11841.0,7.2741,11841
2025-01-21 06:00:00,7.27451,7.28665,7.27391,7.28442,12913.0,7.2797,12913
2025-01-21 07:00:00,7.28447,7.28619,7.2761,7.2817,13353.0,7.2813,13353
2025-01-21 08:00:00,7.28174,7.29271,7.28159,7.28968,14896.0,7.2861,14896
2025-01-21 09:00:00,7.28965,7.2915,7.28611,7.28748,13658.0,7.289,13658
2025-01-21 10:00:00,7.28751,7.29351,7.28744,7.29189,12845.0,7.2913,12845
2025-01-21 11:00:00,7.29186,7.29637,7.28741,7.2899,12424.0,7.293,12424
2025-01-21 12:00:00,7.28996,7.29176,7.28563,7.28634,13696.0,7.2884,13696
2025-01-21 13:00:00,7.28632,7.28883,7.28268,7.28372,15321.0,7.2852,15321
2025-01-21 14:00:00,7.28372,7.285,7.27441,7.27676,17559.0,7.2792,17559
2025-01-21 15:00:00,7.27671,7.27851,7.26944,7.27188,18019.0,7.2739,18019
2025-01-21 16:00:00,7.27184,7.2722,7.26242,7.26269,15756.0,7.2667,15756
2025-01-21 17:00:00,7.26271,7.26371,7.2565,7.26061,13022.0,7.2602,13022
2025-01-21 18:00:00,7.26064,7.2631,7.25969,7.26185,9247.0,7.2613,9247
2025-01-21 19:00:00,7.26183,7.2695,7.2609,7.26917,8997.0,7.2659,8997
2025-01-21 20:00:00,7.26919,7.26963,7.266,7.26699,7091.0,7.2679,7091
2025-01-21 21:00:00,7.26697,7.2682,7.25774,7.26807,4127.0,7.2656,4127
2025-01-21 22:00:00,7.26807,7.26844,7.25384,7.25975,1997.0,7.2643,1997
2025-01-21 23:00:00,7.25994,7.28318,7.25983,7.28136,8996.0,7.2785,8996
2025-01-22 00:00:00,7.28109,7.28301,7.269,7.27039,13010.0,7.2737,13010
2025-01-22 01:00:00,7.27041,7.28151,7.27041,7.28038,13494.0,7.2767,13494
2025-01-22 02:00:00,7.28036,7.28561,7.27912,7.28149,12763.0,7.2823,12763
2025-01-22 03:00:00,7.28149,7.28556,7.28115,7.28383,8733.0,7.2828,8733
2025-01-22 04:00:00,7.28385,7.28498,7.28155,7.28411,7053.0,7.2832,7053
2025-01-22 05:00:00,7.28413,7.28848,7.28199,7.2856,10898.0,7.2859,10898
2025-01-22 06:00:00,7.28558,7.28986,7.28356,7.28743,12811.0,7.2871,12811
2025-01-22 07:00:00,7.28736,7.28797,7.28465,7.28616,11966.0,7.2862,11966
2025-01-22 08:00:00,7.2861,7.28638,7.2763,7.27716,15215.0,7.282,15215
2025-01-22 09:00:00,7.27716,7.27848,7.2721,7.27317,15087.0,7.2756,15087
2025-01-22 10:00:00,7.27318,7.27414,7.2662,7.26929,13503.0,7.2693,13503
2025-01-22 11:00:00,7.26926,7.27375,7.26441,7.2715,11711.0,7.2692,11711
2025-01-22 12:00:00,7.27138,7.27577,7.27024,7.27182,11726.0,7.2725,11726
2025-01-22 13:00:00,7.27186,7.27775,7.2703,7.27605,14126.0,7.2744,14126
2025-01-22 14:00:00,7.27606,7.28119,7.27367,7.27692,16132.0,7.278,16132
2025-01-22 15:00:00,7.27696,7.28325,7.27604,7.28212,15831.0,7.2792,15831
2025-01-22 16:00:00,7.28218,7.28573,7.27994,7.28164,12322.0,7.2825,12322
2025-01-22 17:00:00,7.28165,7.28179,7.2605,7.27977,9066.0,7.2803,9066
2025-01-22 18:00:00,7.27973,7.28109,7.2781,7.28021,8025.0,7.2795,8025
2025-01-22 19:00:00,7.28019,7.28062,7.279,7.27998,6840.0,7.2799,6840
2025-01-22 20:00:00,7.27994,7.28267,7.27954,7.28186,6537.0,7.2807,6537
2025-01-22 21:00:00,7.2819,7.28374,7.26899,7.27465,6157.0,7.2819,6157
2025-01-22 22:00:00,7.27465,7.28248,7.2744,7.28104,885.0,7.2807,885
2025-01-22 23:00:00,7.27979,7.28225,7.27922,7.28148,2923.0,7.2812,2923
2025-01-23 00:00:00,7.2812,7.28466,7.2797,7.28103,7967.0,7.2821,7967
2025-01-23 01:00:00,7.28079,7.28312,7.27105,7.28122,13807.0,7.2788,13807
2025-01-23 02:00:00,7.2812,7.28515,7.2802,7.28201,12727.0,7.2827,12727
2025-01-23 03:00:00,7.28204,7.28403,7.2806,7.28179,8184.0,7.2823,8184
2025-01-23 04:00:00,7.28165,7.28395,7.2808,7.28363,6966.0,7.2823,6966
2025-01-23 05:00:00,7.28353,7.28414,7.28142,7.28231,10329.0,7.283,10329
2025-01-23 06:00:00,7.28233,7.28887,7.28101,7.28878,11306.0,7.2832,11306
2025-01-23 07:00:00,7.28898,7.29091,7.28713,7.29016,13077.0,7.289,13077
2025-01-23 08:00:00,7.2902,7.29463,7.2901,7.29347,13289.0,7.2928,13289
2025-01-23 09:00:00,7.29345,7.29405,7.29009,7.29149,12449.0,7.292,12449
2025-01-23 10:00:00,7.29151,7.29219,7.2891,7.29158,10089.0,7.2909,10089
2025-01-23 11:00:00,7.29159,7.29231,7.28887,7.29092,8999.0,7.2904,8999
2025-01-23 12:00:00,7.29089,7.29391,7.29061,7.29223,10608.0,7.2924,10608
2025-01-23 13:00:00,7.29228,7.29246,7.2876,7.29238,14461.0,7.2908,14461
2025-01-23 14:00:00,7.29228,7.29303,7.28918,7.29183,15081.0,7.2911,15081
2025-01-23 15:00:00,7.29182,7.29442,7.2895,7.29331,15067.0,7.2921,15067
2025-01-23 16:00:00,7.29333,7.29816,7.28402,7.28487,18607.0,7.2896,18607
2025-01-23 17:00:00,7.28489,7.28726,7.2804,7.28172,13600.0,7.2844,13600
2025-01-23 18:00:00,7.28177,7.28591,7.2809,7.28534,10227.0,7.2833,10227
2025-01-23 19:00:00,7.28541,7.2864,7.28372,7.28508,8484.0,7.2851,8484
2025-01-23 20:00:00,7.28508,7.28834,7.2831,7.28773,9102.0,7.2858,9102
2025-01-23 21:00:00,7.28752,7.2903,7.27961,7.28738,12940.0,7.2883,12940
2025-01-23 22:00:00,7.28738,7.28738,7.26904,7.2849,1969.0,7.2835,1969
2025-01-23 23:00:00,7.28418,7.28587,7.28052,7.28293,6721.0,7.2834,6721
2025-01-24 00:00:00,7.28293,7.28418,7.27937,7.28155,10457.0,7.2814,10457
2025-01-24 01:00:00,7.28172,7.28829,7.28118,7.28286,11448.0,7.2844,11448
2025-01-24 02:00:00,7.28282,7.2832,7.25062,7.25261,18151.0,7.2688,18151
2025-01-24 03:00:00,7.2528,7.2622,7.25251,7.25832,16218.0,7.2583,16218
2025-01-24 04:00:00,7.25836,7.25934,7.24767,7.2514,12829.0,7.2532,12829
2025-01-24 05:00:00,7.25144,7.252,7.2387,7.24082,13738.0,7.2455,13738
2025-01-24 06:00:00,7.2408,7.2557,7.23847,7.25233,16196.0,7.2456,16196
2025-01-24 07:00:00,7.25231,7.25734,7.2476,7.2534,17011.0,7.2524,17011
2025-01-24 08:00:00,7.25364,7.25412,7.23929,7.24449,17596.0,7.2451,17596
2025-01-24 09:00:00,7.24448,7.24639,7.23432,7.24152,16545.0,7.2418,16545
2025-01-24 10:00:00,7.24146,7.24851,7.23688,7.24817,13576.0,7.243,13576
2025-01-24 11:00:00,7.24816,7.25232,7.2477,7.25152,11686.0,7.2501,11686
2025-01-24 12:00:00,7.25154,7.25434,7.24901,7.2513,11665.0,7.2514,11665
2025-01-24 13:00:00,7.25145,7.25415,7.24649,7.24882,14870.0,7.2503,14870
2025-01-24 14:00:00,7.24884,7.2532,7.24664,7.25012,15759.0,7.2506,15759
2025-01-24 15:00:00,7.2498,7.25166,7.23995,7.24069,17958.0,7.2457,17958
2025-01-24 16:00:00,7.24092,7.24263,7.23552,7.24056,15774.0,7.2396,15774
2025-01-24 17:00:00,7.24062,7.24264,7.2374,7.2426,10691.0,7.2397,10691
2025-01-24 18:00:00,7.24256,7.24405,7.24152,7.24304,9170.0,7.2428,9170
2025-01-24 19:00:00,7.24302,7.24418,7.2423,7.24335,7480.0,7.2433,7480
2025-01-24 20:00:00,7.24333,7.2448,7.2423,7.24281,10006.0,7.2438,10006
2025-01-24 21:00:00,7.24275,7.24481,7.20454,7.21335,13848.0,7.2431,13848
2025-01-26 22:00:00,7.24694,7.24696,7.23912,7.24471,84.0,7.2438,84
2025-01-26 23:00:00,7.24616,7.26266,7.24494,7.26085,96.0,7.2568,96
2025-01-27 00:00:00,7.26224,7.26261,7.25126,7.25319,2660.0,7.2549,2660
2025-01-27 01:00:00,7.25322,7.26796,7.25095,7.26586,4473.0,7.259,4473
2025-01-27 02:00:00,7.26592,7.27001,7.243,7.26782,12353.0,7.2668,12353
2025-01-27 03:00:00,7.26783,7.26879,7.25916,7.26673,11072.0,7.2654,11072
2025-01-27 04:00:00,7.26675,7.26918,7.26526,7.26753,8362.0,7.2673,8362
2025-01-27 05:00:00,7.26734,7.27358,7.26646,7.27272,11137.0,7.2691,11137
2025-01-27 06:00:00,7.2727,7.27371,7.26743,7.27229,11938.0,7.2702,11938
2025-01-27 07:00:00,7.27227,7.27718,7.26901,7.2729,13568.0,7.2721,13568
2025-01-27 08:00:00,7.27293,7.27442,7.2617,7.26235,15752.0,7.2694,15752
2025-01-27 09:00:00,7.26236,7.26468,7.25722,7.2612,17355.0,7.2618,17355
2025-01-27 10:00:00,7.26119,7.26119,7.24975,7.25081,17724.0,7.2555,17724
2025-01-27 11:00:00,7.25089,7.25571,7.24654,7.25259,17484.0,7.2505,17484
2025-01-27 12:00:00,7.25263,7.253,7.2398,7.24196,16527.0,7.2465,16527
2025-01-27 13:00:00,7.24194,7.24771,7.23823,7.24109,16980.0,7.2429,16980
2025-01-27 14:00:00,7.24101,7.24606,7.23967,7.24519,17044.0,7.2432,17044
2025-01-27 15:00:00,7.24522,7.25068,7.24296,7.24729,17421.0,7.2468,17421
2025-01-27 16:00:00,7.24727,7.24849,7.24324,7.24681,14831.0,7.246,14831
2025-01-27 17:00:00,7.24665,7.24969,7.2454,7.24871,12228.0,7.2479,12228
2025-01-27 18:00:00,7.24881,7.25264,7.24804,7.25127,11164.0,7.2505,11164
2025-01-27 19:00:00,7.25125,7.25375,7.25055,7.25059,11135.0,7.2517,11135
2025-01-27 20:00:00,7.25057,7.25163,7.2494,7.25042,11346.0,7.2505,11346
2025-01-27 21:00:00,7.2504,7.25218,7.24257,7.24822,12845.0,7.2496,12845
2025-01-27 22:00:00,7.25143,7.25389,7.23452,7.24911,1016.0,7.2497,1016
2025-01-27 23:00:00,7.24692,7.27961,7.24692,7.27411,9290.0,7.2698,9290
2025-01-28 00:00:00,7.27409,7.27811,7.26892,7.27162,11865.0,7.2732,11865
2025-01-28 01:00:00,7.27164,7.27589,7.26653,7.2747,12172.0,7.2703,12172
2025-01-28 02:00:00,7.2749,7.28237,7.2725,7.28107,14372.0,7.2774,14372
2025-01-28 03:00:00,7.28097,7.28366,7.27944,7.28324,10822.0,7.282,10822
2025-01-28 04:00:00,7.28322,7.28476,7.27919,7.27967,8996.0,7.2823,8996
2025-01-28 05:00:00,7.27966,7.27979,7.2757,7.27852,8571.0,7.2777,8571
2025-01-28 06:00:00,7.2786,7.28182,7.27593,7.2803,9237.0,7.2784,9237
2025-01-28 07:00:00,7.28028,7.28475,7.2761,7.28334,12409.0,7.2807,12409
2025-01-28 08:00:00,7.28334,7.28584,7.28231,7.28402,14109.0,7.2838,14109
2025-01-28 09:00:00,7.28404,7.28572,7.2787,7.27943,13299.0,7.2822,13299
2025-01-28 10:00:00,7.27945,7.27957,7.273,7.27822,11429.0,7.2763,11429
2025-01-28 11:00:00,7.27801,7.27823,7.27186,7.27259,10530.0,7.2748,10530
2025-01-28 12:00:00,7.27243,7.27704,7.27134,7.27386,12971.0,7.2748,12971
2025-01-28 13:00:00,7.27384,7.27627,7.27132,7.2747,13030.0,7.2742,13030
2025-01-28 14:00:00,7.27474,7.2757,7.27019,7.27152,14699.0,7.2724,14699
2025-01-28 15:00:00,7.27149,7.27961,7.27046,7.27853,15095.0,7.2738,15095
2025-01-28 16:00:00,7.27853,7.27908,7.2749,7.27706,12409.0,7.2768,12409
2025-01-28 17:00:00,7.27686,7.27961,7.27478,7.27643,9105.0,7.277,9105
2025-01-28 18:00:00,7.27641,7.28317,7.27328,7.27973,9977.0,7.2773,9977
2025-01-28 19:00:00,7.27971,7.28185,7.27586,7.27682,8446.0,7.2794,8446
2025-01-28 20:00:00,7.27697,7.27945,7.27414,7.27845,9367.0,7.2762,9367
2025-01-28 21:00:00,7.27843,7.27888,7.25538,7.25538,15280.0,7.2754,15280
2025-01-28 22:00:00,7.25538,7.27466,7.24281,7.27365,1018.0,7.2722,1018
2025-01-28 23:00:00,7.2724,7.27694,7.27142,7.27549,3748.0,7.2739,3748
2025-01-29 00:00:00,7.27643,7.27761,7.27317,7.27391,7222.0,7.2749,7222
2025-01-29 01:00:00,7.27397,7.27755,7.27271,7.27381,7177.0,7.2753,7177
2025-01-29 02:00:00,7.27383,7.27484,7.26625,7.26865,8516.0,7.2712,8516
2025-01-29 03:00:00,7.26863,7.26945,7.2611,7.26195,9745.0,7.2642,9745
2025-01-29 04:00:00,7.26197,7.26305,7.25998,7.26237,7558.0,7.2615,7558
2025-01-29 05:00:00,7.26217,7.26532,7.2583,7.25939,6720.0,7.2624,6720
2025-01-29 06:00:00,7.25937,7.26069,7.25611,7.25975,9189.0,7.259,9189
2025-01-29 07:00:00,7.25973,7.26825,7.25967,7.26664,11385.0,7.2639,11385
2025-01-29 08:00:00,7.26664,7.27071,7.2626,7.26882,11730.0,7.2656,11730
2025-01-29 09:00:00,7.26884,7.27669,7.26817,7.276,13220.0,7.2739,13220
2025-01-29 10:00:00,7.27602,7.28053,7.27078,7.27106,10599.0,7.2752,10599
2025-01-29 11:00:00,7.27102,7.27224,7.26743,7.2683,10576.0,7.2694,10576
2025-01-29 12:00:00,7.26828,7.2726,7.26746,7.2695,11282.0,7.2706,11282
2025-01-29 13:00:00,7.2695,7.27624,7.26886,7.27491,13942.0,7.2731,13942
2025-01-29 14:00:00,7.27487,7.27538,7.27123,7.27126,12182.0,7.2737,12182
2025-01-29 15:00:00,7.27124,7.275,7.25986,7.26207,15933.0,7.2693,15933
2025-01-29 16:00:00,7.26209,7.26547,7.2599,7.26293,14941.0,7.2628,14941
2025-01-29 17:00:00,7.26297,7.26904,7.26101,7.26444,12869.0,7.2641,12869
2025-01-29 18:00:00,7.26432,7.26819,7.26267,7.26426,9817.0,7.2665,9817
2025-01-29 19:00:00,7.26538,7.27453,7.26174,7.26483,17316.0,7.2688,17316
2025-01-29 20:00:00,7.26487,7.26855,7.26216,7.26666,13438.0,7.2649,13438
2025-01-29 21:00:00,7.26666,7.26813,7.25175,7.26639,13276.0,7.2648,13276
2025-01-29 22:00:00,7.26639,7.27009,7.25175,7.26215,85.0,7.2657,85
2025-01-29 23:00:00,7.2633,7.26593,7.26174,7.2655,676.0,7.2643,676
2025-01-30 00:00:00,7.26551,7.26596,7.26236,7.26443,2687.0,7.2638,2687
2025-01-30 01:00:00,7.26433,7.26751,7.26354,7.26698,2986.0,7.2657,2986
2025-01-30 02:00:00,7.26699,7.26806,7.26333,7.26419,10989.0,7.2651,10989
2025-01-30 03:00:00,7.264,7.26471,7.26036,7.26082,10722.0,7.2628,10722
2025-01-30 04:00:00,7.26084,7.2649,7.25915,7.26365,7216.0,7.2623,7216
2025-01-30 05:00:00,7.26369,7.26447,7.26189,7.26286,6625.0,7.2631,6625
2025-01-30 06:00:00,7.26287,7.26785,7.2618,7.26541,7723.0,7.2657,7723
2025-01-30 07:00:00,7.26564,7.26578,7.26001,7.26077,8850.0,7.2636,8850
2025-01-30 08:00:00,7.26111,7.2627,7.25831,7.26086,11632.0,7.2608,11632
2025-01-30 09:00:00,7.26046,7.26643,7.26011,7.26582,11299.0,7.2634,11299
2025-01-30 10:00:00,7.26598,7.26874,7.26562,7.2683,9394.0,7.2671,9394
2025-01-30 11:00:00,7.26832,7.2703,7.26786,7.26971,8249.0,7.2691,8249
2025-01-30 12:00:00,7.26969,7.26981,7.26682,7.26839,9981.0,7.2685,9981
2025-01-30 13:00:00,7.26858,7.26929,7.26101,7.26393,14637.0,7.2668,14637
2025-01-30 14:00:00,7.26399,7.26833,7.2626,7.26755,16435.0,7.2661,16435
2025-01-30 15:00:00,7.26748,7.2689,7.26544,7.26823,14887.0,7.2668,14887
2025-01-30 16:00:00,7.26832,7.27011,7.2664,7.26917,12034.0,7.2683,12034
2025-01-30 17:00:00,7.26915,7.27493,7.26915,7.27372,11614.0,7.2727,11614
2025-01-30 18:00:00,7.27355,7.27496,7.2712,7.27269,6711.0,7.2728,6711
2025-01-30 19:00:00,7.27266,7.27323,7.27052,7.27092,6582.0,7.2721,6582
2025-01-30 20:00:00,7.2709,7.28766,7.26977,7.2772,12232.0,7.2758,12232
2025-01-30 21:00:00,7.27724,7.29398,7.27484,7.29301,9720.0,7.2877,9720
2025-01-30 22:00:00,7.29301,7.29446,7.2886,7.29399,737.0,7.2932,737
2025-01-30 23:00:00,7.29403,7.29411,7.28187,7.28579,788.0,7.2887,788
2025-01-31 00:00:00,7.28537,7.29452,7.28276,7.29311,3142.0,7.2891,3142
2025-01-31 01:00:00,7.29335,7.29543,7.28746,7.29281,3447.0,7.2904,3447
2025-01-31 02:00:00,7.29278,7.29392,7.2865,7.29371,11468.0,7.2905,11468
2025-01-31 03:00:00,7.29392,7.29788,7.29307,7.29686,9643.0,7.2955,9643
2025-01-31 04:00:00,7.29699,7.29881,7.29665,7.29786,6531.0,7.2977,6531
2025-01-31 05:00:00,7.2979,7.30568,7.2969,7.30255,9609.0,7.3004,9609
2025-01-31 06:00:00,7.30253,7.30384,7.29942,7.29997,8876.0,7.3013,8876
2025-01-31 07:00:00,7.29999,7.30088,7.29471,7.29584,12231.0,7.2971,12231
2025-01-31 08:00:00,7.2958,7.29932,7.29539,7.29597,11375.0,7.2972,11375
2025-01-31 09:00:00,7.29627,7.3048,7.29581,7.2988,13575.0,7.3008,13575
2025-01-31 10:00:00,7.29884,7.30221,7.29725,7.30138,10748.0,7.2999,10748
2025-01-31 11:00:00,7.3014,7.30403,7.3002,7.30126,10533.0,7.3023,10533
2025-01-31 12:00:00,7.30124,7.30171,7.29638,7.29712,10265.0,7.2991,10265
2025-01-31 13:00:00,7.29709,7.29726,7.29269,7.29346,15661.0,7.2949,15661
2025-01-31 14:00:00,7.29346,7.29822,7.29135,7.29398,16111.0,7.2953,16111
2025-01-31 15:00:00,7.29395,7.29904,7.29008,7.29165,17003.0,7.2953,17003
2025-01-31 16:00:00,7.29162,7.29432,7.28703,7.28703,14264.0,7.2909,14264
2025-01-31 17:00:00,7.28742,7.29184,7.27457,7.29011,17265.0,7.2849,17265
2025-01-31 18:00:00,7.29007,7.31647,7.2874,7.31174,17052.0,7.3052,17052
2025-01-31 19:00:00,7.31188,7.31496,7.30938,7.31325,14618.0,7.312,14618
2025-01-31 20:00:00,7.31321,7.3309,7.30847,7.32269,13728.0,7.3145,13728
2025-01-31 21:00:00,7.32257,7.32342,7.31053,7.32191,9211.0,7.3163,9211
2025-02-02 22:00:00,7.35424,7.36587,7.34883,7.35817,101.0,7.3574,101
2025-02-02 23:00:00,7.35876,7.36245,7.35545,7.35545,100.0,7.3595,100
2025-02-03 00:00:00,7.35504,7.36071,7.3493,7.35388,3807.0,7.3552,3807
2025-02-03 01:00:00,7.35382,7.35516,7.34579,7.35423,4155.0,7.3512,4155
2025-02-03 02:00:00,7.35413,7.36037,7.3186,7.3546,15599.0,7.3549,15599
2025-02-03 03:00:00,7.35454,7.35866,7.35426,7.35539,13000.0,7.3565,13000
2025-02-03 04:00:00,7.35537,7.35553,7.34031,7.34511,15263.0,7.3449,15263
2025-02-03 05:00:00,7.34516,7.34541,7.33734,7.34298,14731.0,7.3418,14731
2025-02-03 06:00:00,7.34292,7.343,7.33674,7.33888,13099.0,7.3394,13099
2025-02-03 07:00:00,7.3389,7.34384,7.33569,7.34361,15626.0,7.3408,15626
2025-02-03 08:00:00,7.3437,7.34895,7.3392,7.3413,16071.0,7.3429,16071
2025-02-03 09:00:00,7.34128,7.34472,7.33702,7.3437,14143.0,7.3407,14143
2025-02-03 10:00:00,7.34371,7.34809,7.34107,7.34618,12695.0,7.3448,12695
2025-02-03 11:00:00,7.34609,7.35036,7.34365,7.34423,12589.0,7.347,12589
2025-02-03 12:00:00,7.34425,7.34529,7.33405,7.34046,15342.0,7.34,15342
2025-02-03 13:00:00,7.34023,7.34119,7.33024,7.33766,12382.0,7.338,12382
2025-02-03 14:00:00,7.33769,7.34077,7.33256,7.33742,17307.0,7.3365,17307
2025-02-03 15:00:00,7.33856,7.34214,7.31988,7.32919,19544.0,7.3323,19544
2025-02-03 16:00:00,7.32917,7.33266,7.32018,7.33108,19911.0,7.3276,19911
2025-02-03 17:00:00,7.33107,7.33408,7.32236,7.32977,16001.0,7.3304,16001
2025-02-03 18:00:00,7.32971,7.33287,7.32438,7.32877,13713.0,7.328,13713
2025-02-03 19:00:00,7.32842,7.32881,7.32246,7.32625,10407.0,7.3255,10407
2025-02-03 20:00:00,7.32623,7.32698,7.3123,7.31493,11963.0,7.3196,11963
2025-02-03 21:00:00,7.31507,7.32194,7.2949,7.31172,8763.0,7.3113,8763
2025-02-03 22:00:00,7.31172,7.31189,7.30265,7.30465,564.0,7.3077,564
2025-02-03 23:00:00,7.303,7.30952,7.29999,7.30881,765.0,7.3047,765
2025-02-04 00:00:00,7.30836,7.31523,7.30657,7.31375,2820.0,7.3121,2820
2025-02-04 01:00:00,7.3139,7.32256,7.3084,7.3084,3574.0,7.3157,3574
2025-02-04 02:00:00,7.30848,7.31303,7.3007,7.30384,13283.0,7.3085,13283
2025-02-04 03:00:00,7.30402,7.31233,7.30214,7.30865,11776.0,7.307,11776
2025-02-04 04:00:00,7.30865,7.31594,7.3065,7.31576,8926.0,7.3094,8926
2025-02-04 05:00:00,7.31574,7.33653,7.31525,7.32393,16881.0,7.3255,16881
2025-02-04 06:00:00,7.32389,7.32397,7.31462,7.31701,12375.0,7.3185,12375
2025-02-04 07:00:00,7.31706,7.32019,7.30142,7.30895,14091.0,7.3128,14091
2025-02-04 08:00:00,7.309,7.31021,7.28514,7.29575,17590.0,7.3006,17590
2025-02-04 09:00:00,7.29573,7.29607,7.28618,7.29014,16264.0,7.2919,16264
2025-02-04 10:00:00,7.29026,7.29479,7.28718,7.29044,16471.0,7.2907,16471
2025-02-04 11:00:00,7.2902,7.2985,7.28992,7.29832,17097.0,7.295,17097
2025-02-04 12:00:00,7.29831,7.30256,7.29485,7.29538,17560.0,7.2977,17560
2025-02-04 13:00:00,7.29533,7.29643,7.2881,7.28902,17169.0,7.2928,17169
2025-02-04 14:00:00,7.28904,7.29194,7.28273,7.28507,16710.0,7.2879,16710
2025-02-04 15:00:00,7.28509,7.28895,7.27623,7.27785,19013.0,7.2818,19013
2025-02-04 16:00:00,7.27781,7.28364,7.27425,7.28296,15121.0,7.2793,15121
2025-02-04 17:00:00,7.28294,7.29294,7.28264,7.28728,15010.0,7.2881,15010
2025-02-04 18:00:00,7.28702,7.28727,7.28161,7.28489,10588.0,7.2844,10588
2025-02-04 19:00:00,7.28487,7.28882,7.28138,7.28414,8391.0,7.2852,8391
2025-02-04 20:00:00,7.28406,7.28891,7.28404,7.28776,8164.0,7.287,8164
2025-02-04 21:00:00,7.28784,7.2888,7.28502,7.28696,6524.0,7.2873,6524
2025-02-04 22:00:00,7.28696,7.28844,7.283,7.28665,338.0,7.2868,338
2025-02-04 23:00:00,7.2861,7.28896,7.28195,7.28869,699.0,7.288,699
2025-02-05 00:00:00,7.28828,7.29501,7.2832,7.28679,2730.0,7.2886,2730
2025-02-05 01:00:00,7.28652,7.29514,7.2771,7.29345,4805.0,7.2874,4805
2025-02-05 02:00:00,7.29334,7.29432,7.28572,7.2908,13691.0,7.2895,13691
2025-02-05 03:00:00,7.29084,7.29269,7.2872,7.2881,9891.0,7.2904,9891
2025-02-05 04:00:00,7.28804,7.29146,7.28772,7.29015,6829.0,7.2897,6829
2025-02-05 05:00:00,7.29007,7.29175,7.28651,7.28672,10108.0,7.2889,10108
2025-02-05 06:00:00,7.28674,7.28842,7.28184,7.28741,12732.0,7.2848,12732
2025-02-05 07:00:00,7.28743,7.28934,7.26862,7.2766,16253.0,7.2785,16253
2025-02-05 08:00:00,7.27664,7.28193,7.26912,7.27643,16308.0,7.275,16308
2025-02-05 09:00:00,7.27647,7.27703,7.271,7.27659,13596.0,7.274,13596
2025-02-05 10:00:00,7.27666,7.27729,7.27084,7.27484,11522.0,7.2741,11522
2025-02-05 11:00:00,7.27485,7.27798,7.2737,7.27513,9566.0,7.2758,9566
2025-02-05 12:00:00,7.27515,7.27925,7.27501,7.27901,9421.0,7.2772,9421
2025-02-05 13:00:00,7.27901,7.2828,7.2748,7.28113,16337.0,7.2801,16337
2025-02-05 14:00:00,7.28115,7.28424,7.27764,7.27925,16038.0,7.2806,16038
2025-02-05 15:00:00,7.27858,7.27884,7.27117,7.27426,17579.0,7.2747,17579
2025-02-05 16:00:00,7.27449,7.27787,7.2715,7.27561,13920.0,7.2752,13920
2025-02-05 17:00:00,7.27557,7.27847,7.27388,7.27768,10641.0,7.2768,10641
2025-02-05 18:00:00,7.27766,7.2795,7.27624,7.27869,7671.0,7.2778,7671
2025-02-05 19:00:00,7.27857,7.28204,7.278,7.2816,8323.0,7.2805,8323
2025-02-05 20:00:00,7.28166,7.28391,7.28154,7.28315,7772.0,7.283,7772
2025-02-05 21:00:00,7.28333,7.28378,7.27626,7.28154,6615.0,7.2823,6615
2025-02-05 22:00:00,7.28154,7.28154,7.27495,7.27665,426.0,7.2797,426
2025-02-05 23:00:00,7.2802,7.28396,7.27549,7.28348,720.0,7.2818,720
2025-02-06 00:00:00,7.28362,7.28437,7.27933,7.2822,2634.0,7.2822,2634
2025-02-06 01:00:00,7.28219,7.2834,7.2751,7.27828,3847.0,7.2798,3847
2025-02-06 02:00:00,7.27832,7.28564,7.27698,7.28361,13123.0,7.2816,13123
2025-02-06 03:00:00,7.28363,7.28755,7.2819,7.28675,9553.0,7.2845,9553
2025-02-06 04:00:00,7.28677,7.28978,7.2856,7.28953,7334.0,7.2877,7334
2025-02-06 05:00:00,7.28962,7.29049,7.28471,7.28642,9326.0,7.2874,9326
2025-02-06 06:00:00,7.28644,7.28953,7.28525,7.2861,11179.0,7.2869,11179
2025-02-06 07:00:00,7.2865,7.29014,7.2842,7.28912,17072.0,7.2874,17072
2025-02-06 08:00:00,7.28914,7.29709,7.28904,7.29208,17546.0,7.2927,17546
2025-02-06 09:00:00,7.29203,7.29987,7.29113,7.29556,12260.0,7.2954,12260
2025-02-06 10:00:00,7.29561,7.29636,7.29232,7.29323,9892.0,7.2943,9892
2025-02-06 11:00:00,7.29321,7.29386,7.2898,7.29156,9954.0,7.2919,9954
2025-02-06 12:00:00,7.29158,7.29513,7.28996,7.29419,14704.0,7.2928,14704
2025-02-06 13:00:00,7.29421,7.29617,7.2913,7.29393,15013.0,7.2941,15013
2025-02-06 14:00:00,7.29394,7.29468,7.2864,7.29197,15134.0,7.2912,15134
2025-02-06 15:00:00,7.29197,7.29219,7.2877,7.29005,15765.0,7.2896,15765
2025-02-06 16:00:00,7.29001,7.29084,7.252,7.29054,11771.0,7.2892,11771
2025-02-06 17:00:00,7.29056,7.29116,7.28646,7.28656,9260.0,7.2886,9260
2025-02-06 18:00:00,7.28656,7.28848,7.28245,7.28403,11423.0,7.2851,11423
2025-02-06 19:00:00,7.28411,7.28599,7.2831,7.28473,7264.0,7.2844,7264
2025-02-06 20:00:00,7.28477,7.28613,7.28406,7.28529,6455.0,7.2851,6455
2025-02-06 21:00:00,7.28535,7.28893,7.28448,7.28859,5617.0,7.287,5617
2025-02-06 22:00:00,7.28859,7.28939,7.28257,7.28912,657.0,7.2889,657
2025-02-06 23:00:00,7.2883,7.28936,7.28254,7.28727,724.0,7.2876,724
2025-02-07 00:00:00,7.28669,7.28801,7.28436,7.28781,2529.0,7.2861,2529
2025-02-07 01:00:00,7.28768,7.29385,7.28713,7.28928,3702.0,7.2902,3702
2025-02-07 02:00:00,7.28935,7.29292,7.2882,7.29136,11695.0,7.2903,11695
2025-02-07 03:00:00,7.29123,7.29163,7.28351,7.28925,10204.0,7.2883,10204
2025-02-07 04:00:00,7.28923,7.29078,7.28795,7.28906,5707.0,7.2894,5707
2025-02-07 05:00:00,7.28908,7.29399,7.28881,7.29293,9642.0,7.291,9642
2025-02-07 06:00:00,7.29291,7.29436,7.28975,7.29069,9468.0,7.2917,9468
2025-02-07 07:00:00,7.29065,7.29188,7.28923,7.29073,9146.0,7.2906,9146
2025-02-07 08:00:00,7.29074,7.29104,7.2875,7.28759,10021.0,7.2894,10021
2025-02-07 09:00:00,7.28774,7.29045,7.28675,7.28994,9650.0,7.2882,9650
2025-02-07 10:00:00,7.29007,7.29298,7.28959,7.29209,9591.0,7.2916,9591
2025-02-07 11:00:00,7.29211,7.29418,7.2918,7.2929,7842.0,7.2929,7842
2025-02-07 12:00:00,7.29288,7.29432,7.29206,7.2928,8286.0,7.2933,8286
2025-02-07 13:00:00,7.29282,7.29841,7.28035,7.29664,16268.0,7.294,16268
2025-02-07 14:00:00,7.29663,7.29691,7.28875,7.29192,17023.0,7.2928,17023
2025-02-07 15:00:00,7.29202,7.31021,7.2911,7.3052,18451.0,7.2956,18451
2025-02-07 16:00:00,7.30519,7.31039,7.29763,7.30845,19099.0,7.3066,19099
2025-02-07 17:00:00,7.30841,7.3116,7.29836,7.30883,16400.0,7.307,16400
2025-02-07 18:00:00,7.30891,7.30945,7.30348,7.30508,10442.0,7.3058,10442
2025-02-07 19:00:00,7.30504,7.30592,7.30046,7.30267,9011.0,7.3038,9011
2025-02-07 20:00:00,7.30265,7.30475,7.3017,7.30332,8438.0,7.3031,8438
2025-02-07 21:00:00,7.30327,7.30537,7.29896,7.30414,7124.0,7.3033,7124
2025-02-09 22:00:00,7.31244,7.31482,7.31062,7.31224,68.0,7.3122,68
2025-02-09 23:00:00,7.31233,7.31391,7.31065,7.31373,93.0,7.3119,93
2025-02-10 00:00:00,7.31417,7.31418,7.30604,7.30681,2596.0,7.3095,2596
2025-02-10 01:00:00,7.3067,7.31348,7.30387,7.31074,3955.0,7.3087,3955
2025-02-10 02:00:00,7.31067,7.31549,7.3031,7.31377,11840.0,7.3132,11840
2025-02-10 03:00:00,7.31375,7.31445,7.31191,7.31231,8091.0,7.3129,8091
2025-02-10 04:00:00,7.31239,7.31327,7.31042,7.31313,6759.0,7.3119,6759
2025-02-10 05:00:00,7.31313,7.31462,7.31078,7.31407,8770.0,7.3126,8770
2025-02-10 06:00:00,7.31409,7.31419,7.30864,7.31065,10165.0,7.3126,10165
2025-02-10 07:00:00,7.31065,7.3147,7.30848,7.31297,14460.0,7.3111,14460
2025-02-10 08:00:00,7.31301,7.31757,7.31236,7.31243,16335.0,7.3147,16335
2025-02-10 09:00:00,7.31245,7.31347,7.30706,7.30836,12911.0,7.3098,12911
2025-02-10 10:00:00,7.30839,7.31017,7.30761,7.30974,9337.0,7.3088,9337
2025-02-10 11:00:00,7.31001,7.31114,7.30651,7.31078,9617.0,7.3096,9617
2025-02-10 12:00:00,7.31082,7.31268,7.3098,7.31147,9311.0,7.3113,9311
2025-02-10 13:00:00,7.31146,7.31157,7.3081,7.30938,11182.0,7.3097,11182
2025-02-10 14:00:00,7.30945,7.31312,7.30895,7.31246,12312.0,7.3107,12312
2025-02-10 15:00:00,7.31238,7.31288,7.30705,7.30745,12848.0,7.3103,12848
2025-02-10 16:00:00,7.30755,7.31219,7.3062,7.31032,12119.0,7.3098,12119
2025-02-10 17:00:00,7.31034,7.312,7.3092,7.31089,7706.0,7.3107,7706
2025-02-10 18:00:00,7.31067,7.31235,7.3091,7.31145,6683.0,7.3105,6683
2025-02-10 19:00:00,7.31143,7.31201,7.3097,7.31086,5395.0,7.3111,5395
2025-02-10 20:00:00,7.31087,7.31248,7.3101,7.31148,4869.0,7.3113,4869
2025-02-10 21:00:00,7.3115,7.31183,7.30773,7.3106,3959.0,7.3092,3959
2025-02-10 22:00:00,7.3106,7.31131,7.3066,7.31111,413.0,7.3091,413
2025-02-10 23:00:00,7.3077,7.314,7.30705,7.31234,710.0,7.3122,710
2025-02-11 00:00:00,7.31143,7.3137,7.31045,7.31066,2221.0,7.3121,2221
2025-02-11 01:00:00,7.31067,7.31446,7.30997,7.31152,3113.0,7.3121,3113
2025-02-11 02:00:00,7.31154,7.31377,7.3106,7.31301,11179.0,7.3125,11179
2025-02-11 03:00:00,7.31289,7.31324,7.30889,7.31039,9215.0,7.3112,9215
2025-02-11 04:00:00,7.31045,7.31045,7.30796,7.30903,5999.0,7.3092,5999
2025-02-11 05:00:00,7.30905,7.31152,7.30761,7.31018,8087.0,7.3094,8087
2025-02-11 06:00:00,7.31028,7.31034,7.30537,7.30903,10885.0,7.3083,10885
2025-02-11 07:00:00,7.30905,7.31109,7.3082,7.3102,11090.0,7.3098,11090
2025-02-11 08:00:00,7.3102,7.3103,7.30666,7.30823,11439.0,7.3084,11439
2025-02-11 09:00:00,7.30821,7.31058,7.30732,7.30739,9479.0,7.309,9479
2025-02-11 10:00:00,7.30725,7.31254,7.30724,7.31216,9556.0,7.3102,9556
2025-02-11 11:00:00,7.31228,7.31315,7.3102,7.31124,7328.0,7.3118,7328
2025-02-11 12:00:00,7.31126,7.31177,7.30789,7.30963,10238.0,7.3095,10238
2025-02-11 13:00:00,7.30964,7.31537,7.30956,7.31358,13004.0,7.3125,13004
2025-02-11 14:00:00,7.31358,7.31381,7.31009,7.31113,12835.0,7.3117,12835
2025-02-11 15:00:00,7.31111,7.31275,7.3087,7.30961,13709.0,7.3103,13709
2025-02-11 16:00:00,7.30962,7.31113,7.309,7.31106,11327.0,7.3099,11327
2025-02-11 17:00:00,7.31104,7.31144,7.308,7.31051,7929.0,7.3105,7929
2025-02-11 18:00:00,7.31049,7.31141,7.3093,7.31133,6922.0,7.3105,6922
2025-02-11 19:00:00,7.31136,7.31222,7.30632,7.30981,7989.0,7.3101,7989
2025-02-11 20:00:00,7.30979,7.31081,7.30758,7.30838,8124.0,7.3089,8124
2025-02-11 21:00:00,7.3084,7.31046,7.30792,7.31008,5255.0,7.3093,5255
2025-02-11 22:00:00,7.31008,7.31026,7.3049,7.30819,431.0,7.309,431
2025-02-11 23:00:00,7.30803,7.30905,7.30617,7.30805,683.0,7.3084,683
2025-02-12 00:00:00,7.30826,7.31111,7.30795,7.31057,2005.0,7.3097,2005
2025-02-12 01:00:00,7.31067,7.31342,7.31049,7.31155,2947.0,7.312,2947
2025-02-12 02:00:00,7.31141,7.31245,7.3092,7.31191,9972.0,7.3108,9972
2025-02-12 03:00:00,7.31195,7.31489,7.31052,7.31311,8073.0,7.3125,8073
2025-02-12 04:00:00,7.31317,7.31629,7.31292,7.31571,6540.0,7.3147,6540
2025-02-12 05:00:00,7.31572,7.31605,7.3137,7.31477,7538.0,7.3149,7538
2025-02-12 06:00:00,7.31459,7.31593,7.3113,7.31444,8750.0,7.3143,8750
2025-02-12 07:00:00,7.31451,7.31461,7.3094,7.31282,11764.0,7.3126,11764
2025-02-12 08:00:00,7.31286,7.31546,7.31233,7.31353,11750.0,7.3139,11750
2025-02-12 09:00:00,7.31355,7.31425,7.3114,7.31326,9503.0,7.3132,9503
2025-02-12 10:00:00,7.3133,7.31535,7.31189,7.31402,8687.0,7.314,8687
2025-02-12 11:00:00,7.31404,7.31502,7.31213,7.31411,8492.0,7.314,8492
2025-02-12 12:00:00,7.31411,7.31565,7.3133,7.31504,8363.0,7.3143,8363
2025-02-12 13:00:00,7.315,7.32476,7.31045,7.31974,17355.0,7.3183,17355
2025-02-12 14:00:00,7.31974,7.32135,7.3146,7.31649,16922.0,7.3171,16922
2025-02-12 15:00:00,7.31647,7.31959,7.3097,7.31742,17644.0,7.3156,17644
2025-02-12 16:00:00,7.31742,7.31919,7.311,7.31281,15427.0,7.3161,15427
2025-02-12 17:00:00,7.31261,7.31298,7.30368,7.30553,16914.0,7.3072,16914
2025-02-12 18:00:00,7.30549,7.31225,7.30431,7.31167,12281.0,7.3075,12281
2025-02-12 19:00:00,7.31166,7.31416,7.3111,7.31119,8279.0,7.3123,8279
2025-02-12 20:00:00,7.31121,7.31261,7.30935,7.31078,6902.0,7.3109,6902
2025-02-12 21:00:00,7.3108,7.31361,7.30511,7.31015,9545.0,7.3103,9545
2025-02-12 22:00:00,7.31015,7.31119,7.3048,7.30486,326.0,7.309,326
2025-02-12 23:00:00,7.30888,7.3121,7.30589,7.30984,758.0,7.3102,758
2025-02-13 00:00:00,7.30979,7.31228,7.3074,7.31132,2457.0,7.31,2457
2025-02-13 01:00:00,7.31133,7.31316,7.30578,7.30848,3758.0,7.3104,3758
2025-02-13 02:00:00,7.3083,7.3102,7.30374,7.30563,12497.0,7.3069,12497
2025-02-13 03:00:00,7.30561,7.30599,7.2918,7.29434,13068.0,7.2985,13068
2025-02-13 04:00:00,7.29432,7.29457,7.28244,7.28786,13492.0,7.2871,13492
2025-02-13 05:00:00,7.28785,7.28982,7.28295,7.28476,13195.0,7.2867,13195
2025-02-13 06:00:00,7.28461,7.29331,7.2832,7.29177,14749.0,7.287,14749
2025-02-13 07:00:00,7.29179,7.29678,7.28788,7.29476,16183.0,7.2922,16183
2025-02-13 08:00:00,7.29472,7.29871,7.29315,7.29601,15790.0,7.2959,15790
2025-02-13 09:00:00,7.29601,7.29876,7.2938,7.2955,11331.0,7.2961,11331
2025-02-13 10:00:00,7.29548,7.29781,7.29321,7.29654,9521.0,7.2951,9521
2025-02-13 11:00:00,7.29653,7.30314,7.29496,7.29994,10457.0,7.298,10457
2025-02-13 12:00:00,7.29999,7.30425,7.29999,7.30318,11784.0,7.3021,11784
2025-02-13 13:00:00,7.30314,7.30658,7.29792,7.30078,16004.0,7.3016,16004
2025-02-13 14:00:00,7.30079,7.30451,7.29859,7.30028,15625.0,7.3019,15625
2025-02-13 15:00:00,7.30032,7.30146,7.28875,7.29001,18901.0,7.2938,18901
2025-02-13 16:00:00,7.29003,7.29383,7.28594,7.29309,15157.0,7.2901,15157
2025-02-13 17:00:00,7.29318,7.2938,7.28926,7.29309,10151.0,7.2915,10151
2025-02-13 18:00:00,7.29307,7.3046,7.29209,7.29577,13778.0,7.2957,13778
2025-02-13 19:00:00,7.29609,7.2963,7.27509,7.27641,14696.0,7.2837,14696
2025-02-13 20:00:00,7.27645,7.27733,7.2691,7.27162,11794.0,7.2733,11794
2025-02-13 21:00:00,7.27154,7.27677,7.26695,7.27005,7559.0,7.2723,7559
2025-02-13 22:00:00,7.27005,7.27188,7.26815,7.27092,514.0,7.2709,514
2025-02-13 23:00:00,7.2697,7.27915,7.2696,7.27851,765.0,7.2741,765
2025-02-14 00:00:00,7.27847,7.28039,7.27226,7.27941,3011.0,7.2765,3011
2025-02-14 01:00:00,7.27921,7.28536,7.27694,7.28473,4224.0,7.2803,4224
2025-02-14 02:00:00,7.28467,7.29098,7.28291,7.28734,13013.0,7.2865,13013
2025-02-14 03:00:00,7.28738,7.28958,7.28309,7.28405,10614.0,7.2862,10614
2025-02-14 04:00:00,7.28394,7.28598,7.28247,7.28326,7025.0,7.2839,7025
2025-02-14 05:00:00,7.28324,7.28659,7.2825,7.28475,10003.0,7.2846,10003
2025-02-14 06:00:00,7.28471,7.28713,7.2751,7.27859,13666.0,7.2809,13666
2025-02-14 07:00:00,7.27857,7.27902,7.26988,7.27271,15183.0,7.2736,15183
2025-02-14 08:00:00,7.27275,7.2729,7.25551,7.26308,17154.0,7.2643,17154
2025-02-14 09:00:00,7.26302,7.2639,7.2555,7.26132,14046.0,7.2603,14046
2025-02-14 10:00:00,7.26133,7.26708,7.2607,7.26641,10957.0,7.264,10957
2025-02-14 11:00:00,7.26626,7.26932,7.26549,7.26684,9314.0,7.2674,9314
2025-02-14 12:00:00,7.26687,7.2698,7.26599,7.2675,10680.0,7.2676,10680
2025-02-14 13:00:00,7.26749,7.26764,7.25563,7.25907,16919.0,7.2615,16919
2025-02-14 14:00:00,7.25901,7.25973,7.25145,7.25273,17953.0,7.2546,17953
2025-02-14 15:00:00,7.25265,7.25681,7.25066,7.25234,16715.0,7.2534,16715
2025-02-14 16:00:00,7.25238,7.2809,7.25196,7.25471,12905.0,7.2539,12905
2025-02-14 17:00:00,7.25461,7.25572,7.25158,7.25378,10532.0,7.2541,10532
2025-02-14 18:00:00,7.25379,7.25783,7.25377,7.2563,8724.0,7.2554,8724
2025-02-14 19:00:00,7.25637,7.257,7.2547,7.25564,6522.0,7.2561,6522
2025-02-14 20:00:00,7.2557,7.25934,7.2557,7.25823,8500.0,7.2577,8500
2025-02-14 21:00:00,7.25821,7.2601,7.2546,7.25954,5748.0,7.2585,5748
2025-02-16 22:00:00,7.25695,7.25695,7.25132,7.25409,22.0,7.252,22
2025-02-16 23:00:00,7.25534,7.25995,7.25424,7.25705,77.0,7.2577,77
2025-02-17 00:00:00,7.25795,7.25979,7.25531,7.25602,2162.0,7.2575,2162
2025-02-17 01:00:00,7.25601,7.25936,7.24216,7.24926,4421.0,7.251,4421
2025-02-17 02:00:00,7.24931,7.2578,7.24736,7.24983,13441.0,7.2516,13441
2025-02-17 03:00:00,7.24982,7.25108,7.24585,7.24791,11012.0,7.2479,11012
2025-02-17 04:00:00,7.24797,7.25178,7.24382,7.24577,8425.0,7.2486,8425
2025-02-17 05:00:00,7.24569,7.25184,7.24493,7.24882,13210.0,7.2485,13210
2025-02-17 06:00:00,7.24866,7.25285,7.24738,7.251,11264.0,7.2501,11264
2025-02-17 07:00:00,7.25094,7.25536,7.2458,7.25481,12804.0,7.2512,12804
2025-02-17 08:00:00,7.25481,7.26303,7.25422,7.2587,13398.0,7.2587,13398
2025-02-17 09:00:00,7.2588,7.26264,7.25816,7.26238,9571.0,7.2599,9571
2025-02-17 10:00:00,7.26242,7.26322,7.25955,7.26216,9095.0,7.2615,9095
2025-02-17 11:00:00,7.26218,7.26421,7.26077,7.26238,8291.0,7.2625,8291
2025-02-17 12:00:00,7.26225,7.26535,7.26136,7.26524,8075.0,7.2634,8075
2025-02-17 13:00:00,7.26525,7.26671,7.26378,7.26641,8566.0,7.2654,8566
2025-02-17 14:00:00,7.26639,7.26778,7.2638,7.26455,8359.0,7.2663,8359
2025-02-17 15:00:00,7.26465,7.26714,7.26341,7.26606,8454.0,7.2649,8454
2025-02-17 16:00:00,7.26609,7.26697,7.26428,7.26507,6789.0,7.2655,6789
2025-02-17 17:00:00,7.26503,7.26601,7.2645,7.26469,3996.0,7.2654,3996
2025-02-17 18:00:00,7.26468,7.2652,7.2634,7.26432,3734.0,7.2644,3734
2025-02-17 19:00:00,7.26434,7.26494,7.2637,7.26459,5543.0,7.2646,5543
2025-02-17 20:00:00,7.26459,7.26487,7.2635,7.26439,4777.0,7.2645,4777
2025-02-17 21:00:00,7.26443,7.26583,7.26339,7.26568,2600.0,7.2652,2600
2025-02-17 22:00:00,7.26568,7.26589,7.26005,7.26425,130.0,7.2643,130
2025-02-17 23:00:00,7.2638,7.26552,7.26045,7.26534,699.0,7.2641,699
2025-02-18 00:00:00,7.26462,7.26831,7.26316,7.26514,2528.0,7.2659,2528
2025-02-18 01:00:00,7.26522,7.27681,7.265,7.2745,3846.0,7.271,3846
2025-02-18 02:00:00,7.27452,7.27673,7.26947,7.27381,13218.0,7.274,13218
2025-02-18 03:00:00,7.27378,7.27561,7.27055,7.27481,11195.0,7.2736,11195
2025-02-18 04:00:00,7.27474,7.27688,7.27462,7.27548,7862.0,7.2759,7862
2025-02-18 05:00:00,7.27535,7.28582,7.27504,7.28406,12736.0,7.28,12736
2025-02-18 06:00:00,7.28421,7.28536,7.2806,7.28107,12374.0,7.2829,12374
2025-02-18 07:00:00,7.28092,7.28525,7.27974,7.28436,12450.0,7.2826,12450
2025-02-18 08:00:00,7.28436,7.28634,7.27782,7.28023,13660.0,7.2819,13660
2025-02-18 09:00:00,7.28011,7.28338,7.2772,7.28059,10598.0,7.2808,10598
2025-02-18 10:00:00,7.28092,7.28269,7.2777,7.28189,9053.0,7.2803,9053
2025-02-18 11:00:00,7.28187,7.28272,7.28034,7.28153,7456.0,7.2815,7456
2025-02-18 12:00:00,7.28141,7.28537,7.28136,7.28304,9692.0,7.2832,9692
2025-02-18 13:00:00,7.28286,7.28492,7.28126,7.28286,13065.0,7.2831,13065
2025-02-18 14:00:00,7.28284,7.28343,7.27993,7.28059,13022.0,7.282,13022
2025-02-18 15:00:00,7.28061,7.28205,7.27827,7.28068,14103.0,7.2802,14103
2025-02-18 16:00:00,7.2807,7.28122,7.2544,7.27371,13006.0,7.2766,13006
2025-02-18 17:00:00,7.27365,7.27732,7.27316,7.27343,9501.0,7.2749,9501
2025-02-18 18:00:00,7.27345,7.27787,7.273,7.27591,7296.0,7.2762,7296
2025-02-18 19:00:00,7.27589,7.27673,7.2745,7.27603,5971.0,7.2757,5971
2025-02-18 20:00:00,7.2759,7.27664,7.27436,7.27493,6074.0,7.2754,6074
2025-02-18 21:00:00,7.27484,7.27639,7.2733,7.27548,9672.0,7.2751,9672
2025-02-18 22:00:00,7.27548,7.27671,7.2612,7.27295,423.0,7.275,423
2025-02-18 23:00:00,7.2747,7.27649,7.2736,7.27423,739.0,7.2755,739
2025-02-19 00:00:00,7.27465,7.28256,7.27445,7.28236,2605.0,7.2788,2605
2025-02-19 01:00:00,7.28225,7.28679,7.27906,7.28496,3814.0,7.2829,3814
2025-02-19 02:00:00,7.2849,7.2866,7.28222,7.28324,11902.0,7.2844,11902
2025-02-19 03:00:00,7.2833,7.28616,7.28315,7.28438,8434.0,7.2847,8434
2025-02-19 04:00:00,7.28438,7.2847,7.2826,7.28459,5719.0,7.2839,5719
2025-02-19 05:00:00,7.28463,7.28587,7.2826,7.28423,7711.0,7.2843,7711
2025-02-19 06:00:00,7.28425,7.28633,7.28139,7.28547,10233.0,7.2833,10233
2025-02-19 07:00:00,7.28545,7.28956,7.2841,7.28811,11102.0,7.2868,11102
2025-02-19 08:00:00,7.28814,7.29216,7.2871,7.2891,12962.0,7.2895,12962
2025-02-19 09:00:00,7.28909,7.2917,7.2874,7.29126,9401.0,7.2893,9401
2025-02-19 10:00:00,7.29125,7.29296,7.29031,7.29033,9383.0,7.2916,9383
2025-02-19 11:00:00,7.29025,7.2931,7.28814,7.29103,11167.0,7.2908,11167
2025-02-19 12:00:00,7.29105,7.29186,7.28792,7.28829,10212.0,7.2906,10212
2025-02-19 13:00:00,7.28831,7.28925,7.28574,7.28643,13278.0,7.2875,13278
2025-02-19 14:00:00,7.28645,7.29081,7.28602,7.28738,13670.0,7.2885,13670
2025-02-19 15:00:00,7.28732,7.28808,7.2735,7.28455,16926.0,7.2835,16926
2025-02-19 16:00:00,7.28456,7.2878,7.275,7.28772,13140.0,7.2857,13140
2025-02-19 17:00:00,7.28764,7.28814,7.2854,7.28627,8689.0,7.2867,8689
2025-02-19 18:00:00,7.28625,7.2875,7.28169,7.28191,7721.0,7.2861,7721
2025-02-19 19:00:00,7.28166,7.28589,7.28166,7.28502,9739.0,7.2844,9739
2025-02-19 20:00:00,7.28504,7.28631,7.28391,7.28395,7639.0,7.2852,7639
2025-02-19 21:00:00,7.28414,7.28537,7.28003,7.28419,6146.0,7.2838,6146
2025-02-19 22:00:00,7.28419,7.28429,7.27675,7.27875,531.0,7.2815,531
2025-02-19 23:00:00,7.28126,7.28547,7.27841,7.28513,673.0,7.2826,673
2025-02-20 00:00:00,7.28464,7.28524,7.2765,7.27889,2561.0,7.2821,2561
2025-02-20 01:00:00,7.27842,7.28563,7.27687,7.28372,3812.0,7.2811,3812
2025-02-20 02:00:00,7.28373,7.28497,7.26774,7.27386,15686.0,7.279,15686
2025-02-20 03:00:00,7.27388,7.27415,7.2667,7.26884,13749.0,7.2712,13749
2025-02-20 04:00:00,7.26882,7.27033,7.2644,7.26667,10183.0,7.2681,10183
2025-02-20 05:00:00,7.26671,7.26946,7.2623,7.26665,12464.0,7.2659,12464
2025-02-20 06:00:00,7.26663,7.27236,7.2632,7.27156,12515.0,7.2674,12515
2025-02-20 07:00:00,7.27137,7.27355,7.26779,7.26939,15667.0,7.2711,15667
2025-02-20 08:00:00,7.26937,7.26976,7.26117,7.26589,16245.0,7.2655,16245
2025-02-20 09:00:00,7.26588,7.26747,7.2629,7.2633,11832.0,7.2652,11832
2025-02-20 10:00:00,7.26335,7.26434,7.25631,7.25816,11606.0,7.26,11606
2025-02-20 11:00:00,7.25816,7.26423,7.2564,7.26188,10515.0,7.2605,10515
2025-02-20 12:00:00,7.26191,7.26232,7.25176,7.25308,13903.0,7.2577,13903
2025-02-20 13:00:00,7.25276,7.25557,7.24788,7.25135,16721.0,7.2512,16721
2025-02-20 14:00:00,7.25139,7.25582,7.24995,7.25052,16444.0,7.2528,16444
2025-02-20 15:00:00,7.25056,7.25084,7.2406,7.24166,17730.0,7.2452,17730
2025-02-20 16:00:00,7.24174,7.2857,7.24163,7.24259,13557.0,7.2436,13557
2025-02-20 17:00:00,7.24253,7.2434,7.23241,7.23393,13531.0,7.2366,13531
2025-02-20 18:00:00,7.23401,7.23532,7.231,7.23219,9994.0,7.2331,9994
2025-02-20 19:00:00,7.23221,7.23569,7.2321,7.23372,8902.0,7.234,8902
2025-02-20 20:00:00,7.2337,7.23652,7.2337,7.23524,7300.0,7.2352,7300
2025-02-20 21:00:00,7.23524,7.23695,7.23085,7.23556,7580.0,7.2348,7580
2025-02-20 22:00:00,7.23556,7.23623,7.23165,7.23589,349.0,7.2349,349
2025-02-20 23:00:00,7.2346,7.2427,7.23172,7.24129,704.0,7.2366,704
2025-02-21 00:00:00,7.24082,7.24531,7.23533,7.24347,2683.0,7.2414,2683
2025-02-21 01:00:00,7.24373,7.25477,7.24334,7.25406,4179.0,7.25,4179
2025-02-21 02:00:00,7.25412,7.25505,7.23333,7.23722,15965.0,7.2466,15965
2025-02-21 03:00:00,7.23724,7.24203,7.23603,7.23823,12731.0,7.2397,12731
2025-02-21 04:00:00,7.23816,7.24157,7.23731,7.24096,7175.0,7.2396,7175
2025-02-21 05:00:00,7.24108,7.24729,7.23976,7.24522,11344.0,7.2428,11344
2025-02-21 06:00:00,7.2452,7.25223,7.24399,7.25192,12065.0,7.2478,12065
2025-02-21 07:00:00,7.25225,7.25225,7.24406,7.24853,13024.0,7.2474,13024
2025-02-21 08:00:00,7.24854,7.25696,7.24719,7.25537,14617.0,7.252,14617
2025-02-21 09:00:00,7.25524,7.25963,7.25355,7.25711,12463.0,7.2567,12463
2025-02-21 10:00:00,7.25706,7.25837,7.25412,7.25721,9377.0,7.2568,9377
2025-02-21 11:00:00,7.25725,7.26001,7.253,7.25444,9228.0,7.2557,9228
2025-02-21 12:00:00,7.25438,7.25714,7.25425,7.25679,8515.0,7.2557,8515
2025-02-21 13:00:00,7.25682,7.25744,7.25262,7.25302,12377.0,7.2543,12377
2025-02-21 14:00:00,7.25304,7.25441,7.2412,7.24542,15802.0,7.248,15802
2025-02-21 15:00:00,7.24152,7.25089,7.24152,7.24966,17125.0,7.2478,17125
2025-02-21 16:00:00,7.24968,7.25145,7.24805,7.25022,12249.0,7.25,12249
2025-02-21 17:00:00,7.25025,7.25068,7.24722,7.24988,10957.0,7.2489,10957
2025-02-21 18:00:00,7.25,7.25781,7.2477,7.25339,13810.0,7.2532,13810
2025-02-21 19:00:00,7.25341,7.255,7.2518,7.25355,10176.0,7.2533,10176
2025-02-21 20:00:00,7.25367,7.25803,7.25259,7.2551,10540.0,7.2552,10540
2025-02-21 21:00:00,7.25512,7.2559,7.24805,7.25429,6157.0,7.2547,6157
2025-02-23 22:00:00,7.24644,7.24849,7.24446,7.24575,51.0,7.247,51
2025-02-23 23:00:00,7.24765,7.25331,7.24765,7.25321,74.0,7.2516,74
2025-02-24 00:00:00,7.25362,7.25416,7.24669,7.24876,2406.0,7.2499,2406
2025-02-24 01:00:00,7.24889,7.25188,7.24515,7.24896,4457.0,7.2481,4457
2025-02-24 02:00:00,7.2491,7.2528,7.23588,7.23844,15678.0,7.2444,15678
2025-02-24 03:00:00,7.23846,7.23875,7.22582,7.23246,14992.0,7.2324,14992
2025-02-24 04:00:00,7.23237,7.23628,7.23179,7.23271,8182.0,7.2343,8182
2025-02-24 05:00:00,7.23275,7.24126,7.23268,7.24023,12512.0,7.2374,12512
2025-02-24 06:00:00,7.24025,7.24721,7.24009,7.2446,13317.0,7.2437,13317
2025-02-24 07:00:00,7.24458,7.24804,7.2409,7.24646,14401.0,7.245,14401
2025-02-24 08:00:00,7.24628,7.25073,7.2424,7.24333,15117.0,7.2466,15117
2025-02-24 09:00:00,7.24331,7.24908,7.24256,7.24879,13714.0,7.2457,13714
2025-02-24 10:00:00,7.24887,7.25439,7.24874,7.25015,11754.0,7.2513,11754
2025-02-24 11:00:00,7.25013,7.25261,7.24926,7.25246,8704.0,7.2509,8704
2025-02-24 12:00:00,7.25241,7.25431,7.25105,7.25177,9342.0,7.2527,9342
2025-02-24 13:00:00,7.25177,7.25211,7.24847,7.25032,12502.0,7.2504,12502
2025-02-24 14:00:00,7.25028,7.25473,7.25001,7.25268,14956.0,7.2521,14956
2025-02-24 15:00:00,7.25273,7.25367,7.24823,7.24903,16701.0,7.2511,16701
2025-02-24 16:00:00,7.24893,7.25189,7.2478,7.25049,12362.0,7.2502,12362
2025-02-24 17:00:00,7.25048,7.25315,7.2496,7.25271,10539.0,7.2518,10539
2025-02-24 18:00:00,7.2527,7.25306,7.2493,7.25014,7725.0,7.2509,7725
2025-02-24 19:00:00,7.25018,7.25133,7.24947,7.25066,7762.0,7.2506,7762
2025-02-24 20:00:00,7.2507,7.25424,7.2501,7.25396,10108.0,7.2519,10108
2025-02-24 21:00:00,7.25394,7.25496,7.25191,7.25303,8293.0,7.2545,8293
2025-02-24 22:00:00,7.25303,7.25429,7.24975,7.254,605.0,7.2539,605
2025-02-24 23:00:00,7.25407,7.25772,7.2527,7.25737,744.0,7.2543,744
2025-02-25 00:00:00,7.25707,7.26015,7.25605,7.26006,2564.0,7.2578,2564
2025-02-25 01:00:00,7.25996,7.26286,7.2572,7.25872,3700.0,7.2594,3700
2025-02-25 02:00:00,7.25873,7.26208,7.2513,7.254,13823.0,7.2561,13823
2025-02-25 03:00:00,7.25402,7.25985,7.25277,7.25701,10594.0,7.2565,10594
2025-02-25 04:00:00,7.25694,7.25704,7.2546,7.25558,7054.0,7.2558,7054
2025-02-25 05:00:00,7.2556,7.26216,7.2546,7.26079,9853.0,7.258,9853
2025-02-25 06:00:00,7.26075,7.26541,7.2592,7.26276,11423.0,7.2618,11423
2025-02-25 07:00:00,7.26291,7.26668,7.2609,7.26626,13005.0,7.2634,13005
2025-02-25 08:00:00,7.26629,7.26981,7.26497,7.2669,15529.0,7.2674,15529
2025-02-25 09:00:00,7.26685,7.26867,7.26431,7.26755,12354.0,7.2668,12354
2025-02-25 10:00:00,7.26764,7.27036,7.26563,7.26615,10896.0,7.2682,10896
2025-02-25 11:00:00,7.26619,7.26753,7.26225,7.26242,10675.0,7.2652,10675
2025-02-25 12:00:00,7.2624,7.26401,7.25943,7.26308,12874.0,7.2622,12874
2025-02-25 13:00:00,7.26322,7.26326,7.25499,7.25759,14561.0,7.2594,14561
2025-02-25 14:00:00,7.2574,7.25918,7.2538,7.25593,15978.0,7.2564,15978
2025-02-25 15:00:00,7.25591,7.25625,7.24713,7.25448,19104.0,7.2517,19104
2025-02-25 16:00:00,7.25445,7.25557,7.25002,7.25463,16084.0,7.2528,16084
2025-02-25 17:00:00,7.25481,7.25775,7.2505,7.25459,12442.0,7.2561,12442
2025-02-25 18:00:00,7.2546,7.255,7.2501,7.25429,10782.0,7.2535,10782
2025-02-25 19:00:00,7.25425,7.25455,7.25196,7.25341,9032.0,7.2533,9032
2025-02-25 20:00:00,7.25343,7.25463,7.25219,7.25314,9903.0,7.2533,9903
2025-02-25 21:00:00,7.25306,7.25485,7.25025,7.2544,9768.0,7.2528,9768
2025-02-25 22:00:00,7.2544,7.25529,7.25003,7.25409,571.0,7.254,571
2025-02-25 23:00:00,7.25236,7.25433,7.2506,7.25232,723.0,7.2526,723
2025-02-26 00:00:00,7.25201,7.25327,7.24746,7.2496,2520.0,7.2497,2520
2025-02-26 01:00:00,7.24972,7.25664,7.24946,7.25315,3852.0,7.2526,3852
2025-02-26 02:00:00,7.25313,7.26081,7.25264,7.25855,13949.0,7.2569,13949
2025-02-26 03:00:00,7.25857,7.25944,7.25369,7.2592,10833.0,7.2571,10833
2025-02-26 04:00:00,7.25929,7.26086,7.2586,7.25936,7037.0,7.2597,7037
2025-02-26 05:00:00,7.25936,7.26213,7.2579,7.26127,10507.0,7.2596,10507
2025-02-26 06:00:00,7.26119,7.26436,7.2595,7.2636,11977.0,7.2618,11977
2025-02-26 07:00:00,7.26362,7.26376,7.25327,7.25899,16937.0,7.2599,16937
2025-02-26 08:00:00,7.25897,7.25977,7.254,7.25683,14641.0,7.2568,14641
2025-02-26 09:00:00,7.25691,7.26285,7.25662,7.26141,11815.0,7.2586,11815
2025-02-26 10:00:00,7.2614,7.26388,7.2591,7.26155,10760.0,7.2613,10760
2025-02-26 11:00:00,7.26153,7.26386,7.2608,7.26252,9811.0,7.2624,9811
2025-02-26 12:00:00,7.26253,7.26491,7.262,7.26418,10667.0,7.2634,10667
2025-02-26 13:00:00,7.26414,7.26591,7.26193,7.26473,14269.0,7.2636,14269
2025-02-26 14:00:00,7.26477,7.26791,7.2639,7.26569,15360.0,7.2656,15360
2025-02-26 15:00:00,7.26567,7.26791,7.25742,7.25757,17573.0,7.2637,17573
2025-02-26 16:00:00,7.25793,7.26232,7.2573,7.26184,15038.0,7.2603,15038
2025-02-26 17:00:00,7.26164,7.26498,7.25679,7.26241,15773.0,7.262,15773
2025-02-26 18:00:00,7.26239,7.26376,7.254,7.26305,13107.0,7.2617,13107
2025-02-26 19:00:00,7.26309,7.26602,7.26287,7.26438,10784.0,7.2647,10784
2025-02-26 20:00:00,7.26433,7.26787,7.26305,7.26612,9956.0,7.2662,9956
2025-02-26 21:00:00,7.26608,7.26717,7.26226,7.26538,6730.0,7.2662,6730
2025-02-26 22:00:00,7.26538,7.26634,7.26075,7.26577,352.0,7.2649,352
2025-02-26 23:00:00,7.26578,7.26629,7.26089,7.26382,723.0,7.2635,723
2025-02-27 00:00:00,7.26361,7.26796,7.26286,7.26679,2318.0,7.2654,2318
2025-02-27 01:00:00,7.26672,7.26804,7.2624,7.2659,3690.0,7.2656,3690
2025-02-27 02:00:00,7.26597,7.27513,7.263,7.2741,15443.0,7.2705,15443
2025-02-27 03:00:00,7.27412,7.27516,7.27165,7.27414,9854.0,7.2737,9854
2025-02-27 04:00:00,7.27419,7.27496,7.2724,7.27419,8215.0,7.2741,8215
2025-02-27 05:00:00,7.27417,7.27495,7.27305,7.27399,10286.0,7.2741,10286
2025-02-27 06:00:00,7.27382,7.27479,7.2684,7.27053,12354.0,7.2722,12354
2025-02-27 07:00:00,7.27061,7.27267,7.26946,7.27212,12050.0,7.2711,12050
2025-02-27 08:00:00,7.27214,7.2787,7.27091,7.27417,14163.0,7.2747,14163
2025-02-27 09:00:00,7.27415,7.27538,7.27202,7.27332,11624.0,7.2737,11624
2025-02-27 10:00:00,7.27336,7.27663,7.27252,7.27422,10386.0,7.2748,10386
2025-02-27 11:00:00,7.27416,7.2744,7.2709,7.27357,9530.0,7.2725,9530
2025-02-27 12:00:00,7.27355,7.27476,7.26604,7.26613,13954.0,7.2702,13954
2025-02-27 13:00:00,7.26611,7.29365,7.26606,7.291,16841.0,7.2745,16841
2025-02-27 14:00:00,7.29116,7.29488,7.2858,7.29348,19404.0,7.2907,19404
2025-02-27 15:00:00,7.29346,7.29892,7.29191,7.29818,18658.0,7.295,18658
2025-02-27 16:00:00,7.2982,7.29941,7.29417,7.29623,14465.0,7.2974,14465
2025-02-27 17:00:00,7.29616,7.29804,7.29432,7.29581,11098.0,7.2959,11098
2025-02-27 18:00:00,7.2958,7.29835,7.2607,7.2958,8436.0,7.2964,8436
2025-02-27 19:00:00,7.2959,7.29912,7.2957,7.2986,10242.0,7.2977,10242
2025-02-27 20:00:00,7.2985,7.30251,7.2967,7.2996,11109.0,7.2992,11109
2025-02-27 21:00:00,7.29892,7.30321,7.29797,7.301,5883.0,7.3007,5883
2025-02-27 22:00:00,7.301,7.30126,7.29708,7.29887,350.0,7.2989,350
2025-02-27 23:00:00,7.29897,7.30162,7.29709,7.30157,754.0,7.2989,754
2025-02-28 00:00:00,7.30096,7.30204,7.29423,7.29667,3247.0,7.2981,3247
2025-02-28 01:00:00,7.29669,7.29802,7.29047,7.29496,4643.0,7.2947,4643
2025-02-28 02:00:00,7.295,7.29603,7.28968,7.29502,15111.0,7.2934,15111
2025-02-28 03:00:00,7.29515,7.29586,7.29012,7.29212,12260.0,7.2929,12260
2025-02-28 04:00:00,7.2921,7.29546,7.29164,7.29499,8474.0,7.2933,8474
2025-02-28 05:00:00,7.29497,7.29779,7.29357,7.296,11460.0,7.2953,11460
2025-02-28 06:00:00,7.29602,7.29706,7.29082,7.29484,13485.0,7.2947,13485
2025-02-28 07:00:00,7.29472,7.29508,7.29002,7.29104,14289.0,7.2928,14289
2025-02-28 08:00:00,7.29105,7.29211,7.2868,7.28783,14157.0,7.2898,14157
2025-02-28 09:00:00,7.28781,7.28953,7.28536,7.28931,12005.0,7.2882,12005
2025-02-28 10:00:00,7.28933,7.28953,7.2852,7.28829,9678.0,7.2875,9678
2025-02-28 11:00:00,7.2883,7.2889,7.2853,7.28663,8439.0,7.2869,8439
2025-02-28 12:00:00,7.28661,7.28865,7.28416,7.2872,9909.0,7.2868,9909
2025-02-28 13:00:00,7.28718,7.28867,7.28487,7.28863,13775.0,7.2872,13775
2025-02-28 14:00:00,7.28859,7.29104,7.28702,7.29055,15027.0,7.289,15027
2025-02-28 15:00:00,7.29067,7.29412,7.28842,7.29208,17707.0,7.291,17707
2025-02-28 16:00:00,7.29212,7.29262,7.28717,7.28905,16274.0,7.2895,16274
2025-02-28 17:00:00,7.28907,7.29205,7.2857,7.29186,12988.0,7.289,12988
2025-02-28 18:00:00,7.2919,7.2989,7.29049,7.29454,14113.0,7.2928,14113
2025-02-28 19:00:00,7.29453,7.29577,7.2925,7.29469,9637.0,7.2945,9637
2025-02-28 20:00:00,7.29484,7.29574,7.29257,7.29487,9315.0,7.2943,9315
2025-02-28 21:00:00,7.29485,7.29628,7.28841,7.29487,4072.0,7.2947,4072
2025-03-02 22:00:00,7.28877,7.28877,7.28812,7.28823,38.0,7.2883,38
2025-03-02 23:00:00,7.28994,7.29295,7.28945,7.28981,90.0,7.291,90
2025-03-03 00:00:00,7.29019,7.29094,7.2871,7.2884,2358.0,7.2885,2358
2025-03-03 01:00:00,7.28844,7.29209,7.28601,7.28772,3771.0,7.2888,3771
2025-03-03 02:00:00,7.28759,7.2935,7.28456,7.29057,13110.0,7.2876,13110
2025-03-03 03:00:00,7.29096,7.29974,7.29068,7.29571,12483.0,7.296,12483
2025-03-03 04:00:00,7.29567,7.29595,7.2939,7.2941,5730.0,7.2949,5730
2025-03-03 05:00:00,7.2941,7.2992,7.29339,7.29774,9299.0,7.296,9299
2025-03-03 06:00:00,7.29788,7.30287,7.29707,7.30105,12526.0,7.3007,12526
2025-03-03 07:00:00,7.30118,7.30387,7.30012,7.30299,12489.0,7.3021,12489
2025-03-03 08:00:00,7.30297,7.30582,7.30253,7.30327,13218.0,7.304,13218
2025-03-03 09:00:00,7.30325,7.30444,7.29652,7.29687,11555.0,7.3023,11555
2025-03-03 10:00:00,7.29685,7.30316,7.2948,7.30141,13153.0,7.3006,13153
2025-03-03 11:00:00,7.30142,7.30274,7.29772,7.29791,11493.0,7.3006,11493
2025-03-03 12:00:00,7.29788,7.29938,7.29555,7.29784,13480.0,7.2972,13480
2025-03-03 13:00:00,7.29786,7.30102,7.29724,7.29861,13604.0,7.299,13604
2025-03-03 14:00:00,7.29884,7.29999,7.29272,7.29499,15355.0,7.2963,15355
2025-03-03 15:00:00,7.29491,7.29763,7.28999,7.29743,18041.0,7.2941,18041
2025-03-03 16:00:00,7.29756,7.29796,7.29402,7.29567,14583.0,7.2958,14583
2025-03-03 17:00:00,7.29567,7.29706,7.29424,7.29614,10267.0,7.296,10267
2025-03-03 18:00:00,7.29612,7.29853,7.2933,7.29796,11638.0,7.2966,11638
2025-03-03 19:00:00,7.29788,7.30294,7.2956,7.30205,11188.0,7.2979,11188
2025-03-03 20:00:00,7.30203,7.30726,7.2966,7.30387,17636.0,7.3029,17636
2025-03-03 21:00:00,7.30385,7.30405,7.29667,7.30217,6845.0,7.3009,6845
2025-03-03 22:00:00,7.30217,7.30451,7.3011,7.30429,593.0,7.3034,593
2025-03-03 23:00:00,7.30428,7.30686,7.29725,7.30351,776.0,7.3026,776
2025-03-04 00:00:00,7.30403,7.30666,7.30054,7.30109,2987.0,7.3038,2987
2025-03-04 01:00:00,7.30103,7.30171,7.28926,7.29133,4687.0,7.2949,4687
2025-03-04 02:00:00,7.29147,7.29509,7.2883,7.29162,14669.0,7.292,14669
2025-03-04 03:00:00,7.29158,7.29164,7.28008,7.28367,14121.0,7.2859,14121
2025-03-04 04:00:00,7.28369,7.28691,7.28209,7.2836,10485.0,7.2842,10485
2025-03-04 05:00:00,7.28375,7.28874,7.2812,7.28787,14755.0,7.2858,14755
2025-03-04 06:00:00,7.28763,7.29129,7.28694,7.29019,12422.0,7.2894,12422
2025-03-04 07:00:00,7.28995,7.28996,7.28467,7.28803,15802.0,7.2875,15802
2025-03-04 08:00:00,7.28801,7.29085,7.28027,7.28206,17369.0,7.2851,17369
2025-03-04 09:00:00,7.2821,7.28242,7.27002,7.27454,17274.0,7.2762,17274
2025-03-04 10:00:00,7.27452,7.27998,7.27179,7.27622,14416.0,7.276,14416
2025-03-04 11:00:00,7.27618,7.27832,7.26002,7.26403,15229.0,7.2702,15229
2025-03-04 12:00:00,7.26395,7.26628,7.25569,7.2593,18580.0,7.2617,18580
2025-03-04 13:00:00,7.25929,7.27119,7.25844,7.2676,18661.0,7.266,18661
2025-03-04 14:00:00,7.26758,7.27404,7.26623,7.27279,17967.0,7.2706,17967
2025-03-04 15:00:00,7.27288,7.27721,7.26839,7.26887,18686.0,7.2724,18686
2025-03-04 16:00:00,7.26877,7.27575,7.26848,7.2725,17942.0,7.2731,17942
2025-03-04 17:00:00,7.27263,7.27421,7.26917,7.27096,15405.0,7.2714,15405
2025-03-04 18:00:00,7.27098,7.2723,7.2635,7.26483,16311.0,7.2669,16311
2025-03-04 19:00:00,7.26482,7.26928,7.26044,7.26208,15474.0,7.2652,15474
2025-03-04 20:00:00,7.26206,7.26208,7.25031,7.2512,17488.0,7.2554,17488
2025-03-04 21:00:00,7.25122,7.2551,7.2477,7.25288,13047.0,7.2508,13047
2025-03-04 22:00:00,7.25288,7.25411,7.24935,7.25265,338.0,7.2528,338
2025-03-04 23:00:00,7.252,7.25617,7.25132,7.25617,713.0,7.2537,713
2025-03-05 00:00:00,7.25606,7.26331,7.2555,7.26327,3270.0,7.2599,3270
2025-03-05 01:00:00,7.26321,7.27191,7.26194,7.26612,4461.0,7.2661,4461
2025-03-05 02:00:00,7.26605,7.27471,7.2656,7.27451,15186.0,7.2713,15186
2025-03-05 03:00:00,7.27457,7.27703,7.26381,7.2646,14976.0,7.2698,14976
2025-03-05 04:00:00,7.26458,7.26458,7.26041,7.26235,10762.0,7.2623,10762
2025-03-05 05:00:00,7.26219,7.26647,7.2588,7.26258,11917.0,7.2633,11917
2025-03-05 06:00:00,7.26256,7.26467,7.2563,7.26367,13700.0,7.2617,13700
2025-03-05 07:00:00,7.26369,7.267,7.2589,7.25955,16427.0,7.2632,16427
2025-03-05 08:00:00,7.25951,7.26401,7.25517,7.25654,18288.0,7.2592,18288
2025-03-05 09:00:00,7.25655,7.26073,7.25406,7.25736,16717.0,7.2575,16717
2025-03-05 10:00:00,7.25742,7.26962,7.25664,7.26367,14633.0,7.2642,14633
2025-03-05 11:00:00,7.26365,7.26626,7.2608,7.2643,13441.0,7.2639,13441
2025-03-05 12:00:00,7.26428,7.26448,7.25376,7.25397,16262.0,7.259,16262
2025-03-05 13:00:00,7.25395,7.25937,7.24971,7.25219,19065.0,7.2535,19065
2025-03-05 14:00:00,7.25224,7.25296,7.23498,7.23771,18944.0,7.2451,18944
2025-03-05 15:00:00,7.23768,7.24472,7.2348,7.23799,19841.0,7.2402,19841
2025-03-05 16:00:00,7.23797,7.2695,7.23287,7.23676,18657.0,7.2364,18657
2025-03-05 17:00:00,7.23678,7.23897,7.23449,7.23736,16405.0,7.2366,16405
2025-03-05 18:00:00,7.23728,7.24136,7.23534,7.24037,15027.0,7.2392,15027
2025-03-05 19:00:00,7.24035,7.24421,7.2394,7.24026,11609.0,7.2417,11609
2025-03-05 20:00:00,7.24028,7.24058,7.23643,7.23744,12403.0,7.2388,12403
2025-03-05 21:00:00,7.2373,7.23802,7.23343,7.23625,8036.0,7.2366,8036
2025-03-05 22:00:00,7.23625,7.23724,7.23463,7.23654,592.0,7.2361,592
2025-03-05 23:00:00,7.2355,7.23785,7.2348,7.23683,687.0,7.2367,687
2025-03-06 00:00:00,7.23688,7.24471,7.23536,7.24431,2977.0,7.24,2977
2025-03-06 01:00:00,7.2441,7.24607,7.23702,7.24191,4255.0,7.2423,4255
2025-03-06 02:00:00,7.242,7.24832,7.23851,7.24273,14814.0,7.244,14814
2025-03-06 03:00:00,7.24264,7.24741,7.24217,7.24456,11294.0,7.2449,11294
2025-03-06 04:00:00,7.24455,7.24581,7.2403,7.24166,7845.0,7.244,7845
2025-03-06 05:00:00,7.24188,7.24446,7.24078,7.24213,11378.0,7.2429,11378
2025-03-06 06:00:00,7.24226,7.24261,7.23736,7.24168,12975.0,7.2404,12975
2025-03-06 07:00:00,7.24166,7.24322,7.23554,7.24291,16392.0,7.2394,16392
2025-03-06 08:00:00,7.24287,7.24683,7.24111,7.24392,17622.0,7.2441,17622
2025-03-06 09:00:00,7.24383,7.24946,7.2437,7.2493,16191.0,7.246,16191
2025-03-06 10:00:00,7.24932,7.25354,7.24688,7.24831,14150.0,7.2497,14150
2025-03-06 11:00:00,7.24829,7.25212,7.24589,7.24667,12555.0,7.248,12555
2025-03-06 12:00:00,7.2467,7.25234,7.24654,7.24854,13841.0,7.2492,13841
2025-03-06 13:00:00,7.24852,7.25001,7.24209,7.24395,18525.0,7.2459,18525
2025-03-06 14:00:00,7.24381,7.2457,7.23919,7.23979,20301.0,7.2423,20301
2025-03-06 15:00:00,7.23976,7.24608,7.23666,7.24443,20873.0,7.2416,20873
2025-03-06 16:00:00,7.24437,7.24747,7.24103,7.24409,20746.0,7.2444,20746
2025-03-06 17:00:00,7.2443,7.24813,7.24144,7.24655,19977.0,7.2453,19977
2025-03-06 18:00:00,7.24657,7.24916,7.24404,7.24736,19223.0,7.2466,19223
2025-03-06 19:00:00,7.24717,7.2477,7.2432,7.24376,18952.0,7.2453,18952
2025-03-06 20:00:00,7.24378,7.24773,7.2426,7.24665,18977.0,7.2453,18977
2025-03-06 21:00:00,7.24649,7.24746,7.23915,7.24442,11053.0,7.2454,11053
2025-03-06 22:00:00,7.24442,7.24646,7.24065,7.24627,420.0,7.2427,420
2025-03-06 23:00:00,7.2446,7.24906,7.24105,7.24668,783.0,7.2463,783
2025-03-07 00:00:00,7.24702,7.2472,7.24346,7.24636,2849.0,7.2454,2849
2025-03-07 01:00:00,7.24662,7.25356,7.24477,7.25023,3717.0,7.2494,3717
2025-03-07 02:00:00,7.25026,7.25362,7.24746,7.24821,18325.0,7.2497,18325
2025-03-07 03:00:00,7.24819,7.2499,7.24395,7.24458,17688.0,7.2472,17688
2025-03-07 04:00:00,7.24456,7.2457,7.24296,7.24331,14936.0,7.2446,14936
2025-03-07 05:00:00,7.24319,7.24548,7.24006,7.24442,17785.0,7.243,17785
2025-03-07 06:00:00,7.24436,7.24782,7.24397,7.2466,17747.0,7.2459,17747
2025-03-07 07:00:00,7.24649,7.24911,7.24404,7.24507,18671.0,7.2467,18671
2025-03-07 08:00:00,7.24505,7.24559,7.23235,7.23403,20156.0,7.239,20156
2025-03-07 09:00:00,7.23402,7.23541,7.22771,7.23006,19680.0,7.2312,19680
2025-03-07 10:00:00,7.23007,7.23651,7.2293,7.23338,18599.0,7.2333,18599
2025-03-07 11:00:00,7.23398,7.23644,7.23346,7.23589,17675.0,7.2346,17675
2025-03-07 12:00:00,7.23569,7.2381,7.23277,7.23791,18584.0,7.2351,18584
2025-03-07 13:00:00,7.23766,7.24083,7.17878,7.24043,20640.0,7.2361,20640
2025-03-07 14:00:00,7.2404,7.24179,7.2317,7.23757,21282.0,7.2365,21282
2025-03-07 15:00:00,7.23764,7.24247,7.23496,7.24048,20759.0,7.2385,20759
2025-03-07 16:00:00,7.24052,7.2456,7.23922,7.24194,20452.0,7.2426,20452
2025-03-07 17:00:00,7.24196,7.24695,7.2407,7.24451,19739.0,7.2444,19739
2025-03-07 18:00:00,7.24455,7.24791,7.24377,7.24438,19277.0,7.2463,19277
2025-03-07 19:00:00,7.24424,7.24602,7.24336,7.24485,19514.0,7.2447,19514
2025-03-07 20:00:00,7.24489,7.24643,7.24353,7.24623,19137.0,7.2446,19137
2025-03-07 21:00:00,7.24619,7.24619,7.23819,7.24436,12038.0,7.2446,12038
2025-03-09 21:00:00,7.24021,7.24251,7.23973,7.23999,38.0,7.2403,38
2025-03-09 22:00:00,7.23986,7.24142,7.23627,7.23627,65.0,7.2391,65
2025-03-09 23:00:00,7.23995,7.24114,7.23595,7.24039,87.0,7.2387,87
2025-03-10 00:00:00,7.24036,7.24374,7.23786,7.23989,2414.0,7.2409,2414
2025-03-10 01:00:00,7.23973,7.2527,7.23532,7.25226,4312.0,7.2444,4312
2025-03-10 02:00:00,7.25229,7.2614,7.2427,7.26086,18231.0,7.2566,18231
2025-03-10 03:00:00,7.26076,7.2629,7.25819,7.25977,16782.0,7.2607,16782
2025-03-10 04:00:00,7.25975,7.26093,7.25838,7.25969,15367.0,7.2596,15367
2025-03-10 05:00:00,7.25967,7.26436,7.24523,7.26094,17452.0,7.2619,17452
2025-03-10 06:00:00,7.26096,7.26442,7.25627,7.26431,18725.0,7.2588,18725
2025-03-10 07:00:00,7.26422,7.26842,7.26099,7.26699,19152.0,7.2642,19152
2025-03-10 08:00:00,7.26699,7.26965,7.26425,7.26735,20414.0,7.2671,20414
2025-03-10 09:00:00,7.26728,7.26815,7.2604,7.263,20032.0,7.2641,20032
2025-03-10 10:00:00,7.26285,7.26486,7.25862,7.26068,19700.0,7.2615,19700
2025-03-10 11:00:00,7.26068,7.2643,7.25749,7.26016,19723.0,7.2599,19723
2025-03-10 12:00:00,7.26019,7.26107,7.2565,7.26047,19800.0,7.2589,19800
2025-03-10 13:00:00,7.26041,7.26157,7.25302,7.25941,20376.0,7.259,20376
2025-03-10 14:00:00,7.25953,7.25992,7.25585,7.25831,20298.0,7.258,20298
2025-03-10 15:00:00,7.2583,7.26164,7.25777,7.26002,20485.0,7.2603,20485
2025-03-10 16:00:00,7.2602,7.26262,7.25819,7.26233,19925.0,7.2604,19925
2025-03-10 17:00:00,7.26228,7.26456,7.2601,7.26404,18982.0,7.2625,18982
2025-03-10 18:00:00,7.26412,7.26645,7.26262,7.26479,19156.0,7.2652,19156
2025-03-10 19:00:00,7.26481,7.26567,7.261,7.26267,19620.0,7.2633,19620
2025-03-10 20:00:00,7.26258,7.26463,7.25605,7.26339,17018.0,7.2633,17018
2025-03-10 21:00:00,7.26339,7.26381,7.2559,7.2597,743.0,7.2623,743
2025-03-10 22:00:00,7.26302,7.26339,7.2597,7.26167,613.0,7.262,613
2025-03-10 23:00:00,7.261,7.26188,7.2578,7.25919,759.0,7.2605,759
2025-03-11 00:00:00,7.25844,7.25947,7.25419,7.25513,2921.0,7.2565,2921
2025-03-11 01:00:00,7.25493,7.26083,7.25323,7.25381,4501.0,7.2572,4501
2025-03-11 02:00:00,7.25375,7.2554,7.24131,7.24588,19837.0,7.2477,19837
2025-03-11 03:00:00,7.24608,7.24919,7.24318,7.24745,18117.0,7.2469,18117
2025-03-11 04:00:00,7.24745,7.24798,7.24378,7.24622,16481.0,7.246,16481
2025-03-11 05:00:00,7.24637,7.25282,7.24614,7.24775,18244.0,7.2492,18244
2025-03-11 06:00:00,7.24762,7.24973,7.23976,7.24379,19937.0,7.2446,19937
2025-03-11 07:00:00,7.24381,7.24393,7.22648,7.23101,20674.0,7.2361,20674
2025-03-11 08:00:00,7.23099,7.23475,7.229,7.23215,20669.0,7.2322,20669
2025-03-11 09:00:00,7.23209,7.23605,7.22984,7.23496,19848.0,7.2334,19848
2025-03-11 10:00:00,7.23488,7.23853,7.23401,7.23673,19023.0,7.2361,19023
2025-03-11 11:00:00,7.23671,7.2386,7.2343,7.23568,18484.0,7.2366,18484
2025-03-11 12:00:00,7.23579,7.23724,7.2321,7.23411,19591.0,7.2344,19591
2025-03-11 13:00:00,7.2341,7.23624,7.22556,7.22665,20346.0,7.2316,20346
2025-03-11 14:00:00,7.22693,7.23278,7.22659,7.23078,20000.0,7.2307,20000
2025-03-11 15:00:00,7.23038,7.23213,7.22707,7.22771,18015.0,7.2297,18015
2025-03-11 16:00:00,7.22772,7.23206,7.22752,7.23098,14951.0,7.23,14951
2025-03-11 17:00:00,7.23096,7.23117,7.227,7.22833,12008.0,7.2294,12008
2025-03-11 18:00:00,7.22822,7.22878,7.22476,7.22682,15350.0,7.2267,15350
2025-03-11 19:00:00,7.22684,7.22819,7.2251,7.22617,12665.0,7.2269,12665
2025-03-11 20:00:00,7.22615,7.22767,7.22423,7.22588,7992.0,7.2264,7992
2025-03-11 21:00:00,7.22588,7.22771,7.22446,7.22638,85.0,7.2263,85
2025-03-11 22:00:00,7.22643,7.22745,7.22465,7.22706,729.0,7.2269,729
2025-03-11 23:00:00,7.22713,7.22942,7.22605,7.22925,776.0,7.2281,776
2025-03-12 00:00:00,7.22915,7.23374,7.22816,7.23181,2631.0,7.2315,2631
2025-03-12 01:00:00,7.2317,7.23411,7.21501,7.22464,4187.0,7.2251,4187
2025-03-12 02:00:00,7.22452,7.22665,7.21942,7.22527,14393.0,7.2233,14393
2025-03-12 03:00:00,7.22535,7.23816,7.2233,7.23635,12340.0,7.2303,12340
2025-03-12 04:00:00,7.23636,7.24116,7.23611,7.23943,8838.0,7.2389,8838
2025-03-12 05:00:00,7.23923,7.24076,7.234,7.23488,10877.0,7.2376,10877
2025-03-12 06:00:00,7.23486,7.24776,7.2327,7.2458,13902.0,7.2408,13902
2025-03-12 07:00:00,7.24582,7.25006,7.24455,7.24558,15323.0,7.247,15323
2025-03-12 08:00:00,7.24557,7.24747,7.24116,7.24119,16601.0,7.2446,16601
2025-03-12 09:00:00,7.24118,7.24715,7.24067,7.24691,13987.0,7.2444,13987
2025-03-12 10:00:00,7.24693,7.24796,7.24428,7.246,10862.0,7.2463,10862
2025-03-12 11:00:00,7.246,7.24627,7.24238,7.24462,11773.0,7.244,11773
2025-03-12 12:00:00,7.24465,7.24806,7.2322,7.24702,16339.0,7.2447,16339
2025-03-12 13:00:00,7.24716,7.24748,7.24296,7.24552,18012.0,7.2451,18012
2025-03-12 14:00:00,7.24553,7.24592,7.24068,7.24106,17221.0,7.2437,17221
2025-03-12 15:00:00,7.24104,7.24135,7.23822,7.24051,15354.0,7.24,15354
2025-03-12 16:00:00,7.24052,7.24127,7.23723,7.23898,13396.0,7.2385,13396
2025-03-12 17:00:00,7.23899,7.24095,7.23738,7.2394,10737.0,7.2391,10737
2025-03-12 18:00:00,7.23942,7.24174,7.238,7.24078,10129.0,7.24,10129
2025-03-12 19:00:00,7.24087,7.24141,7.23885,7.23988,8929.0,7.2401,8929
2025-03-12 20:00:00,7.23984,7.24072,7.23761,7.23806,6657.0,7.2397,6657
2025-03-12 21:00:00,7.23806,7.2417,7.23693,7.24094,496.0,7.2406,496
2025-03-12 22:00:00,7.23686,7.24058,7.23685,7.23941,347.0,7.239,347
2025-03-12 23:00:00,7.23951,7.24137,7.23715,7.23793,736.0,7.2392,736
2025-03-13 00:00:00,7.23808,7.24029,7.23666,7.23833,2493.0,7.2388,2493
2025-03-13 01:00:00,7.23824,7.24269,7.23714,7.24067,3821.0,7.2398,3821
2025-03-13 02:00:00,7.24075,7.24107,7.2297,7.23102,13429.0,7.236,13429
2025-03-13 03:00:00,7.23095,7.23733,7.2298,7.23654,10370.0,7.2347,10370
2025-03-13 04:00:00,7.23662,7.23838,7.23621,7.23665,7138.0,7.2374,7138
2025-03-13 05:00:00,7.23667,7.24343,7.23657,7.24198,11843.0,7.2404,11843
2025-03-13 06:00:00,7.24196,7.24431,7.23879,7.24138,13709.0,7.2413,13709
2025-03-13 07:00:00,7.24139,7.24546,7.238,7.24288,14719.0,7.2418,14719
2025-03-13 08:00:00,7.24291,7.24756,7.2411,7.2454,15315.0,7.2439,15315
2025-03-13 09:00:00,7.24539,7.2457,7.24182,7.24396,12068.0,7.2442,12068
2025-03-13 10:00:00,7.24398,7.2483,7.24302,7.24648,11206.0,7.2462,11206
2025-03-13 11:00:00,7.24647,7.24966,7.24556,7.24865,11834.0,7.2472,11834
2025-03-13 12:00:00,7.24858,7.25136,7.24434,7.25102,16455.0,7.2491,16455
2025-03-13 13:00:00,7.25106,7.2534,7.24757,7.25115,16516.0,7.2506,16516
2025-03-13 14:00:00,7.25105,7.25149,7.24494,7.24585,16052.0,7.2483,16052
2025-03-13 15:00:00,7.24587,7.24817,7.24389,7.24585,16370.0,7.2464,16370
2025-03-13 16:00:00,7.24612,7.24646,7.2436,7.24513,14821.0,7.2451,14821
2025-03-13 17:00:00,7.24513,7.24893,7.2447,7.24825,12878.0,7.2474,12878
2025-03-13 18:00:00,7.24826,7.24857,7.245,7.24616,10399.0,7.2467,10399
2025-03-13 19:00:00,7.24614,7.24851,7.2456,7.24834,10588.0,7.2471,10588
2025-03-13 20:00:00,7.24836,7.24913,7.24435,7.24725,9703.0,7.2477,9703
2025-03-13 21:00:00,7.24725,7.25006,7.23611,7.24455,466.0,7.2472,466
2025-03-13 22:00:00,7.24763,7.2479,7.24165,7.24503,388.0,7.2463,388
2025-03-13 23:00:00,7.24719,7.24889,7.2445,7.24843,496.0,7.2475,496
2025-03-14 00:00:00,7.24838,7.2507,7.24646,7.24894,2750.0,7.2488,2750
2025-03-14 01:00:00,7.24892,7.25428,7.2481,7.24973,3730.0,7.2511,3730
2025-03-14 02:00:00,7.24965,7.25283,7.24822,7.24826,10761.0,7.2507,10761
2025-03-14 03:00:00,7.24824,7.24901,7.23903,7.24084,14261.0,7.2429,14261
2025-03-14 04:00:00,7.24081,7.24464,7.24016,7.2432,7893.0,7.2431,7893
2025-03-14 05:00:00,7.2432,7.24583,7.2392,7.24026,11162.0,7.2437,11162
2025-03-14 06:00:00,7.24028,7.24405,7.23955,7.24087,12414.0,7.2418,12414
2025-03-14 07:00:00,7.24094,7.24158,7.2316,7.23578,15607.0,7.2355,15607
2025-03-14 08:00:00,7.23573,7.23732,7.23055,7.23155,14075.0,7.2338,14075
2025-03-14 09:00:00,7.23158,7.2386,7.2314,7.23778,12564.0,7.2359,12564
2025-03-14 10:00:00,7.23777,7.23797,7.2309,7.2357,13900.0,7.2346,13900
2025-03-14 11:00:00,7.23569,7.23621,7.2332,7.2349,13017.0,7.2347,13017
2025-03-14 12:00:00,7.23492,7.24071,7.23288,7.23942,13706.0,7.2367,13706
2025-03-14 13:00:00,7.23933,7.24312,7.23929,7.24208,15107.0,7.2417,15107
2025-03-14 14:00:00,7.24186,7.24314,7.23736,7.23834,16798.0,7.2392,16798
2025-03-14 15:00:00,7.23834,7.24164,7.23822,7.24038,14530.0,7.24,14530
2025-03-14 16:00:00,7.24043,7.24106,7.2372,7.23929,11805.0,7.2388,11805
2025-03-14 17:00:00,7.23929,7.24005,7.23761,7.23891,9107.0,7.2389,9107
2025-03-14 18:00:00,7.23895,7.2397,7.238,7.23833,6974.0,7.2388,6974
2025-03-14 19:00:00,7.23837,7.23863,7.2358,7.23608,8178.0,7.2374,8178
2025-03-14 20:00:00,7.23612,7.23845,7.18174,7.23581,12558.0,7.2359,12558
2025-03-16 21:00:00,7.23149,7.23509,7.22983,7.23009,39.0,7.2333,39
2025-03-16 22:00:00,7.2298,7.23221,7.22915,7.23124,58.0,7.2313,58
2025-03-16 23:00:00,7.23215,7.23215,7.23031,7.23078,79.0,7.2309,79
2025-03-17 00:00:00,7.23113,7.23113,7.22516,7.22876,2059.0,7.2288,2059
2025-03-17 01:00:00,7.22874,7.23619,7.22512,7.23597,4377.0,7.2298,4377
2025-03-17 02:00:00,7.23603,7.24152,7.23177,7.2382,11676.0,7.2377,11676
2025-03-17 03:00:00,7.23824,7.24176,7.23744,7.23885,8830.0,7.2395,8830
2025-03-17 04:00:00,7.23883,7.24412,7.23766,7.24335,8359.0,7.2414,8359
2025-03-17 05:00:00,7.24336,7.24439,7.23948,7.24002,8933.0,7.2423,8933
2025-03-17 06:00:00,7.24,7.24322,7.23929,7.24182,9718.0,7.2408,9718
2025-03-17 07:00:00,7.24181,7.24469,7.23962,7.24234,12284.0,7.242,12284
2025-03-17 08:00:00,7.24232,7.2434,7.23946,7.24024,13377.0,7.241,13377
2025-03-17 09:00:00,7.24026,7.24214,7.23719,7.23758,11404.0,7.2395,11404
2025-03-17 10:00:00,7.23752,7.23774,7.2327,7.23328,11654.0,7.2351,11654
2025-03-17 11:00:00,7.23331,7.23429,7.23075,7.23223,9854.0,7.2325,9854
2025-03-17 12:00:00,7.23228,7.23698,7.23027,7.23501,14430.0,7.2338,14430
2025-03-17 13:00:00,7.23498,7.2368,7.23271,7.23332,15101.0,7.2347,15101
2025-03-17 14:00:00,7.23332,7.23421,7.23116,7.23139,13931.0,7.233,13931
2025-03-17 15:00:00,7.23134,7.23156,7.227,7.22754,13739.0,7.2289,13739
2025-03-17 16:00:00,7.22757,7.22784,7.2248,7.22625,11323.0,7.2267,11323
2025-03-17 17:00:00,7.22628,7.238,7.22556,7.22755,7633.0,7.227,7633
2025-03-17 18:00:00,7.22757,7.22789,7.2256,7.22621,7990.0,7.2268,7990
2025-03-17 19:00:00,7.22619,7.22671,7.2246,7.2255,7032.0,7.2258,7032
2025-03-17 20:00:00,7.22552,7.22657,7.2215,7.22581,9262.0,7.2253,9262
2025-03-17 21:00:00,7.22581,7.22849,7.22124,7.2269,491.0,7.2267,491
2025-03-17 22:00:00,7.22823,7.22894,7.22647,7.22864,739.0,7.2281,739
2025-03-17 23:00:00,7.22853,7.22943,7.22725,7.22812,728.0,7.2286,728
2025-03-18 00:00:00,7.2272,7.23006,7.22646,7.22868,2277.0,7.2283,2277
2025-03-18 01:00:00,7.22867,7.23472,7.22744,7.23284,3626.0,7.2312,3626
2025-03-18 02:00:00,7.23292,7.23727,7.231,7.23686,10750.0,7.2346,10750
2025-03-18 03:00:00,7.23688,7.23712,7.2341,7.23477,7246.0,7.2359,7246
2025-03-18 04:00:00,7.23473,7.23515,7.2329,7.2337,5275.0,7.2343,5275
2025-03-18 05:00:00,7.23383,7.23551,7.23189,7.23417,7997.0,7.2341,7997
2025-03-18 06:00:00,7.23409,7.23721,7.2318,7.23185,10592.0,7.2352,10592
2025-03-18 07:00:00,7.23184,7.23459,7.22668,7.22725,12190.0,7.2307,12190
2025-03-18 08:00:00,7.22724,7.22737,7.22118,7.2246,14501.0,7.224,14501
2025-03-18 09:00:00,7.22464,7.22607,7.2233,7.22512,10533.0,7.2249,10533
2025-03-18 10:00:00,7.2251,7.23014,7.22427,7.22813,11345.0,7.2274,11345
2025-03-18 11:00:00,7.22811,7.22975,7.2255,7.22963,10095.0,7.2282,10095
2025-03-18 12:00:00,7.22964,7.23201,7.22788,7.22932,12278.0,7.23,12278
2025-03-18 13:00:00,7.22929,7.2315,7.2267,7.22877,14987.0,7.2286,14987
2025-03-18 14:00:00,7.22868,7.23208,7.2274,7.23161,15605.0,7.23,15605
2025-03-18 15:00:00,7.23165,7.23376,7.22904,7.23027,13509.0,7.2315,13509
2025-03-18 16:00:00,7.23026,7.23069,7.2249,7.22665,12244.0,7.2277,12244
2025-03-18 17:00:00,7.22657,7.22757,7.22562,7.22615,9574.0,7.2265,9574
2025-03-18 18:00:00,7.22619,7.22821,7.22548,7.22763,6398.0,7.2271,6398
2025-03-18 19:00:00,7.22745,7.22803,7.22707,7.22775,5045.0,7.2276,5045
2025-03-18 20:00:00,7.22771,7.2283,7.22274,7.22673,5677.0,7.2276,5677
2025-03-18 21:00:00,7.22673,7.22864,7.22284,7.2276,615.0,7.2272,615
2025-03-18 22:00:00,7.22758,7.22862,7.22475,7.22773,648.0,7.2276,648
2025-03-18 23:00:00,7.2275,7.23088,7.22695,7.22934,755.0,7.2298,755
2025-03-19 00:00:00,7.2294,7.23248,7.2294,7.23184,2403.0,7.2308,2403
2025-03-19 01:00:00,7.23187,7.23507,7.23056,7.23345,3257.0,7.2327,3257
2025-03-19 02:00:00,7.23346,7.23575,7.2317,7.23287,10295.0,7.2338,10295
2025-03-19 03:00:00,7.23285,7.23837,7.2319,7.23709,7524.0,7.2353,7524
2025-03-19 04:00:00,7.23723,7.24008,7.23694,7.23982,6115.0,7.2392,6115
2025-03-19 05:00:00,7.2398,7.23983,7.2363,7.2386,8367.0,7.2382,8367
2025-03-19 06:00:00,7.23836,7.23863,7.2343,7.23614,11086.0,7.2368,11086
2025-03-19 07:00:00,7.23627,7.2408,7.23522,7.23932,12156.0,7.2378,12156
2025-03-19 08:00:00,7.23934,7.24034,7.23763,7.2391,12989.0,7.2389,12989
2025-03-19 09:00:00,7.23908,7.23961,7.2368,7.238,10022.0,7.2381,10022
2025-03-19 10:00:00,7.23802,7.23835,7.23257,7.2345,9816.0,7.2355,9816
2025-03-19 11:00:00,7.23452,7.2362,7.23313,7.23423,9309.0,7.2347,9309
2025-03-19 12:00:00,7.23422,7.23444,7.22997,7.2324,12123.0,7.2321,12123
2025-03-19 13:00:00,7.23242,7.23338,7.2291,7.23293,13867.0,7.2315,13867
2025-03-19 14:00:00,7.23289,7.23343,7.23129,7.23327,12318.0,7.2324,12318
2025-03-19 15:00:00,7.23327,7.23751,7.2268,7.23722,11814.0,7.2347,11814
2025-03-19 16:00:00,7.23734,7.23746,7.23399,7.23455,9407.0,7.2354,9407
2025-03-19 17:00:00,7.23446,7.23729,7.23378,7.23516,10305.0,7.2357,10305
2025-03-19 18:00:00,7.23514,7.23635,7.22799,7.22936,15505.0,7.2312,15505
2025-03-19 19:00:00,7.22932,7.23334,7.2284,7.2313,14033.0,7.2311,14033
2025-03-19 20:00:00,7.23103,7.23169,7.2235,7.22617,8247.0,7.2297,8247
2025-03-19 21:00:00,7.22617,7.23341,7.22132,7.2267,526.0,7.2296,526
2025-03-19 22:00:00,7.23045,7.23089,7.2265,7.22948,433.0,7.2293,433
2025-03-19 23:00:00,7.22946,7.2305,7.2272,7.22883,763.0,7.2291,763
2025-03-20 00:00:00,7.22837,7.22957,7.22606,7.22668,2419.0,7.2276,2419
2025-03-20 01:00:00,7.2267,7.23344,7.22647,7.23277,3708.0,7.2297,3708
2025-03-20 02:00:00,7.23276,7.23613,7.2297,7.23559,11887.0,7.2331,11887
2025-03-20 03:00:00,7.2353,7.23856,7.23524,7.2372,9516.0,7.2368,9516
2025-03-20 04:00:00,7.23716,7.23914,7.2362,7.23823,6345.0,7.2377,6345
2025-03-20 05:00:00,7.23846,7.24005,7.2381,7.23887,8926.0,7.2391,8926
2025-03-20 06:00:00,7.23879,7.23915,7.2365,7.23771,10782.0,7.2379,10782
2025-03-20 07:00:00,7.23768,7.24363,7.23664,7.24172,13205.0,7.2402,13205
2025-03-20 08:00:00,7.24168,7.24518,7.24095,7.24411,12974.0,7.2428,12974
2025-03-20 09:00:00,7.24404,7.24965,7.24389,7.24571,13886.0,7.2468,13886
2025-03-20 10:00:00,7.24572,7.24803,7.24387,7.24742,13156.0,7.2464,13156
2025-03-20 11:00:00,7.24739,7.24895,7.2463,7.24766,10053.0,7.2478,10053
2025-03-20 12:00:00,7.24764,7.24961,7.2471,7.24947,12932.0,7.2484,12932
2025-03-20 13:00:00,7.24949,7.25441,7.24885,7.25294,15743.0,7.2524,15743
2025-03-20 14:00:00,7.25288,7.25467,7.25066,7.25362,14838.0,7.253,14838
2025-03-20 15:00:00,7.2536,7.25486,7.2506,7.25428,13705.0,7.2526,13705
2025-03-20 16:00:00,7.25413,7.25529,7.2373,7.254,11104.0,7.2538,11104
2025-03-20 17:00:00,7.254,7.25469,7.253,7.25419,6759.0,7.2541,6759
2025-03-20 18:00:00,7.25419,7.25439,7.2517,7.25244,7316.0,7.253,7316
2025-03-20 19:00:00,7.25246,7.25389,7.2515,7.25293,6411.0,7.2526,6411
2025-03-20 20:00:00,7.25291,7.25339,7.24537,7.25102,5105.0,7.2523,5105
2025-03-20 21:00:00,7.25102,7.25261,7.23999,7.25195,324.0,7.2517,324
2025-03-20 22:00:00,7.25185,7.25259,7.2497,7.25206,663.0,7.2519,663
2025-03-20 23:00:00,7.252,7.25325,7.2508,7.25305,758.0,7.2521,758
2025-03-21 00:00:00,7.25298,7.25413,7.25028,7.25128,2540.0,7.2522,2540
2025-03-21 01:00:00,7.25129,7.25461,7.24786,7.24844,3423.0,7.2524,3423
2025-03-21 02:00:00,7.24842,7.25359,7.24637,7.25304,10971.0,7.2499,10971
2025-03-21 03:00:00,7.25308,7.25759,7.25119,7.25657,9758.0,7.2538,9758
2025-03-21 04:00:00,7.25655,7.25951,7.2558,7.25682,6780.0,7.2579,6780
2025-03-21 05:00:00,7.25684,7.26009,7.2549,7.25612,10086.0,7.2577,10086
2025-03-21 06:00:00,7.25605,7.25746,7.25099,7.25211,11921.0,7.2542,11921
2025-03-21 07:00:00,7.25223,7.25338,7.2489,7.25207,11773.0,7.2521,11773
2025-03-21 08:00:00,7.25208,7.25704,7.25113,7.25527,12756.0,7.2547,12756
2025-03-21 09:00:00,7.25525,7.25824,7.25456,7.25793,10207.0,7.2563,10207
2025-03-21 10:00:00,7.25791,7.25812,7.25463,7.25482,9799.0,7.2563,9799
2025-03-21 11:00:00,7.25481,7.25503,7.2503,7.2511,10895.0,7.2522,10895
2025-03-21 12:00:00,7.2511,7.2535,7.2501,7.25268,12434.0,7.2521,12434
2025-03-21 13:00:00,7.25268,7.25772,7.25262,7.25659,14838.0,7.2546,14838
2025-03-21 14:00:00,7.25659,7.2578,7.25471,7.25665,14601.0,7.2565,14601
2025-03-21 15:00:00,7.25663,7.25997,7.25566,7.25701,11755.0,7.2573,11755
2025-03-21 16:00:00,7.25703,7.25897,7.2552,7.25769,12146.0,7.2574,12146
2025-03-21 17:00:00,7.25771,7.26011,7.25622,7.25763,9569.0,7.2585,9569
2025-03-21 18:00:00,7.25761,7.2594,7.2567,7.25755,7308.0,7.2581,7308
2025-03-21 19:00:00,7.25753,7.25809,7.2563,7.25773,5805.0,7.2574,5805
2025-03-21 20:00:00,7.25774,7.26151,7.20948,7.25578,8869.0,7.2571,8869
2025-03-23 21:00:00,7.25343,7.25386,7.25336,7.25375,38.0,7.2537,38
2025-03-23 22:00:00,7.25338,7.25589,7.25078,7.25106,48.0,7.2539,48
2025-03-23 23:00:00,7.25108,7.25164,7.24823,7.24968,94.0,7.2496,94
2025-03-24 00:00:00,7.24977,7.25477,7.24727,7.2526,2144.0,7.2518,2144
2025-03-24 01:00:00,7.25259,7.2651,7.25256,7.26363,3762.0,7.2597,3762
2025-03-24 02:00:00,7.2636,7.26445,7.26101,7.26373,10272.0,7.2628,10272
2025-03-24 03:00:00,7.26378,7.26518,7.26219,7.26429,8331.0,7.2636,8331
2025-03-24 04:00:00,7.26437,7.26493,7.26294,7.2634,5113.0,7.2642,5113
2025-03-24 05:00:00,7.26336,7.26495,7.26184,7.26398,8890.0,7.2637,8890
2025-03-24 06:00:00,7.26381,7.26399,7.2592,7.26067,11775.0,7.2611,11775
2025-03-24 07:00:00,7.26059,7.26121,7.2544,7.25733,12568.0,7.258,12568
2025-03-24 08:00:00,7.25724,7.25899,7.25468,7.25847,12962.0,7.2571,12962
2025-03-24 09:00:00,7.25843,7.26176,7.25736,7.26102,11723.0,7.2604,11723
2025-03-24 10:00:00,7.26101,7.26136,7.2551,7.256,10285.0,7.2572,10285
2025-03-24 11:00:00,7.25592,7.26076,7.25553,7.26049,9006.0,7.2576,9006
2025-03-24 12:00:00,7.26051,7.26196,7.25869,7.25908,11205.0,7.2607,11205
2025-03-24 13:00:00,7.25906,7.26375,7.25872,7.26329,13859.0,7.261,13859
2025-03-24 14:00:00,7.2635,7.26484,7.26009,7.26404,14984.0,7.2625,14984
2025-03-24 15:00:00,7.26403,7.26487,7.26217,7.26446,11879.0,7.2635,11879
2025-03-24 16:00:00,7.26438,7.26733,7.2624,7.26613,10703.0,7.2649,10703
2025-03-24 17:00:00,7.26612,7.26756,7.265,7.26652,7611.0,7.2664,7611
2025-03-24 18:00:00,7.26654,7.26781,7.2568,7.26358,8874.0,7.2653,8874
2025-03-24 19:00:00,7.26366,7.26491,7.2626,7.26402,6203.0,7.2642,6203
2025-03-24 20:00:00,7.26412,7.26472,7.25795,7.26235,5685.0,7.2634,5685
2025-03-24 21:00:00,7.26235,7.26497,7.25705,7.26165,277.0,7.2632,277
2025-03-24 22:00:00,7.26476,7.26481,7.26165,7.26325,350.0,7.2637,350
2025-03-24 23:00:00,7.26448,7.26472,7.2625,7.26357,359.0,7.2637,359
2025-03-25 00:00:00,7.26319,7.26719,7.26311,7.26673,2141.0,7.2653,2141
2025-03-25 01:00:00,7.26671,7.26839,7.2644,7.26706,3296.0,7.2667,3296
2025-03-25 02:00:00,7.26708,7.27078,7.2663,7.2697,8781.0,7.2689,8781
2025-03-25 03:00:00,7.26972,7.26987,7.26587,7.26659,8359.0,7.2674,8359
2025-03-25 04:00:00,7.26663,7.26718,7.2651,7.26691,5469.0,7.2664,5469
2025-03-25 05:00:00,7.26702,7.26728,7.2645,7.26593,7002.0,7.2659,7002
2025-03-25 06:00:00,7.26591,7.26789,7.26556,7.26731,7897.0,7.2669,7897
2025-03-25 07:00:00,7.26733,7.27038,7.26589,7.26984,10777.0,7.2683,10777
2025-03-25 08:00:00,7.2699,7.27146,7.2677,7.26909,12421.0,7.2698,12421
2025-03-25 09:00:00,7.26911,7.27037,7.26624,7.26722,11191.0,7.2682,11191
2025-03-25 10:00:00,7.26724,7.26746,7.26227,7.2637,12394.0,7.2651,12394
2025-03-25 11:00:00,7.2637,7.26457,7.26095,7.26301,10837.0,7.2628,10837
2025-03-25 12:00:00,7.26299,7.26311,7.2608,7.26191,11308.0,7.262,11308
2025-03-25 13:00:00,7.26204,7.26388,7.26088,7.26259,13772.0,7.2627,13772
2025-03-25 14:00:00,7.26241,7.266,7.2617,7.26424,14002.0,7.263,14002
2025-03-25 15:00:00,7.26426,7.26649,7.263,7.26557,12498.0,7.2647,12498
2025-03-25 16:00:00,7.26554,7.26615,7.26349,7.26454,10145.0,7.2648,10145
2025-03-25 17:00:00,7.26452,7.26504,7.2631,7.26431,6574.0,7.2643,6574
2025-03-25 18:00:00,7.26433,7.26611,7.2636,7.26586,6662.0,7.2652,6662
2025-03-25 19:00:00,7.26584,7.26635,7.26458,7.26598,5930.0,7.2656,5930
2025-03-25 20:00:00,7.26604,7.26686,7.26295,7.26503,5225.0,7.266,5225
2025-03-25 21:00:00,7.26503,7.26611,7.26146,7.26586,515.0,7.2653,515
2025-03-25 22:00:00,7.26576,7.26649,7.26235,7.26396,299.0,7.2657,299
2025-03-25 23:00:00,7.26582,7.26654,7.26395,7.26573,732.0,7.266,732
2025-03-26 00:00:00,7.26541,7.26925,7.26416,7.26896,2509.0,7.2661,2509
2025-03-26 01:00:00,7.26876,7.27087,7.2659,7.26754,3564.0,7.2681,3564
2025-03-26 02:00:00,7.26753,7.27247,7.2659,7.2712,10174.0,7.2696,10174
2025-03-26 03:00:00,7.27124,7.27396,7.2706,7.27198,8769.0,7.2726,8769
2025-03-26 04:00:00,7.27188,7.27406,7.27172,7.27349,6108.0,7.273,6108
2025-03-26 05:00:00,7.27353,7.27503,7.27243,7.27321,9052.0,7.2738,9052
2025-03-26 06:00:00,7.27323,7.27429,7.27124,7.272,9221.0,7.2731,9221
2025-03-26 07:00:00,7.2721,7.27353,7.2711,7.27268,11634.0,7.2725,11634
2025-03-26 08:00:00,7.27269,7.27329,7.2712,7.2718,12123.0,7.2722,12123
2025-03-26 09:00:00,7.27182,7.27478,7.27153,7.27465,9592.0,7.2724,9592
2025-03-26 10:00:00,7.27466,7.27508,7.2706,7.27378,8606.0,7.2734,8606
2025-03-26 11:00:00,7.27378,7.27711,7.27324,7.2768,9079.0,7.2752,9079
2025-03-26 12:00:00,7.27681,7.27831,7.27294,7.27443,13303.0,7.2761,13303
2025-03-26 13:00:00,7.27448,7.27744,7.2729,7.27743,14836.0,7.275,14836
2025-03-26 14:00:00,7.27735,7.27882,7.2759,7.27637,14196.0,7.2777,14196
2025-03-26 15:00:00,7.27637,7.27968,7.2752,7.27916,11248.0,7.2769,11248
2025-03-26 16:00:00,7.27914,7.27928,7.2757,7.2771,11141.0,7.2775,11141
2025-03-26 17:00:00,7.2771,7.27987,7.2766,7.27966,11231.0,7.2788,11231
2025-03-26 18:00:00,7.2797,7.28121,7.279,7.28068,7171.0,7.2799,7171
2025-03-26 19:00:00,7.2807,7.28236,7.2797,7.28062,7447.0,7.2812,7447
2025-03-26 20:00:00,7.28056,7.28086,7.2741,7.27836,8573.0,7.2788,8573
2025-03-26 21:00:00,7.27836,7.28177,7.24578,7.27614,1064.0,7.2771,1064
2025-03-26 22:00:00,7.27545,7.27714,7.27505,7.27693,753.0,7.2763,753
2025-03-26 23:00:00,7.27691,7.27932,7.2751,7.27858,743.0,7.2779,743
2025-03-27 00:00:00,7.27835,7.27871,7.27336,7.27427,2502.0,7.2762,2502
2025-03-27 01:00:00,7.27431,7.27495,7.27066,7.27385,3587.0,7.2731,3587
2025-03-27 02:00:00,7.27387,7.27387,7.26608,7.26851,11910.0,7.2701,11910
2025-03-27 03:00:00,7.26844,7.26938,7.267,7.26815,8399.0,7.2684,8399
2025-03-27 04:00:00,7.26822,7.26858,7.26542,7.26741,6038.0,7.2669,6038
2025-03-27 05:00:00,7.26737,7.27237,7.2665,7.2714,8525.0,7.2691,8525
2025-03-27 06:00:00,7.2713,7.27173,7.26897,7.27019,10183.0,7.2703,10183
2025-03-27 07:00:00,7.27012,7.27367,7.27007,7.27337,12725.0,7.272,12725
2025-03-27 08:00:00,7.27329,7.2748,7.27138,7.27261,13048.0,7.273,13048
2025-03-27 09:00:00,7.2726,7.2752,7.2721,7.27488,10634.0,7.2739,10634
2025-03-27 10:00:00,7.27484,7.27553,7.27104,7.27241,9987.0,7.2734,9987
2025-03-27 11:00:00,7.27229,7.27464,7.27105,7.27443,9670.0,7.2729,9670
2025-03-27 12:00:00,7.27442,7.27657,7.2735,7.27523,11757.0,7.2748,11757
2025-03-27 13:00:00,7.27521,7.27902,7.27471,7.27705,15973.0,7.277,15973
2025-03-27 14:00:00,7.27703,7.27747,7.27417,7.27579,14009.0,7.2759,14009
2025-03-27 15:00:00,7.27577,7.27617,7.26681,7.26725,16152.0,7.2712,16152
2025-03-27 16:00:00,7.26724,7.27022,7.2654,7.26859,13027.0,7.2682,13027
2025-03-27 17:00:00,7.26849,7.27039,7.26821,7.26992,8860.0,7.2693,8860
2025-03-27 18:00:00,7.2699,7.27038,7.2684,7.27005,6716.0,7.2696,6716
2025-03-27 19:00:00,7.26995,7.27069,7.2687,7.26964,6963.0,7.2697,6963
2025-03-27 20:00:00,7.26962,7.26994,7.2634,7.26356,9445.0,7.2684,9445
2025-03-27 21:00:00,7.26356,7.26851,7.26176,7.26613,1036.0,7.2654,1036
2025-03-27 22:00:00,7.26618,7.2682,7.26511,7.26783,718.0,7.2672,718
2025-03-27 23:00:00,7.2669,7.26828,7.26605,7.2671,737.0,7.2675,737
2025-03-28 00:00:00,7.26672,7.27217,7.26656,7.27046,2419.0,7.2697,2419
2025-03-28 01:00:00,7.27057,7.2715,7.26802,7.26917,2961.0,7.2696,2961
2025-03-28 02:00:00,7.26922,7.27531,7.26814,7.27421,10536.0,7.2716,10536
2025-03-28 03:00:00,7.27419,7.27432,7.27189,7.27254,7975.0,7.2732,7975
2025-03-28 04:00:00,7.27254,7.27453,7.272,7.27416,5160.0,7.2735,5160
2025-03-28 05:00:00,7.27417,7.27505,7.27118,7.27261,7398.0,7.2739,7398
2025-03-28 06:00:00,7.27263,7.27305,7.27025,7.27217,9173.0,7.2714,9173
2025-03-28 07:00:00,7.2722,7.27345,7.2672,7.27108,10383.0,7.2712,10383
2025-03-28 08:00:00,7.27107,7.27286,7.26888,7.26958,11771.0,7.271,11771
2025-03-28 09:00:00,7.26962,7.27354,7.26912,7.27267,9655.0,7.2721,9655
2025-03-28 10:00:00,7.27269,7.27481,7.2716,7.27479,8049.0,7.2732,8049
2025-03-28 11:00:00,7.27473,7.27671,7.2741,7.2756,8232.0,7.2753,8232
2025-03-28 12:00:00,7.27562,7.27663,7.2724,7.27388,12223.0,7.2744,12223
2025-03-28 13:00:00,7.2739,7.27567,7.27134,7.27243,16131.0,7.2734,16131
2025-03-28 14:00:00,7.27205,7.27462,7.2687,7.27062,16420.0,7.2714,16420
2025-03-28 15:00:00,7.2707,7.27129,7.26711,7.26998,15245.0,7.2685,15245
2025-03-28 16:00:00,7.26996,7.27047,7.26744,7.27002,10785.0,7.2689,10785
2025-03-28 17:00:00,7.27,7.27257,7.26893,7.27199,9255.0,7.2705,9255
2025-03-28 18:00:00,7.27197,7.27354,7.2678,7.26846,9347.0,7.2697,9347
2025-03-28 19:00:00,7.26848,7.27027,7.2679,7.26988,6634.0,7.2691,6634
2025-03-28 20:00:00,7.26986,7.27087,7.22226,7.22634,7971.0,7.2686,7971
2025-03-30 21:00:00,7.26286,7.265,7.26271,7.265,67.0,7.2631,67
2025-03-30 22:00:00,7.2657,7.26933,7.26437,7.26845,105.0,7.2681,105
2025-03-30 23:00:00,7.26881,7.27374,7.26826,7.27124,2582.0,7.271,2582
2025-03-31 00:00:00,7.27124,7.27151,7.26119,7.2616,3516.0,7.2664,3516
2025-03-31 01:00:00,7.26154,7.2694,7.26017,7.26175,13919.0,7.2625,13919
2025-03-31 02:00:00,7.26177,7.26187,7.2529,7.25701,14169.0,7.2575,14169
2025-03-31 03:00:00,7.25703,7.26022,7.25628,7.25979,9341.0,7.2579,9341
2025-03-31 04:00:00,7.25971,7.26124,7.25734,7.25802,7054.0,7.2587,7054
2025-03-31 05:00:00,7.258,7.25989,7.25611,7.25777,10174.0,7.2583,10174
2025-03-31 06:00:00,7.25775,7.26003,7.2541,7.25552,14293.0,7.2574,14293
2025-03-31 07:00:00,7.25557,7.26084,7.25279,7.26019,14980.0,7.2577,14980
2025-03-31 08:00:00,7.26021,7.26335,7.25996,7.26222,13266.0,7.2615,13266
2025-03-31 09:00:00,7.26227,7.26296,7.26068,7.26229,10232.0,7.2618,10232
2025-03-31 10:00:00,7.26221,7.26322,7.26118,7.26217,8213.0,7.2623,8213
2025-03-31 11:00:00,7.26215,7.26253,7.25908,7.26064,9325.0,7.2613,9325
2025-03-31 12:00:00,7.26062,7.26234,7.2577,7.26202,11541.0,7.261,11541
2025-03-31 13:00:00,7.26201,7.26459,7.25942,7.2639,14307.0,7.262,14307
2025-03-31 14:00:00,7.26393,7.26754,7.26368,7.26585,15468.0,7.2658,15468
2025-03-31 15:00:00,7.26583,7.26773,7.26364,7.26706,14490.0,7.2654,14490
2025-03-31 16:00:00,7.26706,7.26769,7.26319,7.26422,11538.0,7.2658,11538
2025-03-31 17:00:00,7.26422,7.26602,7.2637,7.26501,8354.0,7.265,8354
2025-03-31 18:00:00,7.26499,7.266,7.264,7.26486,8732.0,7.2652,8732
2025-03-31 19:00:00,7.26488,7.26516,7.2632,7.26465,10575.0,7.2643,10575
2025-03-31 20:00:00,7.26463,7.26595,7.26403,7.26558,5512.0,7.265,5512
2025-03-31 21:00:00,7.26558,7.26592,7.2633,7.26514,726.0,7.2653,726
2025-03-31 22:00:00,7.2652,7.26631,7.26196,7.26609,733.0,7.265,733
2025-03-31 23:00:00,7.26516,7.26686,7.26399,7.26558,2020.0,7.2654,2020
2025-04-01 00:00:00,7.2656,7.26679,7.26291,7.2644,2916.0,7.2649,2916
2025-04-01 01:00:00,7.26435,7.27408,7.2641,7.27261,12329.0,7.2693,12329
2025-04-01 02:00:00,7.27263,7.27598,7.27014,7.27449,12706.0,7.2725,12706
2025-04-01 03:00:00,7.2746,7.27593,7.2726,7.27419,9993.0,7.2746,9993
2025-04-01 04:00:00,7.27411,7.27724,7.27348,7.27557,6584.0,7.2756,6584
2025-04-01 05:00:00,7.27562,7.27975,7.27552,7.2783,11034.0,7.2782,11034
2025-04-01 06:00:00,7.27828,7.27896,7.27663,7.27826,11812.0,7.2776,11812
2025-04-01 07:00:00,7.27827,7.28054,7.2772,7.27899,12899.0,7.2792,12899
2025-04-01 08:00:00,7.27912,7.28104,7.27778,7.27883,10024.0,7.2794,10024
2025-04-01 09:00:00,7.27885,7.27938,7.2765,7.27897,9630.0,7.2782,9630
2025-04-01 10:00:00,7.27908,7.28211,7.27861,7.28099,12502.0,7.2803,12502
2025-04-01 11:00:00,7.28103,7.28321,7.28056,7.28296,11240.0,7.282,11240
2025-04-01 12:00:00,7.28295,7.28317,7.27912,7.27978,11101.0,7.2808,11101
2025-04-01 13:00:00,7.27971,7.28162,7.2781,7.28011,12131.0,7.2796,12131
2025-04-01 14:00:00,7.27983,7.28162,7.2781,7.28143,16059.0,7.2796,16059
2025-04-01 15:00:00,7.28143,7.28201,7.2794,7.28196,13216.0,7.2805,13216
2025-04-01 16:00:00,7.28193,7.28398,7.28114,7.28232,11692.0,7.2825,11692
2025-04-01 17:00:00,7.28229,7.28263,7.281,7.2817,7596.0,7.2818,7596
2025-04-01 18:00:00,7.28169,7.28311,7.281,7.28171,7443.0,7.282,7443
2025-04-01 19:00:00,7.28169,7.282,7.2803,7.2812,5545.0,7.2813,5545
2025-04-01 20:00:00,7.28128,7.28224,7.28027,7.28135,4099.0,7.2813,4099
2025-04-01 21:00:00,7.28135,7.28139,7.27835,7.27835,154.0,7.2803,154
2025-04-01 22:00:00,7.2797,7.28152,7.2765,7.2796,661.0,7.2787,661
2025-04-01 23:00:00,7.27867,7.28028,7.2785,7.28028,1301.0,7.2794,1301
2025-04-02 00:00:00,7.28002,7.28124,7.2778,7.27907,2761.0,7.2795,2761
2025-04-02 01:00:00,7.27895,7.28276,7.27609,7.27627,11634.0,7.2795,11634
2025-04-02 02:00:00,7.27625,7.27857,7.2749,7.27775,10218.0,7.2765,10218
2025-04-02 03:00:00,7.27771,7.27853,7.27535,7.27784,6714.0,7.2771,6714
2025-04-02 04:00:00,7.27771,7.27838,7.2757,7.27718,4645.0,7.2773,4645
2025-04-02 05:00:00,7.27708,7.28084,7.27702,7.27998,8539.0,7.2787,8539
2025-04-02 06:00:00,7.28,7.28029,7.2766,7.27764,9534.0,7.2787,9534
2025-04-02 07:00:00,7.2776,7.27908,7.2769,7.27891,9376.0,7.2781,9376
2025-04-02 08:00:00,7.27907,7.28012,7.2772,7.27904,9773.0,7.2788,9773
2025-04-02 09:00:00,7.27906,7.27957,7.27637,7.27746,8367.0,7.2784,8367
2025-04-02 10:00:00,7.27739,7.28136,7.2768,7.27898,10684.0,7.2788,10684
2025-04-02 11:00:00,7.27901,7.27931,7.27446,7.27629,9372.0,7.2765,9372
2025-04-02 12:00:00,7.2761,7.27759,7.27419,7.27548,11830.0,7.2757,11830
2025-04-02 13:00:00,7.27546,7.2766,7.2717,7.27501,14912.0,7.2748,14912
2025-04-02 14:00:00,7.27503,7.27821,7.27448,7.27458,15393.0,7.2764,15393
2025-04-02 15:00:00,7.27456,7.27665,7.27446,7.27579,12387.0,7.2756,12387
2025-04-02 16:00:00,7.27576,7.2812,7.27541,7.27737,9242.0,7.2767,9242
2025-04-02 17:00:00,7.27735,7.28016,7.2761,7.27994,7810.0,7.2783,7810
2025-04-02 18:00:00,7.27995,7.28028,7.2768,7.27789,7622.0,7.279,7622
2025-04-02 19:00:00,7.27785,7.27993,7.27665,7.27825,7398.0,7.2781,7398
2025-04-02 20:00:00,7.27823,7.29651,7.26573,7.29553,13601.0,7.2814,13601
2025-04-02 21:00:00,7.29553,7.33689,7.29275,7.32554,724.0,7.3208,724
2025-04-02 22:00:00,7.32567,7.34828,7.32444,7.33828,794.0,7.3405,794
2025-04-02 23:00:00,7.33763,7.33832,7.32091,7.32526,2916.0,7.3289,2916
2025-04-03 00:00:00,7.32547,7.32813,7.3121,7.31657,4966.0,7.3214,4966
2025-04-03 01:00:00,7.31644,7.32637,7.30358,7.31558,18873.0,7.316,18873
2025-04-03 02:00:00,7.3156,7.3173,7.3103,7.31062,14770.0,7.3146,14770
2025-04-03 03:00:00,7.31068,7.31104,7.30406,7.30832,14282.0,7.3076,14282
2025-04-03 04:00:00,7.30832,7.31434,7.3074,7.31375,11152.0,7.3112,11152
2025-04-03 05:00:00,7.31377,7.31385,7.30528,7.3097,15179.0,7.3088,15179
2025-04-03 06:00:00,7.30972,7.31338,7.3057,7.3093,17945.0,7.3096,17945
2025-04-03 07:00:00,7.30897,7.31949,7.30868,7.31721,7542.0,7.3139,7542
2025-04-03 08:00:00,7.31725,7.3206,7.31289,7.31597,4025.0,7.3171,4025
2025-04-03 09:00:00,7.31581,7.31865,7.30935,7.31238,4118.0,7.3138,4118
2025-04-03 10:00:00,7.31229,7.31358,7.29817,7.30711,4872.0,7.3041,4872
2025-04-03 11:00:00,7.3069,7.31052,7.29903,7.30678,3988.0,7.3059,3988
2025-04-03 12:00:00,7.30677,7.31038,7.2897,7.29829,4642.0,7.3045,4642
2025-04-03 13:00:00,7.2988,7.30391,7.2851,7.29284,4760.0,7.295,4760
2025-04-03 14:00:00,7.29316,7.29716,7.27424,7.27977,5223.0,7.2857,5223
2025-04-03 15:00:00,7.27982,7.29155,7.27898,7.28875,5058.0,7.2865,5058
2025-04-03 16:00:00,7.28822,7.28941,7.2852,7.28709,3787.0,7.2874,3787
2025-04-03 17:00:00,7.28728,7.28966,7.28159,7.2825,3449.0,7.2866,3449
2025-04-03 18:00:00,7.28251,7.28364,7.277,7.27855,2981.0,7.2806,2981
2025-04-03 19:00:00,7.27875,7.28447,7.2778,7.2837,2726.0,7.2814,2726
2025-04-03 20:00:00,7.28303,7.28539,7.27704,7.28027,2411.0,7.2818,2411
2025-04-03 21:00:00,7.28027,7.28089,7.27605,7.28086,493.0,7.28,493
2025-04-03 22:00:00,7.28069,7.2812,7.27589,7.2776,587.0,7.2798,587
2025-04-03 23:00:00,7.27664,7.28344,7.27442,7.27541,2338.0,7.2782,2338
2025-04-04 00:00:00,7.27544,7.2835,7.26307,7.27075,4215.0,7.2754,4215
2025-04-04 01:00:00,7.27073,7.27252,7.2549,7.25777,4627.0,7.2633,4627
2025-04-04 02:00:00,7.2577,7.26113,7.2491,7.25365,4544.0,7.2544,4544
2025-04-04 03:00:00,7.2536,7.25623,7.24472,7.24811,4702.0,7.25,4702
2025-04-04 04:00:00,7.24814,7.25281,7.2448,7.25217,4064.0,7.2482,4064
2025-04-04 05:00:00,7.25202,7.2553,7.2473,7.24828,4421.0,7.2507,4421
2025-04-04 06:00:00,7.24799,7.25317,7.24536,7.24572,5017.0,7.2488,5017
2025-04-04 07:00:00,7.24574,7.24957,7.23891,7.24644,6128.0,7.2445,6128
2025-04-04 08:00:00,7.24631,7.25621,7.24631,7.25393,5085.0,7.2515,5085
2025-04-04 09:00:00,7.25384,7.26356,7.25345,7.26001,4734.0,7.2598,4734
2025-04-04 10:00:00,7.26012,7.29034,7.25987,7.28338,5216.0,7.2752,5216
2025-04-04 11:00:00,7.28434,7.29828,7.27308,7.29409,4939.0,7.2868,4939
2025-04-04 12:00:00,7.29417,7.29572,7.27592,7.28706,5120.0,7.2872,5120
2025-04-04 13:00:00,7.28712,7.29344,7.27452,7.29175,5051.0,7.2836,5051
2025-04-04 14:00:00,7.29194,7.29715,7.2822,7.29104,4571.0,7.2907,4571
2025-04-04 15:00:00,7.2909,7.29243,7.27665,7.28302,4938.0,7.2843,4938
2025-04-04 16:00:00,7.28303,7.2951,7.28234,7.29395,4251.0,7.2891,4251
2025-04-04 17:00:00,7.29382,7.30021,7.28365,7.29047,4016.0,7.2941,4016
2025-04-04 18:00:00,7.29068,7.294,7.28726,7.29331,3523.0,7.2908,3523
2025-04-04 19:00:00,7.29366,7.29808,7.2879,7.29078,3655.0,7.2939,3655
2025-04-04 20:00:00,7.2909,7.29742,7.29004,7.29555,3279.0,7.2923,3279
2025-04-06 21:00:00,7.301,7.30675,7.30029,7.30524,77.0,7.3034,77
2025-04-06 22:00:00,7.30479,7.30578,7.29438,7.29547,91.0,7.2992,91
2025-04-06 23:00:00,7.29603,7.30398,7.2899,7.30311,2467.0,7.2953,2467
2025-04-07 00:00:00,7.30312,7.32061,7.30022,7.3092,4723.0,7.3094,4723
2025-04-07 01:00:00,7.30965,7.32427,7.30834,7.31857,17799.0,7.316,17799
2025-04-07 02:00:00,7.31858,7.33109,7.31678,7.32582,16655.0,7.3263,16655
2025-04-07 03:00:00,7.3258,7.32926,7.31786,7.32353,14980.0,7.3234,14980
2025-04-07 04:00:00,7.32355,7.32679,7.31845,7.32002,14016.0,7.3214,14016
2025-04-07 05:00:00,7.31999,7.3246,7.3086,7.32187,17962.0,7.3178,17962
2025-04-07 06:00:00,7.32191,7.32308,7.31635,7.31786,18956.0,7.3191,18956
2025-04-07 07:00:00,7.31796,7.3247,7.31167,7.32462,19089.0,7.3182,19089
2025-04-07 08:00:00,7.32473,7.32905,7.29306,7.32633,18579.0,7.3244,18579
2025-04-07 09:00:00,7.32635,7.33015,7.32358,7.32697,18045.0,7.3275,18045
2025-04-07 10:00:00,7.32674,7.32972,7.32344,7.32499,18560.0,7.3273,18560
2025-04-07 11:00:00,7.32497,7.32601,7.31859,7.32004,17987.0,7.3214,17987
2025-04-07 12:00:00,7.32009,7.32449,7.3163,7.31808,18931.0,7.3204,18931
2025-04-07 13:00:00,7.31801,7.32718,7.31749,7.3209,19176.0,7.3223,19176
2025-04-07 14:00:00,7.32072,7.32563,7.29912,7.32167,18740.0,7.3188,18740
2025-04-07 15:00:00,7.32143,7.34828,7.3174,7.34689,19502.0,7.3352,19502
2025-04-07 16:00:00,7.34678,7.3493,7.2817,7.34676,17834.0,7.345,17834
2025-04-07 17:00:00,7.3467,7.34802,7.34048,7.3452,17991.0,7.3446,17991
2025-04-07 18:00:00,7.34516,7.34948,7.345,7.34885,15780.0,7.3483,15780
2025-04-07 19:00:00,7.34887,7.34938,7.34262,7.34678,14776.0,7.3467,14776
2025-04-07 20:00:00,7.3465,7.34792,7.34245,7.34523,10188.0,7.3462,10188
2025-04-07 21:00:00,7.34523,7.34601,7.33985,7.34477,230.0,7.3448,230
2025-04-07 22:00:00,7.34487,7.34536,7.33965,7.34508,639.0,7.3444,639
2025-04-07 23:00:00,7.34389,7.34677,7.34125,7.34345,2483.0,7.344,2483
2025-04-08 00:00:00,7.34333,7.35084,7.341,7.34922,3624.0,7.3438,3624
2025-04-08 01:00:00,7.34908,7.36528,7.34466,7.34905,17892.0,7.3513,17892
2025-04-08 02:00:00,7.349,7.34911,7.3381,7.34363,15095.0,7.3448,15095
2025-04-08 03:00:00,7.34363,7.34384,7.3357,7.34233,12708.0,7.3415,12708
2025-04-08 04:00:00,7.34229,7.34253,7.33717,7.33858,11665.0,7.3397,11665
2025-04-08 05:00:00,7.33868,7.34655,7.33865,7.34367,14611.0,7.344,14611
2025-04-08 06:00:00,7.34369,7.34679,7.3402,7.34546,16305.0,7.3436,16305
2025-04-08 07:00:00,7.34542,7.3546,7.33646,7.35431,18487.0,7.3484,18487
2025-04-08 08:00:00,7.35429,7.35794,7.35133,7.3576,17306.0,7.3544,17306
2025-04-08 09:00:00,7.35761,7.3613,7.35674,7.36048,16072.0,7.3593,16072
2025-04-08 10:00:00,7.36072,7.36188,7.3559,7.36112,13260.0,7.3598,13260
2025-04-08 11:00:00,7.36121,7.36446,7.35774,7.3602,16528.0,7.3613,16528
2025-04-08 12:00:00,7.36024,7.36345,7.35507,7.36331,17713.0,7.3591,17713
2025-04-08 13:00:00,7.36343,7.36717,7.35103,7.36648,20047.0,7.3598,20047
2025-04-08 14:00:00,7.36655,7.38488,7.36551,7.38074,20140.0,7.3728,20140
2025-04-08 15:00:00,7.38076,7.39515,7.37499,7.3942,19134.0,7.3829,19134
2025-04-08 16:00:00,7.39412,7.39925,7.3868,7.39892,18248.0,7.3929,18248
2025-04-08 17:00:00,7.39909,7.41365,7.38985,7.39871,18968.0,7.3978,18968
2025-04-08 18:00:00,7.39908,7.41247,7.39901,7.40966,18007.0,7.4063,18007
2025-04-08 19:00:00,7.4097,7.41526,7.4056,7.41156,17223.0,7.4097,17223
2025-04-08 20:00:00,7.41151,7.42886,7.41103,7.42561,11800.0,7.4224,11800
2025-04-08 21:00:00,7.42561,7.42754,7.38388,7.42422,563.0,7.425,563
2025-04-08 22:00:00,7.42412,7.4252,7.40557,7.41213,724.0,7.418,724
2025-04-08 23:00:00,7.40997,7.41497,7.39518,7.39699,2908.0,7.4031,2908
2025-04-09 00:00:00,7.39608,7.4069,7.39368,7.39521,4887.0,7.3996,4887
2025-04-09 01:00:00,7.39512,7.40113,7.37139,7.374,19766.0,7.383,19766
2025-04-09 02:00:00,7.37393,7.38659,7.37063,7.38085,17933.0,7.3773,17933
2025-04-09 03:00:00,7.38083,7.38617,7.37911,7.3847,16177.0,7.3826,16177
2025-04-09 04:00:00,7.3844,7.38535,7.37296,7.3826,18016.0,7.3797,18016
2025-04-09 05:00:00,7.38273,7.38795,7.37627,7.38457,17086.0,7.3832,17086
2025-04-09 06:00:00,7.38482,7.3854,7.3755,7.38149,20129.0,7.3824,20129
2025-04-09 07:00:00,7.38155,7.38265,7.3627,7.3681,20203.0,7.3771,20203
2025-04-09 08:00:00,7.36811,7.38104,7.36673,7.37785,18961.0,7.3759,18961
2025-04-09 09:00:00,7.37783,7.38611,7.37772,7.38084,17225.0,7.3815,17225
2025-04-09 10:00:00,7.38083,7.38166,7.3685,7.37189,17231.0,7.3746,17231
2025-04-09 11:00:00,7.37136,7.39214,7.3677,7.38027,19717.0,7.386,19717
2025-04-09 12:00:00,7.38025,7.38175,7.36258,7.37106,19776.0,7.3725,19776
2025-04-09 13:00:00,7.37111,7.38218,7.37107,7.37899,19395.0,7.3775,19395
2025-04-09 14:00:00,7.37927,7.38084,7.3743,7.37972,18541.0,7.3775,18541
2025-04-09 15:00:00,7.37968,7.38386,7.37292,7.37491,18538.0,7.3788,18538
2025-04-09 16:00:00,7.37488,7.3793,7.37321,7.37713,16205.0,7.3768,16205
2025-04-09 17:00:00,7.37699,7.395,7.3526,7.36502,20022.0,7.3719,20022
2025-04-09 18:00:00,7.365,7.36865,7.34803,7.34905,19981.0,7.3546,19981
2025-04-09 19:00:00,7.34972,7.36153,7.34763,7.3591,18761.0,7.3543,18761
2025-04-09 20:00:00,7.35902,7.3608,7.34163,7.346,13849.0,7.3503,13849
2025-04-09 21:00:00,7.346,7.34795,7.34045,7.34691,169.0,7.3465,169
2025-04-09 22:00:00,7.34704,7.34902,7.34395,7.34881,667.0,7.3467,667
2025-04-09 23:00:00,7.34744,7.3648,7.34702,7.35951,2304.0,7.3578,2304
2025-04-10 00:00:00,7.35918,7.36627,7.35166,7.35351,4311.0,7.3571,4311
2025-04-10 01:00:00,7.35337,7.37171,7.3476,7.36397,18692.0,7.3633,18692
2025-04-10 02:00:00,7.36395,7.36527,7.35855,7.36147,15688.0,7.3619,15688
2025-04-10 03:00:00,7.36139,7.36168,7.35146,7.35749,15766.0,7.3574,15766
2025-04-10 04:00:00,7.35751,7.35882,7.35113,7.35489,13291.0,7.3555,13291
2025-04-10 05:00:00,7.35493,7.35765,7.35232,7.35413,14257.0,7.355,14257
2025-04-10 06:00:00,7.35411,7.35552,7.346,7.35214,18004.0,7.3509,18004
2025-04-10 07:00:00,7.35216,7.3604,7.35088,7.35756,18232.0,7.3557,18232
2025-04-10 08:00:00,7.35754,7.35902,7.35198,7.35405,17192.0,7.3554,17192
2025-04-10 09:00:00,7.35408,7.35503,7.3494,7.3508,14846.0,7.3534,14846
2025-04-10 10:00:00,7.35078,7.35113,7.28692,7.32129,18344.0,7.3333,18344
2025-04-10 11:00:00,7.32132,7.32684,7.3157,7.32681,17839.0,7.3209,17839
2025-04-10 12:00:00,7.32679,7.32937,7.30776,7.329,19036.0,7.3218,19036
2025-04-10 13:00:00,7.32908,7.33426,7.31779,7.31929,19080.0,7.3264,19080
2025-04-10 14:00:00,7.31921,7.32428,7.31248,7.31353,19248.0,7.3199,19248
2025-04-10 15:00:00,7.31342,7.31929,7.30397,7.31496,19531.0,7.3127,19531
2025-04-10 16:00:00,7.31501,7.3227,7.31292,7.32236,19044.0,7.318,19044
2025-04-10 17:00:00,7.32233,7.32702,7.30989,7.31148,18585.0,7.3179,18585
2025-04-10 18:00:00,7.31134,7.31317,7.30274,7.30936,17999.0,7.3073,17999
2025-04-10 19:00:00,7.30936,7.31395,7.30802,7.31083,15775.0,7.3109,15775
2025-04-10 20:00:00,7.31089,7.31404,7.29836,7.31194,13243.0,7.3118,13243
2025-04-10 21:00:00,7.31194,7.31207,7.3012,7.30967,242.0,7.3089,242
2025-04-10 22:00:00,7.31179,7.31313,7.3014,7.30914,658.0,7.3099,658
2025-04-10 23:00:00,7.30696,7.31465,7.30561,7.30895,2435.0,7.31,2435
2025-04-11 00:00:00,7.30875,7.30958,7.28986,7.29507,5207.0,7.2983,5207
2025-04-11 01:00:00,7.29453,7.32411,7.29293,7.32189,20211.0,7.3087,20211
2025-04-11 02:00:00,7.32183,7.33462,7.31782,7.33304,18110.0,7.3226,18110
2025-04-11 03:00:00,7.33311,7.33412,7.31796,7.31937,17809.0,7.3254,17809
2025-04-11 04:00:00,7.31933,7.32721,7.31878,7.3248,16589.0,7.3232,16589
2025-04-11 05:00:00,7.32475,7.32682,7.32139,7.32406,16401.0,7.3244,16401
2025-04-11 06:00:00,7.32398,7.33301,7.32313,7.32911,18415.0,7.3287,18415
2025-04-11 07:00:00,7.32892,7.33027,7.31973,7.32119,18975.0,7.3251,18975
2025-04-11 08:00:00,7.32123,7.33652,7.30906,7.31489,20717.0,7.3217,20717
2025-04-11 09:00:00,7.3149,7.31963,7.30139,7.30626,19987.0,7.3107,19987
2025-04-11 10:00:00,7.30608,7.30933,7.2904,7.29164,19708.0,7.3006,19708
2025-04-11 11:00:00,7.29162,7.30614,7.29022,7.30512,18454.0,7.298,18454
2025-04-11 12:00:00,7.30528,7.30891,7.29635,7.29678,19833.0,7.3041,19833
2025-04-11 13:00:00,7.29693,7.29988,7.28518,7.29483,20248.0,7.2951,20248
2025-04-11 14:00:00,7.29458,7.29674,7.28509,7.28875,20353.0,7.2908,20353
2025-04-11 15:00:00,7.28892,7.29413,7.28542,7.2884,19391.0,7.2894,19391
2025-04-11 16:00:00,7.28874,7.28969,7.28158,7.28426,16799.0,7.2855,16799
2025-04-11 17:00:00,7.28444,7.28722,7.28153,7.28627,15204.0,7.2834,15204
2025-04-11 18:00:00,7.28633,7.2916,7.28473,7.28536,14447.0,7.2861,14447
2025-04-11 19:00:00,7.28532,7.28576,7.27978,7.28007,11012.0,7.2819,11012
2025-04-11 20:00:00,7.28007,7.2847,7.27735,7.28458,7253.0,7.2795,7253
2025-04-13 21:00:00,7.27712,7.28206,7.27448,7.27458,44.0,7.2781,44
2025-04-13 22:00:00,7.27721,7.28735,7.27458,7.28735,103.0,7.2816,103
2025-04-13 23:00:00,7.28796,7.28796,7.28009,7.28601,1882.0,7.2842,1882
2025-04-14 00:00:00,7.28603,7.29771,7.27969,7.29432,4133.0,7.2903,4133
2025-04-14 01:00:00,7.29441,7.30977,7.28781,7.30477,18919.0,7.3011,18919
2025-04-14 02:00:00,7.30479,7.3173,7.3025,7.31606,17019.0,7.3101,17019
2025-04-14 03:00:00,7.31598,7.31628,7.31072,7.31183,13535.0,7.3133,13535
2025-04-14 04:00:00,7.31181,7.31482,7.30889,7.3114,11172.0,7.3119,11172
2025-04-14 05:00:00,7.31145,7.3152,7.30689,7.31001,13725.0,7.3121,13725
2025-04-14 06:00:00,7.31003,7.31092,7.30366,7.30548,17106.0,7.3071,17106
2025-04-14 07:00:00,7.30544,7.31057,7.30352,7.30786,16547.0,7.3076,16547
2025-04-14 08:00:00,7.30791,7.30961,7.30395,7.30922,14860.0,7.3066,14860
2025-04-14 09:00:00,7.30926,7.3154,7.3068,7.3152,14558.0,7.3108,14558
2025-04-14 10:00:00,7.31504,7.32106,7.3147,7.31527,13121.0,7.3177,13121
2025-04-14 11:00:00,7.31525,7.31542,7.31147,7.31452,11659.0,7.3138,11659
2025-04-14 12:00:00,7.31452,7.3219,7.31428,7.32078,15145.0,7.3185,15145
2025-04-14 13:00:00,7.32066,7.32491,7.31149,7.31247,19008.0,7.3196,19008
2025-04-14 14:00:00,7.31249,7.32041,7.31179,7.31597,17864.0,7.3164,17864
2025-04-14 15:00:00,7.31596,7.31677,7.3059,7.31201,17284.0,7.31,17284
2025-04-14 16:00:00,7.31196,7.31387,7.30969,7.31314,14973.0,7.312,14973
2025-04-14 17:00:00,7.31303,7.31321,7.30736,7.30777,11297.0,7.3092,11297
2025-04-14 18:00:00,7.30768,7.30944,7.30634,7.30719,8260.0,7.3082,8260
2025-04-14 19:00:00,7.30717,7.30811,7.30562,7.30737,7822.0,7.3071,7822
2025-04-14 20:00:00,7.30735,7.31234,7.30719,7.31194,11604.0,7.3094,11604
2025-04-14 21:00:00,7.31194,7.31276,7.3078,7.3078,195.0,7.3112,195
2025-04-14 22:00:00,7.3111,7.31293,7.30743,7.31273,434.0,7.3118,434
2025-04-14 23:00:00,7.3111,7.31406,7.30987,7.31097,2591.0,7.3116,2591
2025-04-15 00:00:00,7.31109,7.31891,7.31016,7.31519,3191.0,7.3145,3191
2025-04-15 01:00:00,7.31533,7.31628,7.30696,7.31607,12957.0,7.3127,12957
2025-04-15 02:00:00,7.31618,7.31763,7.31312,7.31383,11109.0,7.3153,11109
2025-04-15 03:00:00,7.31387,7.31582,7.3123,7.314,8868.0,7.3143,8868
2025-04-15 04:00:00,7.31398,7.31407,7.30844,7.31139,9462.0,7.3117,9462
2025-04-15 05:00:00,7.31137,7.31369,7.30734,7.31334,11260.0,7.3108,11260
2025-04-15 06:00:00,7.31336,7.31574,7.3121,7.31514,13003.0,7.3138,13003
2025-04-15 07:00:00,7.31524,7.31834,7.3146,7.31526,13602.0,7.3166,13602
2025-04-15 08:00:00,7.31526,7.32346,7.3136,7.32152,14668.0,7.3183,14668
2025-04-15 09:00:00,7.32154,7.32572,7.32138,7.32346,12364.0,7.3235,12364
2025-04-15 10:00:00,7.32375,7.32631,7.32019,7.32131,10877.0,7.3233,10877
2025-04-15 11:00:00,7.32124,7.32289,7.31779,7.31909,13206.0,7.3207,13206
2025-04-15 12:00:00,7.31907,7.32243,7.3166,7.31788,15722.0,7.3189,15722
2025-04-15 13:00:00,7.31796,7.32265,7.31668,7.31954,15915.0,7.3197,15915
2025-04-15 14:00:00,7.31949,7.32432,7.31719,7.31985,17503.0,7.32,17503
2025-04-15 15:00:00,7.31978,7.32786,7.3197,7.32635,15705.0,7.3239,15705
2025-04-15 16:00:00,7.32648,7.32886,7.3249,7.32636,11655.0,7.3266,11655
2025-04-15 17:00:00,7.32639,7.32935,7.3251,7.32846,9543.0,7.3262,9543
2025-04-15 18:00:00,7.32844,7.33,7.3268,7.32968,8884.0,7.3284,8884
2025-04-15 19:00:00,7.32966,7.32991,7.32775,7.32954,6359.0,7.3288,6359
2025-04-15 20:00:00,7.32964,7.3302,7.32662,7.32871,4594.0,7.3289,4594
2025-04-15 21:00:00,7.32871,7.32925,7.3247,7.32899,643.0,7.3287,643
2025-04-15 22:00:00,7.32898,7.32911,7.3247,7.32633,773.0,7.3275,773
2025-04-15 23:00:00,7.32523,7.32684,7.31996,7.32143,2146.0,7.3236,2146
2025-04-16 00:00:00,7.32162,7.32304,7.31718,7.32245,3169.0,7.3207,3169
2025-04-16 01:00:00,7.32209,7.32958,7.31977,7.32363,13279.0,7.325,13279
2025-04-16 02:00:00,7.32365,7.32855,7.32146,7.32813,9978.0,7.3267,9978
2025-04-16 03:00:00,7.32841,7.33464,7.32804,7.33018,10618.0,7.3321,10618
2025-04-16 04:00:00,7.3302,7.33302,7.32889,7.33091,8931.0,7.3308,8931
2025-04-16 05:00:00,7.33097,7.33195,7.32389,7.3258,12433.0,7.3295,12433
2025-04-16 06:00:00,7.32587,7.33155,7.32503,7.32741,13171.0,7.3289,13171
2025-04-16 07:00:00,7.32735,7.32948,7.3255,7.32656,12633.0,7.3273,12633
2025-04-16 08:00:00,7.3268,7.32938,7.30767,7.31675,16140.0,7.3205,16140
2025-04-16 09:00:00,7.31676,7.31864,7.30597,7.30826,17702.0,7.3116,17702
2025-04-16 10:00:00,7.30824,7.30936,7.29543,7.3083,15210.0,7.3045,15210
2025-04-16 11:00:00,7.30801,7.31086,7.3045,7.3106,12612.0,7.308,12612
2025-04-16 12:00:00,7.31065,7.31556,7.3075,7.31302,15759.0,7.3117,15759
2025-04-16 13:00:00,7.313,7.31319,7.30384,7.3042,16951.0,7.3082,16951
2025-04-16 14:00:00,7.30429,7.31071,7.2981,7.30584,17235.0,7.3065,17235
2025-04-16 15:00:00,7.30578,7.31034,7.3011,7.30297,15573.0,7.3061,15573
2025-04-16 16:00:00,7.30298,7.30339,7.2984,7.30114,12537.0,7.3011,12537
2025-04-16 17:00:00,7.30113,7.30423,7.29981,7.30352,12079.0,7.3022,12079
2025-04-16 18:00:00,7.3035,7.30554,7.30032,7.3005,10947.0,7.3025,10947
2025-04-16 19:00:00,7.30046,7.30094,7.29488,7.29892,11621.0,7.2975,11621
2025-04-16 20:00:00,7.29892,7.30147,7.29454,7.29869,11609.0,7.2989,11609
2025-04-16 21:00:00,7.29869,7.29891,7.29452,7.29475,285.0,7.2978,285
2025-04-16 22:00:00,7.2978,7.30112,7.29475,7.30088,684.0,7.2993,684
2025-04-16 23:00:00,7.30092,7.30227,7.29753,7.3011,1948.0,7.3003,1948
2025-04-17 00:00:00,7.30087,7.30929,7.30041,7.30837,3444.0,7.3061,3444
2025-04-17 01:00:00,7.30837,7.31632,7.30579,7.31337,16008.0,7.3117,16008
2025-04-17 02:00:00,7.31333,7.31495,7.30809,7.31123,11773.0,7.3121,11773
2025-04-17 03:00:00,7.31116,7.31129,7.30596,7.30889,9911.0,7.3089,9911
2025-04-17 04:00:00,7.30887,7.31134,7.3079,7.31041,6594.0,7.3098,6594
2025-04-17 05:00:00,7.31041,7.31179,7.30778,7.3097,9941.0,7.3098,9941
2025-04-17 06:00:00,7.30972,7.31392,7.30926,7.31,13416.0,7.3118,13416
2025-04-17 07:00:00,7.31002,7.3109,7.29849,7.30063,17125.0,7.3045,17125
2025-04-17 08:00:00,7.30057,7.30312,7.29489,7.3029,14884.0,7.2997,14884
2025-04-17 09:00:00,7.3029,7.3032,7.29787,7.30262,11601.0,7.3004,11601
2025-04-17 10:00:00,7.30261,7.3066,7.2995,7.30561,13049.0,7.3029,13049
2025-04-17 11:00:00,7.30559,7.30617,7.30082,7.30168,10416.0,7.3029,10416
2025-04-17 12:00:00,7.30183,7.30337,7.29755,7.29832,15911.0,7.3007,15911
2025-04-17 13:00:00,7.29834,7.30477,7.2966,7.3034,16471.0,7.3001,16471
2025-04-17 14:00:00,7.30325,7.30586,7.29936,7.30352,15895.0,7.3022,15895
2025-04-17 15:00:00,7.30354,7.30674,7.2999,7.30105,14287.0,7.3028,14287
2025-04-17 16:00:00,7.30105,7.30363,7.2974,7.30203,14411.0,7.3006,14411
2025-04-17 17:00:00,7.30211,7.30347,7.3009,7.30203,7900.0,7.3023,7900
2025-04-17 18:00:00,7.30202,7.30433,7.29986,7.30078,8464.0,7.3019,8464
2025-04-17 19:00:00,7.30078,7.30202,7.2998,7.30174,2155.0,7.301,2155
2025-04-17 21:00:00,7.30174,7.30174,7.30174,7.30174,1.0,7.3017,1
2025-04-20 21:00:00,7.3007,7.3007,7.3007,7.3007,1.0,7.3007,1
2025-04-20 23:00:00,7.29944,7.3001,7.29634,7.29742,2772.0,7.2982,2772
2025-04-21 00:00:00,7.29733,7.29775,7.29234,7.29383,3636.0,7.2958,3636
2025-04-21 01:00:00,7.29395,7.29982,7.29257,7.29546,14738.0,7.2965,14738
2025-04-21 02:00:00,7.2955,7.2969,7.28946,7.29335,13368.0,7.2932,13368
2025-04-21 03:00:00,7.29328,7.2936,7.28648,7.28788,12243.0,7.2899,12243
2025-04-21 04:00:00,7.2879,7.29253,7.2879,7.28879,9303.0,7.2906,9303
2025-04-21 05:00:00,7.289,7.29007,7.28309,7.28438,11954.0,7.2869,11954
2025-04-21 06:00:00,7.28439,7.29526,7.28308,7.29337,13103.0,7.2897,13103
2025-04-21 07:00:00,7.29354,7.29374,7.28694,7.28823,11920.0,7.2905,11920
2025-04-21 08:00:00,7.28825,7.29185,7.28698,7.28881,11918.0,7.289,11918
2025-04-21 09:00:00,7.28879,7.29012,7.28574,7.28876,9295.0,7.2878,9295
2025-04-21 10:00:00,7.28892,7.29385,7.28886,7.29192,10435.0,7.2911,10435
2025-04-21 11:00:00,7.29194,7.29371,7.29064,7.29347,10063.0,7.2922,10063
2025-04-21 12:00:00,7.2935,7.2947,7.29002,7.2907,10883.0,7.2928,10883
2025-04-21 13:00:00,7.29069,7.2954,7.28937,7.29291,14772.0,7.2918,14772
2025-04-21 14:00:00,7.29326,7.29627,7.29038,7.29528,14635.0,7.2931,14635
2025-04-21 15:00:00,7.29533,7.29643,7.29004,7.29153,12991.0,7.2925,12991
2025-04-21 16:00:00,7.29153,7.29426,7.29094,7.29382,8612.0,7.2923,8612
2025-04-21 17:00:00,7.29378,7.29474,7.29029,7.29084,7646.0,7.2928,7646
2025-04-21 18:00:00,7.29091,7.29262,7.29077,7.29143,6949.0,7.2917,6949
2025-04-21 19:00:00,7.29145,7.29551,7.29101,7.29356,7613.0,7.2937,7613
2025-04-21 20:00:00,7.29358,7.29455,7.29166,7.29347,5914.0,7.2939,5914
2025-04-21 21:00:00,7.29347,7.29377,7.29329,7.29363,144.0,7.2936,144
2025-04-21 22:00:00,7.29358,7.29375,7.29325,7.29351,438.0,7.2935,438
2025-04-21 23:00:00,7.29255,7.29426,7.29141,7.29297,2292.0,7.2926,2292
2025-04-22 00:00:00,7.29286,7.29978,7.29269,7.29754,3186.0,7.2963,3186
2025-04-22 01:00:00,7.29752,7.31287,7.29588,7.31153,15291.0,7.3045,15291
2025-04-22 02:00:00,7.31147,7.31578,7.31071,7.31183,13096.0,7.313,13096
2025-04-22 03:00:00,7.3119,7.31308,7.30805,7.31096,12648.0,7.311,12648
2025-04-22 04:00:00,7.31094,7.31354,7.31041,7.31197,7888.0,7.3121,7888
2025-04-22 05:00:00,7.31193,7.31277,7.3072,7.30978,13694.0,7.3102,13694
2025-04-22 06:00:00,7.30985,7.31483,7.30834,7.31351,16425.0,7.3116,16425
2025-04-22 07:00:00,7.31353,7.32125,7.3123,7.31655,15923.0,7.315,15923
2025-04-22 08:00:00,7.31627,7.31992,7.3147,7.31646,14642.0,7.3173,14642
2025-04-22 09:00:00,7.31644,7.31901,7.31493,7.31885,12418.0,7.3173,12418
2025-04-22 10:00:00,7.31879,7.31961,7.31543,7.31673,10878.0,7.3175,10878
2025-04-22 11:00:00,7.31673,7.31767,7.31515,7.31601,9819.0,7.3164,9819
2025-04-22 12:00:00,7.31607,7.31716,7.3136,7.31461,13265.0,7.3156,13265
2025-04-22 13:00:00,7.31459,7.3159,7.31262,7.3129,14899.0,7.3142,14899
2025-04-22 14:00:00,7.3129,7.31538,7.3107,7.31301,15080.0,7.3133,15080
2025-04-22 15:00:00,7.31303,7.31399,7.30469,7.30488,12127.0,7.3123,12127
2025-04-22 16:00:00,7.30498,7.31024,7.30354,7.30896,16602.0,7.3074,16602
2025-04-22 17:00:00,7.30906,7.30986,7.306,7.30854,12927.0,7.308,12927
2025-04-22 18:00:00,7.30852,7.31241,7.308,7.31039,9275.0,7.31,9275
2025-04-22 19:00:00,7.3103,7.3112,7.30816,7.311,7957.0,7.3094,7957
2025-04-22 20:00:00,7.31098,7.31189,7.30945,7.31099,4925.0,7.3106,4925
2025-04-22 21:00:00,7.31099,7.3128,7.29997,7.30303,502.0,7.3057,502
2025-04-22 22:00:00,7.30313,7.31593,7.30045,7.30718,785.0,7.3072,785
2025-04-22 23:00:00,7.30682,7.30826,7.29191,7.29819,2784.0,7.3009,2784
2025-04-23 00:00:00,7.29846,7.30249,7.29658,7.29999,3660.0,7.2999,3660
2025-04-23 01:00:00,7.30007,7.30985,7.2998,7.30813,15911.0,7.3053,15911
2025-04-23 02:00:00,7.30821,7.31025,7.30545,7.30558,12364.0,7.3079,12364
2025-04-23 03:00:00,7.30556,7.30677,7.2985,7.29974,13108.0,7.3022,13108
2025-04-23 04:00:00,7.29972,7.30204,7.29668,7.29962,9815.0,7.2992,9815
2025-04-23 05:00:00,7.29964,7.30093,7.2957,7.29958,12070.0,7.2991,12070
2025-04-23 06:00:00,7.29956,7.30009,7.2921,7.29566,16522.0,7.2956,16522
2025-04-23 07:00:00,7.2956,7.29876,7.29429,7.29512,15350.0,7.2965,15350
2025-04-23 08:00:00,7.29505,7.29832,7.29221,7.29386,13914.0,7.2959,13914
2025-04-23 09:00:00,7.29386,7.294,7.28677,7.28943,14794.0,7.2897,14794
2025-04-23 10:00:00,7.28921,7.29208,7.2872,7.29096,11872.0,7.2894,11872
2025-04-23 11:00:00,7.29094,7.29191,7.2849,7.28526,12077.0,7.2882,12077
2025-04-23 12:00:00,7.28534,7.28908,7.2846,7.2886,12651.0,7.2862,12651
2025-04-23 13:00:00,7.28862,7.29015,7.26521,7.28912,16533.0,7.2861,16533
2025-04-23 14:00:00,7.2891,7.29108,7.28267,7.28478,18492.0,7.286,18492
2025-04-23 15:00:00,7.28472,7.29168,7.28454,7.28758,16867.0,7.2875,16867
2025-04-23 16:00:00,7.28756,7.28828,7.2814,7.28227,15633.0,7.2847,15633
2025-04-23 17:00:00,7.28229,7.28645,7.2808,7.28391,11281.0,7.2844,11281
2025-04-23 18:00:00,7.28389,7.28642,7.28325,7.28529,9295.0,7.2848,9295
2025-04-23 19:00:00,7.28513,7.28792,7.2844,7.28701,8671.0,7.286,8671
2025-04-23 20:00:00,7.28703,7.28978,7.28256,7.28538,5337.0,7.2879,5337
2025-04-23 21:00:00,7.28538,7.28773,7.28035,7.28755,205.0,7.2871,205
2025-04-23 22:00:00,7.28765,7.28871,7.28515,7.28787,742.0,7.2875,742
2025-04-23 23:00:00,7.28673,7.29165,7.28632,7.29127,2084.0,7.2886,2084
2025-04-24 00:00:00,7.29097,7.29469,7.28911,7.29116,2404.0,7.2917,2404
2025-04-24 01:00:00,7.29131,7.29784,7.29055,7.29735,14819.0,7.2941,14819
2025-04-24 02:00:00,7.29745,7.29992,7.29581,7.29673,11368.0,7.2979,11368
2025-04-24 03:00:00,7.29671,7.30388,7.2964,7.30266,9230.0,7.3003,9230
2025-04-24 04:00:00,7.3026,7.30282,7.2975,7.29795,6850.0,7.2998,6850
2025-04-24 05:00:00,7.29788,7.29928,7.29479,7.29857,10109.0,7.2978,10109
2025-04-24 06:00:00,7.29861,7.29871,7.294,7.2963,11939.0,7.2963,11939
2025-04-24 07:00:00,7.29625,7.29981,7.29407,7.29663,13300.0,7.2972,13300
2025-04-24 08:00:00,7.29667,7.29676,7.29138,7.29309,14092.0,7.2937,14092
2025-04-24 09:00:00,7.29305,7.29401,7.29039,7.2913,10669.0,7.2917,10669
2025-04-24 10:00:00,7.2913,7.29156,7.28686,7.29013,10400.0,7.2887,10400
2025-04-24 11:00:00,7.29011,7.29436,7.2878,7.29375,9995.0,7.2905,9995
2025-04-24 12:00:00,7.29383,7.29446,7.289,7.29363,12823.0,7.2922,12823
2025-04-24 13:00:00,7.29364,7.29373,7.28874,7.29224,13456.0,7.2914,13456
2025-04-24 14:00:00,7.29222,7.29294,7.28638,7.28654,14940.0,7.2906,14940
2025-04-24 15:00:00,7.28656,7.2938,7.28634,7.2905,14005.0,7.2909,14005
2025-04-24 16:00:00,7.29045,7.2926,7.2897,7.29009,10887.0,7.2912,10887
2025-04-24 17:00:00,7.29009,7.292,7.28901,7.29067,7988.0,7.2906,7988
2025-04-24 18:00:00,7.29083,7.29181,7.2893,7.29039,5360.0,7.2907,5360
2025-04-24 19:00:00,7.29025,7.29047,7.28642,7.28898,6685.0,7.2881,6685
2025-04-24 20:00:00,7.28883,7.28928,7.28604,7.28631,3842.0,7.2879,3842
2025-04-24 21:00:00,7.28631,7.28914,7.28575,7.28827,282.0,7.2882,282
2025-04-24 22:00:00,7.2873,7.28859,7.28635,7.28659,713.0,7.2879,713
2025-04-24 23:00:00,7.28715,7.29342,7.28677,7.29272,1848.0,7.29,1848
2025-04-25 00:00:00,7.29242,7.29506,7.29018,7.29312,2810.0,7.293,2810
2025-04-25 01:00:00,7.29304,7.29829,7.2903,7.29733,11139.0,7.294,11139
2025-04-25 02:00:00,7.29731,7.29855,7.2947,7.29703,10098.0,7.2967,10098
2025-04-25 03:00:00,7.29695,7.29704,7.28132,7.28324,12940.0,7.2886,12940
2025-04-25 04:00:00,7.28326,7.2861,7.2816,7.2835,9852.0,7.2839,9852
2025-04-25 05:00:00,7.28351,7.28963,7.2828,7.2877,11413.0,7.2864,11413
2025-04-25 06:00:00,7.2879,7.28968,7.28385,7.28426,12848.0,7.2876,12848
2025-04-25 07:00:00,7.28422,7.28918,7.28382,7.28607,14163.0,7.2862,14163
2025-04-25 08:00:00,7.28618,7.2878,7.2823,7.28659,12376.0,7.2854,12376
2025-04-25 09:00:00,7.28655,7.28955,7.2853,7.28893,11031.0,7.2871,11031
2025-04-25 10:00:00,7.28891,7.28993,7.28738,7.28791,11280.0,7.2887,11280
2025-04-25 11:00:00,7.28793,7.29011,7.28536,7.28775,9222.0,7.2882,9222
2025-04-25 12:00:00,7.28773,7.28902,7.2862,7.28802,9933.0,7.2881,9933
2025-04-25 13:00:00,7.2879,7.29085,7.28606,7.28986,14531.0,7.2889,14531
2025-04-25 14:00:00,7.29001,7.29237,7.28797,7.29125,13785.0,7.2904,13785
2025-04-25 15:00:00,7.29125,7.29313,7.2833,7.28408,12862.0,7.2896,12862
2025-04-25 16:00:00,7.28411,7.288,7.28411,7.2873,8214.0,7.2862,8214
2025-04-25 17:00:00,7.28724,7.28796,7.28509,7.28734,8146.0,7.2867,8146
2025-04-25 18:00:00,7.28732,7.28865,7.28619,7.2864,6723.0,7.2876,6723
2025-04-25 19:00:00,7.28638,7.28789,7.2856,7.28765,5402.0,7.2867,5402
2025-04-25 20:00:00,7.28767,7.28953,7.28651,7.28887,4401.0,7.2877,4401
2025-04-27 21:00:00,7.28856,7.29037,7.2831,7.28923,222.0,7.2886,222
2025-04-27 22:00:00,7.28927,7.29431,7.28837,7.29226,441.0,7.2913,441
2025-04-27 23:00:00,7.29297,7.29439,7.29048,7.29246,1702.0,7.2927,1702
2025-04-28 00:00:00,7.29276,7.29302,7.28827,7.29114,2608.0,7.2907,2608
2025-04-28 01:00:00,7.29107,7.29706,7.2873,7.29652,12417.0,7.2923,12417
2025-04-28 02:00:00,7.2964,7.29865,7.29485,7.29616,10220.0,7.2968,10220
2025-04-28 03:00:00,7.29618,7.2976,7.29436,7.29708,6820.0,7.2959,6820
2025-04-28 04:00:00,7.29696,7.29803,7.29486,7.29495,5772.0,7.297,5772
2025-04-28 05:00:00,7.29492,7.2977,7.2933,7.29709,8753.0,7.2952,8753
2025-04-28 06:00:00,7.29708,7.30196,7.29492,7.30191,12127.0,7.2981,12127
2025-04-28 07:00:00,7.3019,7.30252,7.29852,7.3007,12197.0,7.3004,12197
2025-04-28 08:00:00,7.30069,7.30176,7.2989,7.3004,9570.0,7.3007,9570
2025-04-28 09:00:00,7.30039,7.30061,7.2961,7.29925,9679.0,7.2981,9679
2025-04-28 10:00:00,7.29923,7.30026,7.2978,7.29905,8109.0,7.2989,8109
2025-04-28 11:00:00,7.29909,7.29934,7.2966,7.29757,7624.0,7.2984,7624
2025-04-28 12:00:00,7.29759,7.29812,7.29461,7.29533,10347.0,7.2959,10347
2025-04-28 13:00:00,7.29535,7.29566,7.29128,7.29296,13232.0,7.2937,13232
2025-04-28 14:00:00,7.29296,7.29319,7.28598,7.28634,15028.0,7.2901,15028
2025-04-28 15:00:00,7.28638,7.28883,7.2853,7.28579,12918.0,7.2868,12918
2025-04-28 16:00:00,7.28577,7.28688,7.28348,7.28403,10379.0,7.2855,10379
2025-04-28 17:00:00,7.28399,7.286,7.2827,7.28538,8723.0,7.2841,8723
2025-04-28 18:00:00,7.28549,7.28569,7.2831,7.28456,7109.0,7.2843,7109
2025-04-28 19:00:00,7.28454,7.28478,7.2826,7.28353,5889.0,7.2839,5889
2025-04-28 20:00:00,7.28364,7.28514,7.2819,7.28489,4209.0,7.2832,4209
2025-04-28 21:00:00,7.28489,7.28524,7.2818,7.28259,666.0,7.2829,666
2025-04-28 22:00:00,7.28263,7.28479,7.2817,7.28451,710.0,7.2834,710
2025-04-28 23:00:00,7.28381,7.28553,7.2826,7.2841,1601.0,7.284,1601
2025-04-29 00:00:00,7.28447,7.28774,7.28387,7.28733,2408.0,7.2856,2408
2025-04-29 01:00:00,7.28705,7.28878,7.28265,7.28506,10629.0,7.2862,10629
2025-04-29 02:00:00,7.28502,7.28508,7.26883,7.27557,14226.0,7.2743,14226
2025-04-29 03:00:00,7.27561,7.27719,7.27048,7.27282,9922.0,7.2735,9922
2025-04-29 04:00:00,7.2728,7.27492,7.27228,7.27325,6304.0,7.2736,6304
2025-04-29 05:00:00,7.27339,7.27457,7.26916,7.27163,8061.0,7.273,8061
2025-04-29 06:00:00,7.27145,7.27318,7.268,7.27143,11773.0,7.2707,11773
2025-04-29 07:00:00,7.27127,7.27142,7.2557,7.25965,15394.0,7.2645,15394
2025-04-29 08:00:00,7.25968,7.26966,7.25884,7.26889,13272.0,7.2637,13272
2025-04-29 09:00:00,7.26891,7.27192,7.26608,7.27039,10695.0,7.2689,10695
2025-04-29 10:00:00,7.27031,7.27359,7.26969,7.27285,10043.0,7.2722,10043
2025-04-29 11:00:00,7.27291,7.2741,7.2718,7.27311,7894.0,7.273,7894
2025-04-29 12:00:00,7.2731,7.27472,7.26738,7.26928,11582.0,7.2714,11582
2025-04-29 13:00:00,7.26929,7.27133,7.26661,7.2671,14875.0,7.2689,14875
2025-04-29 14:00:00,7.2678,7.27008,7.26459,7.26965,14776.0,7.2674,14776
2025-04-29 15:00:00,7.26963,7.27063,7.26642,7.26747,11566.0,7.2683,11566
2025-04-29 16:00:00,7.26749,7.26904,7.2655,7.26807,9321.0,7.2673,9321
2025-04-29 17:00:00,7.26816,7.26944,7.26649,7.26749,6798.0,7.2681,6798
2025-04-29 18:00:00,7.26751,7.26974,7.2672,7.26754,6639.0,7.2683,6639
2025-04-29 19:00:00,7.2675,7.26904,7.26676,7.26824,5497.0,7.2683,5497
2025-04-29 20:00:00,7.26834,7.26897,7.26625,7.26879,3809.0,7.2676,3809
2025-04-29 21:00:00,7.26879,7.26911,7.26485,7.26852,672.0,7.2684,672
2025-04-29 22:00:00,7.2676,7.26907,7.26675,7.26813,739.0,7.2684,739
2025-04-29 23:00:00,7.26709,7.26965,7.26686,7.26855,1716.0,7.268,1716
2025-04-30 00:00:00,7.26846,7.2688,7.26411,7.26668,2517.0,7.2664,2517
2025-04-30 01:00:00,7.26679,7.27507,7.26587,7.27385,12611.0,7.2713,12611
2025-04-30 02:00:00,7.27387,7.27613,7.2708,7.27221,10113.0,7.2737,10113
2025-04-30 03:00:00,7.27222,7.2723,7.2659,7.26792,9375.0,7.2678,9375
2025-04-30 04:00:00,7.26785,7.26848,7.26098,7.26213,8330.0,7.2639,8330
2025-04-30 05:00:00,7.26215,7.26379,7.25956,7.26295,9071.0,7.2618,9071
2025-04-30 06:00:00,7.26309,7.26659,7.26019,7.26592,12849.0,7.2636,12849
2025-04-30 07:00:00,7.26575,7.26761,7.26245,7.26376,11781.0,7.265,11781
2025-04-30 08:00:00,7.26374,7.26563,7.2621,7.2641,10881.0,7.264,10881
2025-04-30 09:00:00,7.26409,7.26609,7.2628,7.2652,9106.0,7.2644,9106
2025-04-30 10:00:00,7.26518,7.26822,7.26469,7.26693,8046.0,7.2666,8046
2025-04-30 11:00:00,7.2669,7.26956,7.2662,7.26852,8653.0,7.2678,8653
2025-04-30 12:00:00,7.26866,7.27387,7.26703,7.27223,13777.0,7.2704,13777
2025-04-30 13:00:00,7.27228,7.27258,7.26941,7.27139,13099.0,7.2713,13099
2025-04-30 14:00:00,7.27115,7.27588,7.27042,7.27317,15409.0,7.2739,15409
2025-04-30 15:00:00,7.27323,7.275,7.2715,7.27202,13744.0,7.2731,13744
2025-04-30 16:00:00,7.27204,7.2722,7.2676,7.26844,10858.0,7.2701,10858
2025-04-30 17:00:00,7.26842,7.2687,7.26494,7.26724,8743.0,7.2668,8743
2025-04-30 18:00:00,7.26726,7.26771,7.26339,7.26636,8923.0,7.2657,8923
2025-04-30 19:00:00,7.26645,7.26904,7.26558,7.26896,6697.0,7.2668,6697
2025-04-30 20:00:00,7.2689,7.27074,7.26765,7.26774,7152.0,7.2693,7152
2025-04-30 21:00:00,7.26774,7.27001,7.26485,7.26755,276.0,7.2695,276
2025-04-30 22:00:00,7.26995,7.27001,7.26755,7.26855,557.0,7.2694,557
2025-04-30 23:00:00,7.26933,7.27067,7.26805,7.26962,1594.0,7.2693,1594
2025-05-01 00:00:00,7.26965,7.27238,7.26917,7.27141,1898.0,7.2709,1898
2025-05-01 01:00:00,7.27155,7.27254,7.26801,7.27022,6132.0,7.2706,6132
2025-05-01 02:00:00,7.27032,7.27596,7.26964,7.27566,5750.0,7.273,5750
2025-05-01 03:00:00,7.27564,7.27796,7.27468,7.27693,8301.0,7.2763,8301
2025-05-01 04:00:00,7.27687,7.27765,7.27586,7.27713,5441.0,7.2769,5441
2025-05-01 05:00:00,7.27709,7.28711,7.27666,7.28641,9108.0,7.2827,9108
2025-05-01 06:00:00,7.28635,7.28651,7.27857,7.27928,10370.0,7.2811,10370
2025-05-01 07:00:00,7.2793,7.28343,7.27485,7.27614,11865.0,7.2796,11865
2025-05-01 08:00:00,7.27614,7.27686,7.269,7.27357,9860.0,7.2742,9860
2025-05-01 09:00:00,7.27357,7.27541,7.27276,7.2747,7258.0,7.2743,7258
2025-05-01 10:00:00,7.27489,7.27489,7.27049,7.2708,7635.0,7.2719,7635
2025-05-01 11:00:00,7.27079,7.27378,7.27016,7.27318,7826.0,7.2717,7826
2025-05-01 12:00:00,7.27317,7.2741,7.26943,7.2726,11571.0,7.272,11571
2025-05-01 13:00:00,7.27259,7.2739,7.2706,7.27073,11321.0,7.2729,11321
2025-05-01 14:00:00,7.27135,7.28052,7.27106,7.27843,15180.0,7.2773,15180
2025-05-01 15:00:00,7.27842,7.28301,7.27587,7.28011,11443.0,7.2793,11443
2025-05-01 16:00:00,7.28014,7.28138,7.2789,7.27986,7769.0,7.28,7769
2025-05-01 17:00:00,7.27983,7.28105,7.27938,7.27976,5955.0,7.2801,5955
2025-05-01 18:00:00,7.27978,7.28046,7.27672,7.27817,7679.0,7.2788,7679
2025-05-01 19:00:00,7.27811,7.27859,7.27655,7.27722,5845.0,7.2774,5845
2025-05-01 20:00:00,7.27735,7.27806,7.27584,7.27787,5164.0,7.2772,5164
2025-05-01 21:00:00,7.27787,7.27863,7.269,7.27645,293.0,7.278,293
2025-05-01 22:00:00,7.27837,7.27837,7.27631,7.27704,556.0,7.2773,556
2025-05-01 23:00:00,7.27656,7.27871,7.27471,7.27531,1121.0,7.2767,1121
2025-05-02 00:00:00,7.27516,7.279,7.26635,7.2667,3344.0,7.2737,3344
2025-05-02 01:00:00,7.26681,7.269,7.25651,7.25759,12255.0,7.2627,12255
2025-05-02 02:00:00,7.2576,7.25823,7.25256,7.2579,10486.0,7.2558,10486
2025-05-02 03:00:00,7.25792,7.25805,7.25136,7.25496,9619.0,7.2541,9619
2025-05-02 04:00:00,7.25491,7.26237,7.25161,7.25449,10552.0,7.2553,10552
2025-05-02 05:00:00,7.25426,7.2577,7.25184,7.25327,9101.0,7.2552,9101
2025-05-02 06:00:00,7.25342,7.25425,7.24461,7.24514,13710.0,7.2482,13710
2025-05-02 07:00:00,7.24532,7.24661,7.2393,7.243,13698.0,7.2433,13698
2025-05-02 08:00:00,7.24296,7.24622,7.23911,7.23954,11850.0,7.243,11850
2025-05-02 09:00:00,7.23956,7.24212,7.22469,7.22799,15115.0,7.2327,15115
2025-05-02 10:00:00,7.22808,7.2416,7.2278,7.23675,13627.0,7.2342,13627
2025-05-02 11:00:00,7.2368,7.23789,7.23219,7.23409,11707.0,7.2351,11707
2025-05-02 12:00:00,7.23407,7.23858,7.2212,7.22365,15084.0,7.2294,15084
2025-05-02 13:00:00,7.22379,7.22762,7.20936,7.21548,17794.0,7.2168,17794
2025-05-02 14:00:00,7.2155,7.22149,7.21042,7.21207,16502.0,7.2163,16502
2025-05-02 15:00:00,7.21215,7.22824,7.21214,7.22651,14997.0,7.221,14997
2025-05-02 16:00:00,7.22669,7.22694,7.19674,7.22421,14685.0,7.2197,14685
2025-05-02 17:00:00,7.22429,7.2276,7.21845,7.22671,11370.0,7.2214,11370
2025-05-02 18:00:00,7.2267,7.22693,7.22128,7.22158,9310.0,7.2252,9310
2025-05-02 19:00:00,7.22174,7.22195,7.21153,7.21219,9942.0,7.2169,9942
2025-05-02 20:00:00,7.21221,7.21298,7.20732,7.21114,7510.0,7.2108,7510
2025-05-04 21:00:00,7.2067,7.20964,7.20664,7.20927,64.0,7.2082,64
2025-05-04 22:00:00,7.20971,7.20971,7.20769,7.2082,114.0,7.2083,114
2025-05-04 23:00:00,7.20845,7.2113,7.20739,7.20993,1952.0,7.2092,1952
2025-05-05 00:00:00,7.21028,7.21723,7.20943,7.21286,2630.0,7.2136,2630
2025-05-05 01:00:00,7.21194,7.21267,7.18893,7.1928,14380.0,7.1986,14380
2025-05-05 02:00:00,7.19272,7.20383,7.18907,7.2012,11761.0,7.1956,11761
2025-05-05 03:00:00,7.2012,7.20967,7.19931,7.20471,9777.0,7.205,9777
2025-05-05 04:00:00,7.2047,7.20531,7.19711,7.20067,8159.0,7.2009,8159
2025-05-05 05:00:00,7.20065,7.20906,7.1951,7.20066,11353.0,7.2008,11353
2025-05-05 06:00:00,7.20078,7.21034,7.19894,7.20779,13527.0,7.205,13527
2025-05-05 07:00:00,7.20803,7.20856,7.20222,7.2047,12848.0,7.2046,12848
2025-05-05 08:00:00,7.20474,7.209,7.19665,7.20652,13658.0,7.204,13658
2025-05-05 09:00:00,7.20635,7.20719,7.1938,7.19412,14380.0,7.2008,14380
2025-05-05 10:00:00,7.19414,7.20205,7.19244,7.19816,12149.0,7.1987,12149
2025-05-05 11:00:00,7.19812,7.19868,7.19255,7.19701,11461.0,7.1955,11461
2025-05-05 12:00:00,7.19703,7.1976,7.19062,7.19249,12877.0,7.1931,12877
2025-05-05 13:00:00,7.19251,7.19295,7.1841,7.1901,13267.0,7.188,13267
2025-05-05 14:00:00,7.18994,7.19699,7.18878,7.19503,15964.0,7.193,15964
2025-05-05 15:00:00,7.19501,7.20306,7.19319,7.20216,12086.0,7.1969,12086
2025-05-05 16:00:00,7.20215,7.21007,7.20213,7.20679,11789.0,7.2069,11789
2025-05-05 17:00:00,7.20678,7.20705,7.20362,7.20611,8378.0,7.2051,8378
2025-05-05 18:00:00,7.20613,7.20713,7.202,7.20225,7734.0,7.2049,7734
2025-05-05 19:00:00,7.20235,7.20292,7.19966,7.2008,7888.0,7.2015,7888
2025-05-05 20:00:00,7.20082,7.20173,7.19785,7.2013,4336.0,7.2,4336
2025-05-05 21:00:00,7.2013,7.20229,7.19915,7.20187,365.0,7.2017,365
2025-05-05 22:00:00,7.2011,7.20209,7.1995,7.20091,718.0,7.2011,718
2025-05-05 23:00:00,7.19953,7.20492,7.19906,7.20451,1972.0,7.2015,1972
2025-05-06 00:00:00,7.20478,7.2152,7.2028,7.21412,3144.0,7.2107,3144
2025-05-06 01:00:00,7.21394,7.23506,7.21394,7.23438,16826.0,7.227,16826
2025-05-06 02:00:00,7.23424,7.23515,7.2223,7.22879,12618.0,7.2292,12618
2025-05-06 03:00:00,7.22877,7.22879,7.21723,7.21925,10264.0,7.2228,10264
2025-05-06 04:00:00,7.21927,7.21953,7.21134,7.2148,9296.0,7.2147,9296
2025-05-06 05:00:00,7.21475,7.21721,7.2124,7.21625,9597.0,7.2149,9597
2025-05-06 06:00:00,7.21613,7.22084,7.2122,7.21521,13580.0,7.2169,13580
2025-05-06 07:00:00,7.21523,7.21567,7.20533,7.21052,15614.0,7.2097,15614
2025-05-06 08:00:00,7.2105,7.21572,7.20801,7.21495,13669.0,7.2114,13669
2025-05-06 09:00:00,7.21493,7.21677,7.21325,7.21596,12394.0,7.2153,12394
2025-05-06 10:00:00,7.21577,7.21621,7.2124,7.21264,9194.0,7.214,9194
2025-05-06 11:00:00,7.21266,7.2137,7.2094,7.21015,9448.0,7.2115,9448
2025-05-06 12:00:00,7.21013,7.21377,7.2075,7.20857,12454.0,7.211,12454
2025-05-06 13:00:00,7.2086,7.21403,7.20703,7.20872,14638.0,7.2098,14638
2025-05-06 14:00:00,7.2087,7.21116,7.20444,7.21036,13608.0,7.2077,13608
2025-05-06 15:00:00,7.21036,7.21222,7.20846,7.20959,10618.0,7.2099,10618
2025-05-06 16:00:00,7.20956,7.21198,7.2087,7.21065,10534.0,7.2105,10534
2025-05-06 17:00:00,7.21055,7.21087,7.2074,7.21006,8436.0,7.2093,8436
2025-05-06 18:00:00,7.2101,7.21164,7.20814,7.20891,6789.0,7.21,6789
2025-05-06 19:00:00,7.20891,7.21014,7.2074,7.20876,5513.0,7.2089,5513
2025-05-06 20:00:00,7.20906,7.21079,7.20747,7.21031,4413.0,7.2095,4413
2025-05-06 21:00:00,7.21031,7.21142,7.20645,7.21111,355.0,7.2103,355
2025-05-06 22:00:00,7.2098,7.21105,7.18861,7.19124,800.0,7.1967,800
2025-05-06 23:00:00,7.19048,7.19733,7.19048,7.19479,2012.0,7.1947,2012
2025-05-07 00:00:00,7.19457,7.20438,7.19448,7.19923,3964.0,7.2002,3964
2025-05-07 01:00:00,7.19931,7.22044,7.19812,7.21727,16722.0,7.2104,16722
2025-05-07 02:00:00,7.21737,7.22642,7.2168,7.22243,14631.0,7.2219,14631
2025-05-07 03:00:00,7.22243,7.22383,7.22067,7.22303,9114.0,7.2222,9114
2025-05-07 04:00:00,7.22301,7.22458,7.22047,7.2221,8436.0,7.2226,8436
2025-05-07 05:00:00,7.22208,7.22434,7.2202,7.22336,10092.0,7.2222,10092
2025-05-07 06:00:00,7.22334,7.22453,7.2201,7.2219,11929.0,7.2223,11929
2025-05-07 07:00:00,7.22203,7.2298,7.22182,7.22322,13532.0,7.2266,13532
2025-05-07 08:00:00,7.22321,7.2267,7.21802,7.22287,12826.0,7.2224,12826
2025-05-07 09:00:00,7.22285,7.22391,7.21851,7.22121,10123.0,7.2214,10123
2025-05-07 10:00:00,7.22122,7.22183,7.2184,7.21887,8611.0,7.2198,8611
2025-05-07 11:00:00,7.2189,7.22074,7.21632,7.22016,9245.0,7.2187,9245
2025-05-07 12:00:00,7.22013,7.2213,7.21697,7.21866,10051.0,7.2189,10051
2025-05-07 13:00:00,7.21866,7.22063,7.21607,7.21637,12060.0,7.2185,12060
2025-05-07 14:00:00,7.21651,7.21754,7.21442,7.21628,11582.0,7.2159,11582
2025-05-07 15:00:00,7.21627,7.21809,7.2152,7.21725,11151.0,7.2166,11151
2025-05-07 16:00:00,7.21727,7.21936,7.2168,7.21777,7907.0,7.2184,7907
2025-05-07 17:00:00,7.21779,7.22254,7.21773,7.22046,6841.0,7.2197,6841
2025-05-07 18:00:00,7.2205,7.22533,7.21764,7.22179,14365.0,7.221,14365
2025-05-07 19:00:00,7.22181,7.22869,7.22101,7.2284,14151.0,7.2258,14151
2025-05-07 20:00:00,7.22815,7.22979,7.22711,7.22826,6360.0,7.2285,6360
2025-05-07 21:00:00,7.22826,7.22876,7.22715,7.22855,252.0,7.2283,252
2025-05-07 22:00:00,7.22845,7.22872,7.2268,7.22857,152.0,7.2284,152
2025-05-07 23:00:00,7.22727,7.2293,7.22515,7.22668,1544.0,7.2272,1544
2025-05-08 00:00:00,7.22609,7.22686,7.21609,7.22211,3055.0,7.2226,3055
2025-05-08 01:00:00,7.22227,7.23681,7.22027,7.2324,15292.0,7.2303,15292
2025-05-08 02:00:00,7.23257,7.23424,7.2285,7.23278,12830.0,7.2318,12830
2025-05-08 03:00:00,7.2328,7.2333,7.22827,7.23213,9316.0,7.2311,9316
2025-05-08 04:00:00,7.23227,7.23481,7.23142,7.23381,6399.0,7.2333,6399
2025-05-08 05:00:00,7.23381,7.23876,7.23034,7.23197,11978.0,7.236,11978
2025-05-08 06:00:00,7.23205,7.24126,7.23106,7.23921,15175.0,7.2363,15175
2025-05-08 07:00:00,7.23925,7.24097,7.23157,7.2331,13462.0,7.2363,13462
2025-05-08 08:00:00,7.23312,7.2368,7.2311,7.23621,11632.0,7.2345,11632
2025-05-08 09:00:00,7.23622,7.23896,7.23427,7.2359,9889.0,7.2365,9889
2025-05-08 10:00:00,7.2359,7.23889,7.2353,7.23823,9311.0,7.2375,9311
2025-05-08 11:00:00,7.23813,7.23976,7.23593,7.23856,10370.0,7.2384,10370
2025-05-08 12:00:00,7.23858,7.23898,7.2335,7.23649,12953.0,7.2368,12953
2025-05-08 13:00:00,7.23648,7.23664,7.23164,7.23237,14633.0,7.2338,14633
2025-05-08 14:00:00,7.23235,7.23865,7.231,7.2374,14283.0,7.2347,14283
2025-05-08 15:00:00,7.23732,7.24152,7.2352,7.24119,15464.0,7.2379,15464
2025-05-08 16:00:00,7.24125,7.24664,7.2409,7.24455,13670.0,7.2445,13670
2025-05-08 17:00:00,7.24455,7.24652,7.24337,7.24471,9615.0,7.2451,9615
2025-05-08 18:00:00,7.24471,7.2459,7.244,7.245,6890.0,7.2449,6890
2025-05-08 19:00:00,7.24502,7.24579,7.24109,7.24359,8587.0,7.2436,8587
2025-05-08 20:00:00,7.24351,7.24529,7.2414,7.24317,4614.0,7.2437,4614
2025-05-08 21:00:00,7.24317,7.24349,7.23985,7.23985,139.0,7.2425,139
2025-05-08 22:00:00,7.2417,7.24289,7.23653,7.23784,471.0,7.241,471
2025-05-08 23:00:00,7.23683,7.24266,7.2366,7.24099,1895.0,7.2407,1895
2025-05-09 00:00:00,7.24056,7.24497,7.23883,7.24043,3129.0,7.2422,3129
2025-05-09 01:00:00,7.24049,7.24821,7.23822,7.24644,13904.0,7.2438,13904
2025-05-09 02:00:00,7.24642,7.2527,7.24625,7.24767,13356.0,7.2499,13356
2025-05-09 03:00:00,7.24763,7.24999,7.24512,7.24898,11577.0,7.2479,11577
2025-05-09 04:00:00,7.24902,7.24965,7.24643,7.24951,7899.0,7.2481,7899
2025-05-09 05:00:00,7.24932,7.25017,7.2454,7.24639,8901.0,7.2481,8901
2025-05-09 06:00:00,7.24637,7.24666,7.24436,7.24475,10778.0,7.2456,10778
2025-05-09 07:00:00,7.24476,7.2467,7.24263,7.24613,11649.0,7.2449,11649
2025-05-09 08:00:00,7.24607,7.24717,7.24469,7.24508,9902.0,7.2461,9902
2025-05-09 09:00:00,7.24502,7.24554,7.2379,7.23885,8366.0,7.2421,8366
2025-05-09 10:00:00,7.23878,7.23992,7.2375,7.23984,8302.0,7.2391,8302
2025-05-09 11:00:00,7.23974,7.24147,7.23713,7.24039,9967.0,7.2395,9967
2025-05-09 12:00:00,7.24034,7.24143,7.2388,7.23986,9541.0,7.2403,9541
2025-05-09 13:00:00,7.23997,7.23998,7.23541,7.23814,11486.0,7.2376,11486
2025-05-09 14:00:00,7.23812,7.23871,7.23385,7.23736,12624.0,7.2361,12624
2025-05-09 15:00:00,7.23734,7.23834,7.23552,7.23796,10021.0,7.237,10021
2025-05-09 16:00:00,7.23794,7.23934,7.23706,7.23791,7001.0,7.2381,7001
2025-05-09 17:00:00,7.23788,7.24022,7.2376,7.23992,5073.0,7.2389,5073
2025-05-09 18:00:00,7.23991,7.24022,7.2386,7.23968,4026.0,7.2395,4026
2025-05-09 19:00:00,7.23952,7.2417,7.23887,7.24105,4807.0,7.2405,4807
2025-05-09 20:00:00,7.24105,7.24146,7.23823,7.24061,4175.0,7.2404,4175
2025-05-11 21:00:00,7.22276,7.22324,7.22087,7.22184,72.0,7.2221,72
2025-05-11 22:00:00,7.22182,7.22394,7.21831,7.22393,76.0,7.221,76
2025-05-11 23:00:00,7.2246,7.22957,7.22317,7.22768,1824.0,7.2269,1824
2025-05-12 00:00:00,7.22772,7.22973,7.22352,7.22639,3095.0,7.2269,3095
2025-05-12 01:00:00,7.22629,7.22906,7.22003,7.22641,13928.0,7.2249,13928
2025-05-12 02:00:00,7.22639,7.22876,7.21952,7.22815,11793.0,7.2239,11793
2025-05-12 03:00:00,7.22819,7.22976,7.22339,7.22431,9618.0,7.2262,9618
2025-05-12 04:00:00,7.22429,7.22521,7.22312,7.22442,5614.0,7.2242,5614
2025-05-12 05:00:00,7.22447,7.22548,7.21606,7.21747,8542.0,7.223,8542
2025-05-12 06:00:00,7.21751,7.21991,7.21271,7.21514,13560.0,7.2169,13560
2025-05-12 07:00:00,7.21522,7.21526,7.19786,7.21093,18380.0,7.2082,18380
2025-05-12 08:00:00,7.21095,7.2137,7.20549,7.20622,16515.0,7.2109,16515
2025-05-12 09:00:00,7.20626,7.21248,7.20521,7.2117,12610.0,7.2084,12610
2025-05-12 10:00:00,7.21174,7.21493,7.20192,7.20308,14824.0,7.2098,14824
2025-05-12 11:00:00,7.20303,7.20307,7.19331,7.20005,14923.0,7.1972,14923
2025-05-12 12:00:00,7.20009,7.20619,7.1978,7.20099,14293.0,7.2027,14293
2025-05-12 13:00:00,7.20104,7.20437,7.19948,7.1999,15519.0,7.2019,15519
2025-05-12 14:00:00,7.1999,7.20069,7.19188,7.19457,16747.0,7.1947,16747
2025-05-12 15:00:00,7.19454,7.19864,7.19281,7.19695,12835.0,7.1955,12835
2025-05-12 16:00:00,7.19708,7.20172,7.19487,7.20118,9444.0,7.1987,9444
2025-05-12 17:00:00,7.20116,7.20589,7.2006,7.20148,8491.0,7.2024,8491
2025-05-12 18:00:00,7.20146,7.20434,7.19831,7.19831,9072.0,7.2016,9072
2025-05-12 19:00:00,7.19837,7.20089,7.19755,7.19872,8372.0,7.1991,8372
2025-05-12 20:00:00,7.19874,7.20022,7.19752,7.19962,3753.0,7.1991,3753
2025-05-12 21:00:00,7.19962,7.20104,7.19485,7.19759,346.0,7.1987,346
2025-05-12 22:00:00,7.19749,7.20063,7.19485,7.20035,610.0,7.1993,610
2025-05-12 23:00:00,7.20053,7.20117,7.1962,7.19773,1636.0,7.1988,1636
2025-05-13 00:00:00,7.19698,7.2029,7.19226,7.19997,3056.0,7.1973,3056
2025-05-13 01:00:00,7.19998,7.20142,7.1788,7.18254,15578.0,7.1886,15578
2025-05-13 02:00:00,7.18258,7.18848,7.17852,7.1877,13279.0,7.1841,13279
2025-05-13 03:00:00,7.18774,7.18842,7.1832,7.18406,9672.0,7.1862,9672
2025-05-13 04:00:00,7.18406,7.18642,7.18254,7.18512,7750.0,7.1846,7750
2025-05-13 05:00:00,7.18514,7.19073,7.18252,7.18831,10815.0,7.1874,10815
2025-05-13 06:00:00,7.18829,7.18996,7.18488,7.18691,12329.0,7.1874,12329
2025-05-13 07:00:00,7.18693,7.19775,7.18648,7.19461,14216.0,7.1935,14216
2025-05-13 08:00:00,7.19466,7.19966,7.19313,7.19525,11628.0,7.1961,11628
2025-05-13 09:00:00,7.19523,7.19772,7.19406,7.1959,9955.0,7.1959,9955
2025-05-13 10:00:00,7.19594,7.19934,7.19545,7.19896,9350.0,7.197,9350
2025-05-13 11:00:00,7.1989,7.2012,7.1976,7.20015,8194.0,7.1991,8194
2025-05-13 12:00:00,7.20013,7.20095,7.19437,7.19771,12944.0,7.1987,12944
2025-05-13 13:00:00,7.19769,7.1999,7.19396,7.1992,14630.0,7.1965,14630
2025-05-13 14:00:00,7.19922,7.20157,7.19812,7.1997,14605.0,7.1998,14605
2025-05-13 15:00:00,7.19991,7.20413,7.1984,7.20172,13407.0,7.2016,13407
2025-05-13 16:00:00,7.20164,7.20257,7.1992,7.19987,8499.0,7.2009,8499
2025-05-13 17:00:00,7.19985,7.20002,7.1958,7.19672,6702.0,7.198,6702
2025-05-13 18:00:00,7.19674,7.19767,7.1957,7.19625,6108.0,7.1966,6108
2025-05-13 19:00:00,7.19623,7.1986,7.19591,7.19817,5343.0,7.1973,5343
2025-05-13 20:00:00,7.19819,7.19849,7.19496,7.19642,3883.0,7.197,3883
2025-05-13 21:00:00,7.19642,7.20005,7.19475,7.19738,453.0,7.1976,453
2025-05-13 22:00:00,7.19485,7.19855,7.19465,7.19574,644.0,7.197,644
2025-05-13 23:00:00,7.19495,7.19848,7.1946,7.19797,1552.0,7.1963,1552
2025-05-14 00:00:00,7.19811,7.19827,7.1921,7.19281,2817.0,7.1958,2817
2025-05-14 01:00:00,7.19275,7.21288,7.19085,7.21118,14815.0,7.2011,14815
2025-05-14 02:00:00,7.21116,7.21591,7.20976,7.21424,12802.0,7.2131,12802
2025-05-14 03:00:00,7.21396,7.21475,7.21139,7.21342,8584.0,7.2131,8584
2025-05-14 04:00:00,7.2134,7.21471,7.21179,7.21286,6677.0,7.2134,6677
2025-05-14 05:00:00,7.21279,7.21297,7.2085,7.2128,9114.0,7.2112,9114
2025-05-14 06:00:00,7.21282,7.21342,7.20788,7.21089,11732.0,7.2109,11732
2025-05-14 07:00:00,7.21083,7.21183,7.20552,7.20653,12892.0,7.2088,12892
2025-05-14 08:00:00,7.20655,7.20744,7.20035,7.20218,15864.0,7.2036,15864
2025-05-14 09:00:00,7.2022,7.20285,7.1947,7.19922,15465.0,7.1977,15465
2025-05-14 10:00:00,7.19924,7.20246,7.19779,7.19992,11298.0,7.2006,11298
2025-05-14 11:00:00,7.19991,7.20401,7.19991,7.20158,9755.0,7.2021,9755
2025-05-14 12:00:00,7.20158,7.20419,7.20087,7.20339,12757.0,7.2029,12757
2025-05-14 13:00:00,7.20333,7.20583,7.20179,7.20389,15706.0,7.2035,15706
2025-05-14 14:00:00,7.20395,7.2062,7.20161,7.20445,15421.0,7.2039,15421
2025-05-14 15:00:00,7.20457,7.20706,7.2027,7.20488,14126.0,7.205,14126
2025-05-14 16:00:00,7.205,7.21212,7.20416,7.20569,11607.0,7.2061,11607
2025-05-14 17:00:00,7.20566,7.2092,7.20468,7.20817,9866.0,7.2073,9866
2025-05-14 18:00:00,7.20816,7.21269,7.20788,7.21239,7135.0,7.2112,7135
2025-05-14 19:00:00,7.21229,7.21378,7.2114,7.21261,6395.0,7.2128,6395
2025-05-14 20:00:00,7.21261,7.21361,7.209,7.21125,7920.0,7.212,7920
2025-05-14 21:00:00,7.21125,7.21125,7.20665,7.20982,361.0,7.21,361
2025-05-14 22:00:00,7.20987,7.21017,7.20653,7.20969,432.0,7.2095,432
2025-05-14 23:00:00,7.20823,7.21108,7.20695,7.2096,1989.0,7.2097,1989
2025-05-15 00:00:00,7.20966,7.21161,7.20741,7.2083,3055.0,7.2094,3055
2025-05-15 01:00:00,7.20845,7.21414,7.20509,7.21355,13601.0,7.21,13601
2025-05-15 02:00:00,7.21357,7.21564,7.21001,7.21147,11895.0,7.2127,11895
2025-05-15 03:00:00,7.21144,7.21152,7.20601,7.20845,10386.0,7.2086,10386
2025-05-15 04:00:00,7.20847,7.20997,7.20773,7.20905,6778.0,7.209,6778
2025-05-15 05:00:00,7.20903,7.21119,7.2079,7.20904,8871.0,7.2097,8871
2025-05-15 06:00:00,7.209,7.21023,7.2025,7.20449,13674.0,7.2056,13674
2025-05-15 07:00:00,7.20451,7.21043,7.20391,7.20951,12525.0,7.208,12525
2025-05-15 08:00:00,7.20957,7.212,7.2084,7.20911,10191.0,7.2103,10191
2025-05-15 09:00:00,7.20909,7.21101,7.2072,7.20855,9828.0,7.2092,9828
2025-05-15 10:00:00,7.20855,7.20903,7.2062,7.20783,10761.0,7.2075,10761
2025-05-15 11:00:00,7.20781,7.21075,7.20708,7.21001,8804.0,7.2093,8804
2025-05-15 12:00:00,7.21003,7.21132,7.2056,7.20762,12595.0,7.2086,12595
2025-05-15 13:00:00,7.20764,7.20815,7.2043,7.20621,15458.0,7.2064,15458
2025-05-15 14:00:00,7.20613,7.21143,7.20449,7.20891,14105.0,7.2081,14105
2025-05-15 15:00:00,7.20893,7.20901,7.20489,7.20509,12293.0,7.2069,12293
2025-05-15 16:00:00,7.20511,7.20728,7.20412,7.20632,8776.0,7.206,8776
2025-05-15 17:00:00,7.20629,7.20665,7.20409,7.20541,7532.0,7.2055,7532
2025-05-15 18:00:00,7.20549,7.20563,7.20398,7.20485,5810.0,7.205,5810
2025-05-15 19:00:00,7.20485,7.20553,7.2034,7.20416,4722.0,7.2047,4722
2025-05-15 20:00:00,7.2043,7.20533,7.20348,7.20498,3602.0,7.2043,3602
2025-05-15 21:00:00,7.20498,7.20642,7.20365,7.20632,580.0,7.206,580
2025-05-15 22:00:00,7.2052,7.20646,7.20395,7.20405,647.0,7.2057,647
2025-05-15 23:00:00,7.20426,7.20598,7.20361,7.20395,1151.0,7.2046,1151
2025-05-16 00:00:00,7.20425,7.20591,7.2012,7.20361,2797.0,7.2043,2797
2025-05-16 01:00:00,7.20369,7.20411,7.19517,7.19674,12722.0,7.1998,12722
2025-05-16 02:00:00,7.19672,7.20143,7.19488,7.1991,10741.0,7.1988,10741
2025-05-16 03:00:00,7.19922,7.19941,7.1961,7.19821,8130.0,7.198,8130
2025-05-16 04:00:00,7.19819,7.20086,7.1973,7.19767,5943.0,7.1989,5943
2025-05-16 05:00:00,7.19769,7.19821,7.1953,7.1966,8505.0,7.1968,8505
2025-05-16 06:00:00,7.19656,7.19915,7.19577,7.19708,9933.0,7.1976,9933
2025-05-16 07:00:00,7.19706,7.20151,7.19654,7.20043,10719.0,7.1996,10719
2025-05-16 08:00:00,7.20048,7.2045,7.20043,7.20367,9626.0,7.2029,9626
2025-05-16 09:00:00,7.20352,7.20508,7.2016,7.204,7922.0,7.2039,7922
2025-05-16 10:00:00,7.20399,7.20559,7.20184,7.20477,7645.0,7.204,7645
2025-05-16 11:00:00,7.20451,7.20733,7.2034,7.20606,7319.0,7.2055,7319
2025-05-16 12:00:00,7.20607,7.20736,7.2039,7.20473,9693.0,7.2059,9693
2025-05-16 13:00:00,7.20478,7.20737,7.20476,7.20607,11050.0,7.2063,11050
2025-05-16 14:00:00,7.20603,7.20991,7.20575,7.20972,14770.0,7.2079,14770
2025-05-16 15:00:00,7.20977,7.2135,7.20941,7.21173,11025.0,7.2118,11025
2025-05-16 16:00:00,7.21163,7.21319,7.21055,7.21224,7587.0,7.2122,7587
2025-05-16 17:00:00,7.2122,7.21307,7.2109,7.21233,5570.0,7.2118,5570
2025-05-16 18:00:00,7.21245,7.21253,7.2101,7.21066,5415.0,7.2117,5415
2025-05-16 19:00:00,7.21064,7.21128,7.2096,7.21007,5687.0,7.2105,5687
2025-05-16 20:00:00,7.21003,7.2109,7.20745,7.21002,6388.0,7.2092,6388
2025-05-18 23:00:00,7.20739,7.20936,7.20696,7.20756,1259.0,7.208,1259
2025-05-19 00:00:00,7.20757,7.20989,7.20447,7.20491,2740.0,7.2076,2740
2025-05-19 01:00:00,7.20486,7.21448,7.20354,7.2115,12323.0,7.2087,12323
2025-05-19 02:00:00,7.2116,7.21799,7.2113,7.21673,10966.0,7.2152,10966
2025-05-19 03:00:00,7.21665,7.21763,7.21368,7.21647,7620.0,7.2159,7620
2025-05-19 04:00:00,7.21651,7.21731,7.21451,7.21699,5501.0,7.2165,5501
2025-05-19 05:00:00,7.21694,7.21754,7.21437,7.21715,7333.0,7.2164,7333
2025-05-19 06:00:00,7.21721,7.21779,7.21317,7.21363,10587.0,7.2151,10587
2025-05-19 07:00:00,7.21363,7.21496,7.21082,7.21332,12377.0,7.2126,12377
2025-05-19 08:00:00,7.21333,7.21406,7.21166,7.21223,10318.0,7.2127,10318
2025-05-19 09:00:00,7.21222,7.21356,7.2112,7.21183,10003.0,7.2126,10003
2025-05-19 10:00:00,7.21185,7.2126,7.20936,7.21047,9416.0,7.2111,9416
2025-05-19 11:00:00,7.21049,7.21298,7.21026,7.21127,8572.0,7.2116,8572
2025-05-19 12:00:00,7.21131,7.21382,7.21059,7.21317,8581.0,7.2125,8581
2025-05-19 13:00:00,7.21319,7.2164,7.2127,7.21448,12611.0,7.2144,12611
2025-05-19 14:00:00,7.21443,7.21678,7.21422,7.2153,11198.0,7.2156,11198
2025-05-19 15:00:00,7.21517,7.21607,7.21204,7.2141,10141.0,7.2139,10141
2025-05-19 16:00:00,7.21408,7.21496,7.21301,7.2139,7195.0,7.2138,7195
2025-05-19 17:00:00,7.21388,7.21561,7.2128,7.21497,6466.0,7.2145,6466
2025-05-19 18:00:00,7.21483,7.21596,7.2139,7.21539,6563.0,7.2153,6563
2025-05-19 19:00:00,7.21541,7.21601,7.21363,7.21406,4826.0,7.2153,4826
2025-05-19 20:00:00,7.21408,7.21483,7.21281,7.21437,3407.0,7.2141,3407
2025-05-19 21:00:00,7.21437,7.21496,7.21115,7.21418,325.0,7.214,325
2025-05-19 22:00:00,7.2132,7.21428,7.21114,7.21412,578.0,7.2135,578
2025-05-19 23:00:00,7.21193,7.21552,7.21155,7.21533,1606.0,7.2141,1606
2025-05-20 00:00:00,7.21496,7.21936,7.21496,7.21771,2465.0,7.2178,2465
2025-05-20 01:00:00,7.21752,7.22157,7.2145,7.22127,12596.0,7.2168,12596
2025-05-20 02:00:00,7.22125,7.22607,7.2206,7.22464,11463.0,7.2228,11463
2025-05-20 03:00:00,7.22462,7.22624,7.2214,7.22283,8290.0,7.2233,8290
2025-05-20 04:00:00,7.22284,7.22315,7.21986,7.22061,6653.0,7.2215,6653
2025-05-20 05:00:00,7.22077,7.2215,7.217,7.21837,10607.0,7.2201,10607
2025-05-20 06:00:00,7.21831,7.22299,7.21688,7.22156,11830.0,7.2195,11830
2025-05-20 07:00:00,7.22183,7.22279,7.2176,7.21798,12196.0,7.2194,12196
2025-05-20 08:00:00,7.21798,7.22098,7.21783,7.22077,10696.0,7.2196,10696
2025-05-20 09:00:00,7.22071,7.22191,7.219,7.22029,9484.0,7.2202,9484
2025-05-20 10:00:00,7.22025,7.22166,7.2193,7.22027,7309.0,7.2205,7309
2025-05-20 11:00:00,7.22029,7.22104,7.2185,7.21969,6888.0,7.2199,6888
2025-05-20 12:00:00,7.21969,7.21981,7.21728,7.21835,9360.0,7.2187,9360
2025-05-20 13:00:00,7.21837,7.21884,7.21706,7.21794,11892.0,7.218,11892
2025-05-20 14:00:00,7.21797,7.2181,7.21477,7.2151,12255.0,7.2165,12255
2025-05-20 15:00:00,7.21512,7.21693,7.21468,7.21657,8754.0,7.2158,8754
2025-05-20 16:00:00,7.21655,7.2176,7.2152,7.21582,6335.0,7.2166,6335
2025-05-20 17:00:00,7.21581,7.21644,7.2142,7.21484,5408.0,7.2153,5408
2025-05-20 18:00:00,7.2149,7.21809,7.2145,7.21512,6317.0,7.2159,6317
2025-05-20 19:00:00,7.2151,7.2154,7.2137,7.21459,4314.0,7.2148,4314
2025-05-20 20:00:00,7.21457,7.21502,7.21294,7.21423,2579.0,7.2142,2579
2025-05-20 21:00:00,7.21423,7.21696,7.21365,7.21664,509.0,7.2162,509
2025-05-20 22:00:00,7.2158,7.21698,7.21365,7.2151,716.0,7.216,716
2025-05-20 23:00:00,7.21395,7.21543,7.21191,7.21294,1481.0,7.2139,1481
2025-05-21 00:00:00,7.21267,7.22001,7.2074,7.21653,2991.0,7.2121,2991
2025-05-21 01:00:00,7.21649,7.21966,7.20916,7.21079,13309.0,7.2146,13309
2025-05-21 02:00:00,7.21099,7.21155,7.20545,7.2066,13488.0,7.2088,13488
2025-05-21 03:00:00,7.20662,7.20864,7.20376,7.20558,9918.0,7.2066,9918
2025-05-21 04:00:00,7.20573,7.20758,7.2036,7.20556,6775.0,7.2056,6775
2025-05-21 05:00:00,7.20567,7.2073,7.20405,7.2056,9450.0,7.2057,9450
2025-05-21 06:00:00,7.20562,7.20756,7.201,7.20376,12984.0,7.2041,12984
2025-05-21 07:00:00,7.20379,7.20585,7.20284,7.20533,12469.0,7.2046,12469
2025-05-21 08:00:00,7.2055,7.2082,7.20528,7.20617,10828.0,7.2069,10828
2025-05-21 09:00:00,7.20612,7.20669,7.2043,7.20572,10353.0,7.2055,10353
2025-05-21 10:00:00,7.20566,7.20753,7.19969,7.20192,11446.0,7.203,11446
2025-05-21 11:00:00,7.20195,7.20317,7.2001,7.20254,9499.0,7.2019,9499
2025-05-21 12:00:00,7.20252,7.20314,7.2006,7.20087,11037.0,7.202,11037
2025-05-21 13:00:00,7.20085,7.20209,7.1988,7.20165,11497.0,7.2004,11497
2025-05-21 14:00:00,7.20166,7.20188,7.19874,7.19992,12083.0,7.2001,12083
2025-05-21 15:00:00,7.20006,7.2019,7.19883,7.20055,10400.0,7.2004,10400
2025-05-21 16:00:00,7.20053,7.20182,7.19886,7.20096,7578.0,7.2006,7578
2025-05-21 17:00:00,7.20094,7.20173,7.1994,7.20041,10699.0,7.2006,10699
2025-05-21 18:00:00,7.20039,7.20248,7.20025,7.20207,7152.0,7.2014,7152
2025-05-21 19:00:00,7.20205,7.20354,7.20153,7.20324,6608.0,7.2027,6608
2025-05-21 20:00:00,7.20296,7.20392,7.20241,7.20379,3270.0,7.2033,3270
2025-05-21 21:00:00,7.20379,7.20391,7.19855,7.20094,352.0,7.2014,352
2025-05-21 22:00:00,7.1994,7.20353,7.19855,7.20334,705.0,7.201,705
2025-05-21 23:00:00,7.20262,7.20611,7.20155,7.20278,2346.0,7.2035,2346
2025-05-22 00:00:00,7.20249,7.20273,7.19865,7.20085,2929.0,7.2011,2929
2025-05-22 01:00:00,7.20097,7.20261,7.1937,7.19575,12967.0,7.1982,12967
2025-05-22 02:00:00,7.19584,7.20297,7.19529,7.20223,11116.0,7.1978,11116
2025-05-22 03:00:00,7.20225,7.20449,7.2007,7.20383,8708.0,7.2029,8708
2025-05-22 04:00:00,7.20397,7.20397,7.20111,7.20292,5704.0,7.2025,5704
2025-05-22 05:00:00,7.20294,7.2045,7.20151,7.20278,8806.0,7.2029,8806
2025-05-22 06:00:00,7.20276,7.20379,7.2008,7.20245,11072.0,7.2027,11072
2025-05-22 07:00:00,7.20247,7.20792,7.2022,7.2042,12952.0,7.2053,12952
2025-05-22 08:00:00,7.20371,7.20541,7.2013,7.20477,12064.0,7.2036,12064
2025-05-22 09:00:00,7.20479,7.20766,7.2041,7.20643,10139.0,7.2062,10139
2025-05-22 10:00:00,7.20642,7.20779,7.20348,7.20369,8753.0,7.2062,8753
2025-05-22 11:00:00,7.20372,7.20638,7.2023,7.2028,10831.0,7.2039,10831
2025-05-22 12:00:00,7.20279,7.20477,7.2016,7.20244,12164.0,7.2028,12164
2025-05-22 13:00:00,7.20246,7.20547,7.20008,7.20281,12939.0,7.2028,12939
2025-05-22 14:00:00,7.2028,7.20367,7.1994,7.20155,12845.0,7.2016,12845
2025-05-22 15:00:00,7.20153,7.20477,7.20068,7.20281,11702.0,7.2025,11702
2025-05-22 16:00:00,7.20281,7.20385,7.20188,7.20276,10723.0,7.2028,10723
2025-05-22 17:00:00,7.20273,7.20548,7.202,7.20435,9337.0,7.2043,9337
2025-05-22 18:00:00,7.20442,7.20523,7.2028,7.20424,5492.0,7.204,5492
2025-05-22 19:00:00,7.20398,7.20458,7.2026,7.20326,4434.0,7.2036,4434
2025-05-22 20:00:00,7.20322,7.20499,7.2027,7.20487,3125.0,7.2034,3125
2025-05-22 21:00:00,7.20487,7.20501,7.20225,7.20272,380.0,7.2044,380
2025-05-22 22:00:00,7.2037,7.20506,7.20265,7.20441,734.0,7.2046,734
2025-05-22 23:00:00,7.20316,7.20511,7.20223,7.2044,1322.0,7.2039,1322
2025-05-23 00:00:00,7.20425,7.20536,7.19945,7.20071,2514.0,7.2028,2514
2025-05-23 01:00:00,7.2007,7.20201,7.19647,7.19919,10673.0,7.1996,10673
2025-05-23 02:00:00,7.19927,7.20174,7.1975,7.19866,8776.0,7.1995,8776
2025-05-23 03:00:00,7.19858,7.20093,7.1978,7.19974,6503.0,7.1995,6503
2025-05-23 04:00:00,7.19976,7.2002,7.19713,7.19863,5628.0,7.1985,5628
2025-05-23 05:00:00,7.19868,7.19902,7.19566,7.19641,7526.0,7.1976,7526
2025-05-23 06:00:00,7.19645,7.19963,7.19542,7.19704,10046.0,7.1981,10046
2025-05-23 07:00:00,7.19702,7.19759,7.1847,7.18567,14071.0,7.1919,14071
2025-05-23 08:00:00,7.18602,7.18801,7.18185,7.18464,11546.0,7.1851,11546
2025-05-23 09:00:00,7.18468,7.18526,7.17413,7.17656,11740.0,7.1798,11740
2025-05-23 10:00:00,7.1764,7.18135,7.17575,7.18056,8779.0,7.1787,8779
2025-05-23 11:00:00,7.18057,7.18611,7.17774,7.18192,13426.0,7.1812,13426
2025-05-23 12:00:00,7.18192,7.18631,7.1741,7.17705,16103.0,7.1807,16103
2025-05-23 13:00:00,7.17709,7.18193,7.17629,7.17818,14973.0,7.179,14973
2025-05-23 14:00:00,7.17827,7.17919,7.1729,7.17343,14093.0,7.1751,14093
2025-05-23 15:00:00,7.17344,7.17455,7.17144,7.17237,11018.0,7.1731,11018
2025-05-23 16:00:00,7.17239,7.17508,7.1716,7.17319,8480.0,7.1736,8480
2025-05-23 17:00:00,7.17318,7.17469,7.1718,7.17439,7313.0,7.1735,7313
2025-05-23 18:00:00,7.17441,7.17465,7.171,7.17112,6037.0,7.1724,6037
2025-05-23 19:00:00,7.17108,7.17368,7.17108,7.17298,5148.0,7.1724,5148
2025-05-23 20:00:00,7.17292,7.17325,7.16997,7.17217,5733.0,7.1719,5733
2025-05-25 21:00:00,7.17084,7.17084,7.16963,7.17054,62.0,7.1702,62
2025-05-25 22:00:00,7.17065,7.17596,7.16984,7.1739,116.0,7.1732,116
2025-05-25 23:00:00,7.17424,7.17871,7.1736,7.17778,1382.0,7.1759,1382
2025-05-26 00:00:00,7.17752,7.18235,7.1714,7.17769,3305.0,7.1782,3305
2025-05-26 01:00:00,7.17781,7.17975,7.16283,7.16583,14869.0,7.1699,14869
2025-05-26 02:00:00,7.16579,7.16805,7.16136,7.16708,12559.0,7.1651,12559
2025-05-26 03:00:00,7.16723,7.17111,7.16546,7.16958,9601.0,7.1684,9601
2025-05-26 04:00:00,7.16959,7.1715,7.16838,7.16932,6730.0,7.1699,6730
2025-05-26 05:00:00,7.16949,7.17056,7.16503,7.16711,8544.0,7.1688,8544
2025-05-26 06:00:00,7.16689,7.17036,7.1657,7.16966,11782.0,7.1681,11782
2025-05-26 07:00:00,7.16969,7.17962,7.16841,7.17925,13259.0,7.1754,13259
2025-05-26 08:00:00,7.17931,7.18166,7.1763,7.18115,9841.0,7.178,9841
2025-05-26 09:00:00,7.18099,7.18296,7.17813,7.17835,8471.0,7.1806,8471
2025-05-26 10:00:00,7.17833,7.17974,7.1774,7.17869,5663.0,7.1784,5663
2025-05-26 11:00:00,7.1785,7.17965,7.17642,7.17762,5762.0,7.1779,5762
2025-05-26 12:00:00,7.17766,7.17998,7.17685,7.17873,5835.0,7.1782,5835
2025-05-26 13:00:00,7.17857,7.17923,7.17638,7.17834,6670.0,7.1781,6670
2025-05-26 14:00:00,7.17841,7.17955,7.1764,7.17891,6662.0,7.1781,6662
2025-05-26 15:00:00,7.17891,7.17968,7.1759,7.17756,6109.0,7.1781,6109
2025-05-26 16:00:00,7.17751,7.17903,7.1766,7.17733,2967.0,7.1778,2967
2025-05-26 17:00:00,7.1774,7.17824,7.17674,7.1777,2089.0,7.1776,2089
2025-05-26 18:00:00,7.17753,7.1784,7.17636,7.1781,2191.0,7.1776,2191
2025-05-26 19:00:00,7.17774,7.1783,7.1768,7.17793,1884.0,7.1777,1884
2025-05-26 20:00:00,7.17747,7.1781,7.17519,7.17665,1967.0,7.1771,1967
2025-05-26 21:00:00,7.17665,7.17838,7.17535,7.17565,285.0,7.1774,285
2025-05-26 22:00:00,7.17842,7.17879,7.17565,7.17795,608.0,7.1778,608
2025-05-26 23:00:00,7.17708,7.17858,7.17532,7.17598,1857.0,7.177,1857
2025-05-27 00:00:00,7.17597,7.17621,7.17161,7.17307,2319.0,7.1744,2319
2025-05-27 01:00:00,7.17309,7.18496,7.17098,7.18178,12640.0,7.1774,12640
2025-05-27 02:00:00,7.18164,7.18408,7.17922,7.18344,10824.0,7.1816,10824
2025-05-27 03:00:00,7.1835,7.18516,7.1812,7.18464,8082.0,7.1833,8082
2025-05-27 04:00:00,7.18466,7.1855,7.1814,7.18526,6518.0,7.1838,6518
2025-05-27 05:00:00,7.18525,7.18786,7.18183,7.1826,12299.0,7.1856,12299
2025-05-27 06:00:00,7.18255,7.18901,7.1804,7.18844,13234.0,7.1838,13234
2025-05-27 07:00:00,7.18856,7.19276,7.1847,7.19133,14192.0,7.1884,14192
2025-05-27 08:00:00,7.19157,7.19191,7.1888,7.19125,11208.0,7.1905,11208
2025-05-27 09:00:00,7.19126,7.19345,7.18857,7.1927,8608.0,7.1909,8608
2025-05-27 10:00:00,7.19268,7.19396,7.191,7.19243,8410.0,7.1927,8410
2025-05-27 11:00:00,7.19243,7.19311,7.19035,7.19201,7534.0,7.1915,7534
2025-05-27 12:00:00,7.19195,7.19308,7.1887,7.1895,8910.0,7.191,8910
2025-05-27 13:00:00,7.18949,7.18964,7.17111,7.18876,11479.0,7.188,11479
2025-05-27 14:00:00,7.18879,7.1928,7.18675,7.19154,12933.0,7.19,12933
2025-05-27 15:00:00,7.19156,7.19339,7.19027,7.19283,9545.0,7.192,9545
2025-05-27 16:00:00,7.19279,7.19294,7.191,7.1916,6623.0,7.192,6623
2025-05-27 17:00:00,7.19142,7.19264,7.1901,7.19164,5611.0,7.1914,5611
2025-05-27 18:00:00,7.19145,7.19216,7.1897,7.19013,4744.0,7.191,4744
2025-05-27 19:00:00,7.19015,7.192,7.1894,7.1914,5000.0,7.1907,5000
2025-05-27 20:00:00,7.19142,7.1925,7.1907,7.19166,2692.0,7.1917,2692
2025-05-27 21:00:00,7.19166,7.19171,7.18565,7.18979,132.0,7.1892,132
2025-05-27 22:00:00,7.18999,7.19027,7.18665,7.18845,425.0,7.1894,425
2025-05-27 23:00:00,7.18833,7.19026,7.18651,7.18818,1526.0,7.1883,1526
2025-05-28 00:00:00,7.18805,7.18966,7.1864,7.18942,2486.0,7.1878,2486
2025-05-28 01:00:00,7.18931,7.19701,7.1874,7.19631,12851.0,7.1912,12851
2025-05-28 02:00:00,7.19622,7.19916,7.1952,7.19743,11542.0,7.197,11542
2025-05-28 03:00:00,7.19739,7.19819,7.19413,7.19587,8575.0,7.1961,8575
2025-05-28 04:00:00,7.19583,7.19717,7.19459,7.196,6453.0,7.196,6453
2025-05-28 05:00:00,7.19598,7.19709,7.19286,7.19299,8537.0,7.1954,8537
2025-05-28 06:00:00,7.1929,7.196,7.19232,7.19334,9766.0,7.1939,9766
2025-05-28 07:00:00,7.19338,7.19386,7.1868,7.18785,12312.0,7.1892,12312
2025-05-28 08:00:00,7.18798,7.19037,7.1852,7.1872,10418.0,7.188,10418
2025-05-28 09:00:00,7.18706,7.18937,7.1865,7.18872,8047.0,7.1881,8047
2025-05-28 10:00:00,7.18868,7.19134,7.18723,7.19101,6630.0,7.1889,6630
2025-05-28 11:00:00,7.19099,7.19372,7.1888,7.19138,8350.0,7.191,8350
2025-05-28 12:00:00,7.19133,7.19256,7.1902,7.19198,8858.0,7.1917,8858
2025-05-28 13:00:00,7.192,7.19622,7.19071,7.19205,12427.0,7.193,12427
2025-05-28 14:00:00,7.192,7.19261,7.18589,7.18624,14148.0,7.1901,14148
2025-05-28 15:00:00,7.18616,7.19319,7.18606,7.19274,12039.0,7.1902,12039
2025-05-28 16:00:00,7.19272,7.19306,7.1913,7.19172,6322.0,7.1924,6322
2025-05-28 17:00:00,7.19168,7.19312,7.1905,7.1924,5312.0,7.1917,5312
2025-05-28 18:00:00,7.19234,7.19361,7.1912,7.19238,6077.0,7.1927,6077
2025-05-28 19:00:00,7.1924,7.19344,7.192,7.19291,5055.0,7.1929,5055
2025-05-28 20:00:00,7.19289,7.19327,7.1916,7.19293,3463.0,7.1926,3463
2025-05-28 21:00:00,7.19293,7.19293,7.18875,7.19186,188.0,7.1915,188
2025-05-28 22:00:00,7.191,7.192,7.18875,7.1909,669.0,7.1911,669
2025-05-28 23:00:00,7.18997,7.20177,7.18953,7.19669,2676.0,7.1957,2676
2025-05-29 00:00:00,7.19745,7.20387,7.19309,7.20358,3903.0,7.1977,3903
2025-05-29 01:00:00,7.20359,7.20865,7.19873,7.20006,14994.0,7.2039,14994
2025-05-29 02:00:00,7.20018,7.2034,7.19568,7.19824,12686.0,7.1997,12686
2025-05-29 03:00:00,7.19818,7.19923,7.19648,7.19779,8854.0,7.198,8854
2025-05-29 04:00:00,7.19786,7.19865,7.1964,7.19794,5821.0,7.1977,5821
2025-05-29 05:00:00,7.19792,7.20233,7.1962,7.1973,10112.0,7.1987,10112
2025-05-29 06:00:00,7.19728,7.19869,7.19154,7.19373,13639.0,7.1953,13639
2025-05-29 07:00:00,7.19375,7.19394,7.18753,7.18793,12991.0,7.19,12991
2025-05-29 08:00:00,7.18795,7.19316,7.18771,7.19003,9996.0,7.1904,9996
2025-05-29 09:00:00,7.18999,7.19117,7.1867,7.18964,8383.0,7.1893,8383
2025-05-29 10:00:00,7.1897,7.19027,7.1865,7.18837,8626.0,7.1884,8626
2025-05-29 11:00:00,7.18832,7.18962,7.18656,7.18907,8174.0,7.1884,8174
2025-05-29 12:00:00,7.18911,7.18913,7.18268,7.18309,13139.0,7.1855,13139
2025-05-29 13:00:00,7.18312,7.18661,7.1824,7.18537,13815.0,7.1845,13815
2025-05-29 14:00:00,7.18523,7.18811,7.18289,7.18778,13771.0,7.1854,13771
2025-05-29 15:00:00,7.18783,7.18799,7.18346,7.18514,11423.0,7.1853,11423
2025-05-29 16:00:00,7.18514,7.18684,7.18385,7.18672,8348.0,7.1852,8348
2025-05-29 17:00:00,7.18667,7.18987,7.18571,7.18659,7283.0,7.1877,7283
2025-05-29 18:00:00,7.18649,7.18736,7.18412,7.18665,6870.0,7.1858,6870
2025-05-29 19:00:00,7.18667,7.18773,7.1862,7.18753,5482.0,7.1871,5482
2025-05-29 20:00:00,7.18751,7.18944,7.1871,7.18929,2661.0,7.1879,2661
2025-05-29 21:00:00,7.18929,7.18931,7.18335,7.18742,188.0,7.1875,188
2025-05-29 22:00:00,7.1859,7.18898,7.18355,7.18883,727.0,7.188,727
2025-05-29 23:00:00,7.18754,7.18887,7.18545,7.18708,1833.0,7.1875,1833
2025-05-30 00:00:00,7.1873,7.18877,7.18459,7.18706,3128.0,7.1866,3128
2025-05-30 01:00:00,7.18711,7.19076,7.18086,7.18426,14576.0,7.1862,14576
2025-05-30 02:00:00,7.18428,7.18859,7.1834,7.1883,10934.0,7.1866,10934
2025-05-30 03:00:00,7.1884,7.18849,7.185,7.18681,8031.0,7.1869,8031
2025-05-30 04:00:00,7.18679,7.19096,7.18621,7.19013,7056.0,7.1887,7056
2025-05-30 05:00:00,7.19005,7.19231,7.18755,7.18907,9110.0,7.1899,9110
2025-05-30 06:00:00,7.1891,7.19292,7.1884,7.18945,10796.0,7.1906,10796
2025-05-30 07:00:00,7.18931,7.19847,7.18925,7.19713,12850.0,7.1954,12850
2025-05-30 08:00:00,7.19711,7.20006,7.1951,7.19903,10821.0,7.198,10821
2025-05-30 09:00:00,7.19901,7.20029,7.19682,7.19798,9159.0,7.1985,9159
2025-05-30 10:00:00,7.1981,7.19859,7.1953,7.19757,8093.0,7.1972,8093
2025-05-30 11:00:00,7.19775,7.19805,7.1952,7.19566,9342.0,7.197,9342
2025-05-30 12:00:00,7.19562,7.20736,7.19548,7.20506,14708.0,7.2027,14708
2025-05-30 13:00:00,7.20503,7.20996,7.20344,7.20432,13105.0,7.2063,13105
2025-05-30 14:00:00,7.2044,7.20588,7.20036,7.20188,14978.0,7.2029,14978
2025-05-30 15:00:00,7.20185,7.20247,7.19899,7.20221,14406.0,7.2008,14406
2025-05-30 16:00:00,7.20234,7.2055,7.20097,7.20323,11157.0,7.2035,11157
2025-05-30 17:00:00,7.20331,7.20448,7.20112,7.20419,8658.0,7.2024,8658
2025-05-30 18:00:00,7.20418,7.20485,7.2026,7.20379,7485.0,7.2038,7485
2025-05-30 19:00:00,7.20381,7.20579,7.20324,7.20522,7710.0,7.2047,7710
2025-05-30 20:00:00,7.20514,7.20647,7.20269,7.20504,6317.0,7.2055,6317
2025-06-01 21:00:00,7.20183,7.20189,7.19901,7.19907,11.0,7.2007,11
2025-06-01 22:00:00,7.19928,7.20318,7.1615,7.20305,99.0,7.2009,99
2025-06-01 23:00:00,7.20348,7.20652,7.2003,7.20589,1837.0,7.2033,1837
2025-06-02 00:00:00,7.20566,7.20591,7.20198,7.20364,2647.0,7.2039,2647
2025-06-02 01:00:00,7.20366,7.21435,7.1615,7.21291,11283.0,7.2077,11283
2025-06-02 02:00:00,7.21292,7.21794,7.21117,7.2174,9787.0,7.2139,9787
2025-06-02 03:00:00,7.21753,7.22407,7.21664,7.21871,8859.0,7.2199,8859
2025-06-02 04:00:00,7.21873,7.21956,7.21593,7.21682,6253.0,7.2176,6253
2025-06-02 05:00:00,7.2168,7.21767,7.2147,7.21676,7520.0,7.2162,7520
2025-06-02 06:00:00,7.21678,7.21688,7.2061,7.20907,11400.0,7.2108,11400
2025-06-02 07:00:00,7.20905,7.20989,7.20124,7.20513,12892.0,7.2055,12892
2025-06-02 08:00:00,7.20513,7.20926,7.2042,7.20857,11278.0,7.2069,11278
2025-06-02 09:00:00,7.20855,7.21139,7.205,7.21132,10740.0,7.2077,10740
2025-06-02 10:00:00,7.21134,7.21353,7.2103,7.2106,8011.0,7.2117,8011
2025-06-02 11:00:00,7.21062,7.21249,7.2099,7.21123,7454.0,7.2111,7454
2025-06-02 12:00:00,7.21134,7.21135,7.20848,7.20923,8831.0,7.2097,8831
2025-06-02 13:00:00,7.20926,7.21654,7.2091,7.21441,11558.0,7.2129,11558
2025-06-02 14:00:00,7.21431,7.21488,7.2043,7.20921,15063.0,7.2089,15063
2025-06-02 15:00:00,7.20931,7.21208,7.2063,7.21133,11662.0,7.2095,11662
2025-06-02 16:00:00,7.2112,7.2132,7.20914,7.21189,8447.0,7.2111,8447
2025-06-02 17:00:00,7.21182,7.21288,7.2109,7.2118,6363.0,7.2121,6363
2025-06-02 18:00:00,7.21194,7.21225,7.2078,7.20865,6692.0,7.21,6692
2025-06-02 19:00:00,7.20867,7.20932,7.2071,7.20863,5352.0,7.2085,5352
2025-06-02 20:00:00,7.20861,7.21028,7.20613,7.20932,3005.0,7.2084,3005
2025-06-02 21:00:00,7.20932,7.20961,7.20715,7.20922,279.0,7.2089,279
2025-06-02 22:00:00,7.2084,7.20934,7.20495,7.20666,716.0,7.2079,716
2025-06-02 23:00:00,7.2055,7.20701,7.20341,7.20541,1670.0,7.2053,1670
2025-06-03 00:00:00,7.20545,7.20831,7.20439,7.20508,2511.0,7.206,2511
2025-06-03 01:00:00,7.20518,7.20712,7.1958,7.20122,13389.0,7.2016,13389
2025-06-03 02:00:00,7.2012,7.20201,7.19642,7.19782,10360.0,7.1987,10360
2025-06-03 03:00:00,7.19781,7.20007,7.1951,7.19961,7441.0,7.1979,7441
2025-06-03 04:00:00,7.19963,7.20005,7.1969,7.19743,5079.0,7.1988,5079
2025-06-03 05:00:00,7.19737,7.20033,7.1944,7.1963,7878.0,7.1981,7878
2025-06-03 06:00:00,7.19626,7.19979,7.1929,7.1944,10110.0,7.197,10110
2025-06-03 07:00:00,7.19445,7.19535,7.19035,7.19223,11589.0,7.1926,11589
2025-06-03 08:00:00,7.19219,7.19357,7.1848,7.1878,9783.0,7.1902,9783
2025-06-03 09:00:00,7.18789,7.18991,7.1869,7.18826,8458.0,7.1885,8458
2025-06-03 10:00:00,7.18828,7.19205,7.1876,7.19174,7735.0,7.19,7735
2025-06-03 11:00:00,7.19163,7.19387,7.19091,7.19228,7497.0,7.1925,7497
2025-06-03 12:00:00,7.19231,7.19321,7.18913,7.19108,9172.0,7.1914,9172
2025-06-03 13:00:00,7.19107,7.19153,7.18802,7.18855,12217.0,7.1894,12217
2025-06-03 14:00:00,7.18836,7.19221,7.18705,7.18759,12981.0,7.1894,12981
2025-06-03 15:00:00,7.18761,7.19015,7.18717,7.18834,10288.0,7.1888,10288
2025-06-03 16:00:00,7.1884,7.19223,7.18787,7.19101,6795.0,7.19,6795
2025-06-03 17:00:00,7.191,7.19117,7.1893,7.18976,5938.0,7.1905,5938
2025-06-03 18:00:00,7.18974,7.19148,7.18973,7.19089,5480.0,7.1906,5480
2025-06-03 19:00:00,7.19091,7.19249,7.19075,7.19178,5137.0,7.1917,5137
2025-06-03 20:00:00,7.1918,7.1922,7.18959,7.19146,3009.0,7.1915,3009
2025-06-03 21:00:00,7.19146,7.19209,7.18835,7.1913,418.0,7.1912,418
2025-06-03 22:00:00,7.1912,7.19175,7.18802,7.19093,747.0,7.1908,747
2025-06-03 23:00:00,7.18956,7.19182,7.1889,7.19096,1713.0,7.1906,1713
2025-06-04 00:00:00,7.19098,7.19395,7.1898,7.19273,2451.0,7.1923,2451
2025-06-04 01:00:00,7.19272,7.19429,7.18259,7.18443,12307.0,7.1875,12307
2025-06-04 02:00:00,7.18451,7.18817,7.18329,7.18744,9851.0,7.1859,9851
2025-06-04 03:00:00,7.18744,7.19049,7.18633,7.19002,7587.0,7.1883,7587
2025-06-04 04:00:00,7.19002,7.19226,7.1894,7.19175,5732.0,7.1911,5732
2025-06-04 05:00:00,7.1918,7.19479,7.1906,7.19392,8183.0,7.193,8183
2025-06-04 06:00:00,7.1939,7.19559,7.1897,7.19163,10805.0,7.1926,10805
2025-06-04 07:00:00,7.1916,7.19201,7.1868,7.19094,10781.0,7.1894,10781
2025-06-04 08:00:00,7.19096,7.19247,7.18741,7.18997,9452.0,7.1903,9452
2025-06-04 09:00:00,7.19001,7.19153,7.18896,7.18978,8225.0,7.1903,8225
2025-06-04 10:00:00,7.1898,7.1916,7.1892,7.1911,6454.0,7.1904,6454
2025-06-04 11:00:00,7.19105,7.19106,7.1886,7.18948,6044.0,7.1897,6044
2025-06-04 12:00:00,7.18947,7.18954,7.18339,7.18429,11395.0,7.1855,11395
2025-06-04 13:00:00,7.18426,7.18611,7.18339,7.18364,10641.0,7.1846,10641
2025-06-04 14:00:00,7.18367,7.18443,7.1793,7.17983,13403.0,7.1815,13403
2025-06-04 15:00:00,7.17985,7.18031,7.1764,7.1764,11980.0,7.1789,11980
2025-06-04 16:00:00,7.1764,7.17715,7.1715,7.17263,9090.0,7.1741,9090
2025-06-04 17:00:00,7.17258,7.17308,7.1698,7.17012,6507.0,7.171,6507
2025-06-04 18:00:00,7.1701,7.17101,7.1692,7.17053,6060.0,7.1704,6060
2025-06-04 19:00:00,7.17043,7.17083,7.1693,7.17034,4979.0,7.1703,4979
2025-06-04 20:00:00,7.17041,7.17153,7.16925,7.17123,4526.0,7.1706,4526
2025-06-04 21:00:00,7.17123,7.17236,7.16935,7.17194,516.0,7.1716,516
2025-06-04 22:00:00,7.17162,7.17251,7.16981,7.17139,706.0,7.1717,706
2025-06-04 23:00:00,7.17119,7.17316,7.16915,7.17278,1637.0,7.171,1637
2025-06-05 00:00:00,7.1728,7.17678,7.17191,7.17394,2669.0,7.1741,2669
2025-06-05 01:00:00,7.17385,7.18121,7.17004,7.17983,12965.0,7.1761,12965
2025-06-05 02:00:00,7.17985,7.18144,7.17774,7.17879,9593.0,7.1795,9593
2025-06-05 03:00:00,7.17881,7.18185,7.17791,7.18043,8145.0,7.1799,8145
2025-06-05 04:00:00,7.18045,7.18097,7.17873,7.17909,5867.0,7.1798,5867
2025-06-05 05:00:00,7.17909,7.18061,7.17629,7.17753,6938.0,7.1795,6938
2025-06-05 06:00:00,7.17688,7.18176,7.17669,7.18156,9261.0,7.1792,9261
2025-06-05 07:00:00,7.18158,7.18182,7.17837,7.18033,9000.0,7.1796,9000
2025-06-05 08:00:00,7.18035,7.18114,7.17848,7.17904,7454.0,7.1799,7454
2025-06-05 09:00:00,7.17906,7.17925,7.17642,7.17784,7950.0,7.1779,7950
2025-06-05 10:00:00,7.17791,7.17824,7.1742,7.17504,6338.0,7.1757,6338
2025-06-05 11:00:00,7.17502,7.18008,7.17433,7.17972,7491.0,7.177,7491
2025-06-05 12:00:00,7.1797,7.18009,7.1716,7.17275,13146.0,7.1774,13146
2025-06-05 13:00:00,7.17263,7.17444,7.16431,7.16572,17841.0,7.1683,17841
2025-06-05 14:00:00,7.16574,7.17177,7.16571,7.16803,16170.0,7.1683,16170
2025-06-05 15:00:00,7.16807,7.17401,7.16728,7.17253,14706.0,7.1706,14706
2025-06-05 16:00:00,7.17263,7.17502,7.17152,7.1732,9851.0,7.1733,9851
2025-06-05 17:00:00,7.17318,7.17501,7.17277,7.17305,6996.0,7.174,6996
2025-06-05 18:00:00,7.17305,7.17589,7.17281,7.17482,6519.0,7.1744,6519
2025-06-05 19:00:00,7.17486,7.17569,7.1736,7.17462,7276.0,7.1748,7276
2025-06-05 20:00:00,7.17494,7.17561,7.17349,7.17547,4754.0,7.1746,4754
2025-06-05 21:00:00,7.17547,7.17609,7.16448,7.17273,738.0,7.1752,738
2025-06-05 22:00:00,7.1715,7.1755,7.1715,7.17534,759.0,7.175,759
2025-06-05 23:00:00,7.17407,7.17539,7.17242,7.17388,2222.0,7.1736,2222
2025-06-06 00:00:00,7.17386,7.17518,7.17152,7.17487,2690.0,7.1737,2690
2025-06-06 01:00:00,7.17483,7.18056,7.17314,7.17742,10101.0,7.1767,10101
2025-06-06 02:00:00,7.1774,7.18217,7.17724,7.17982,9002.0,7.1803,9002
2025-06-06 03:00:00,7.17978,7.17984,7.1779,7.17924,6351.0,7.1789,6351
2025-06-06 04:00:00,7.17923,7.18057,7.17855,7.17927,4608.0,7.1794,4608
2025-06-06 05:00:00,7.17929,7.18186,7.1791,7.1807,6633.0,7.1808,6633
2025-06-06 06:00:00,7.18068,7.18354,7.18025,7.18299,9471.0,7.1821,9471
2025-06-06 07:00:00,7.18301,7.18668,7.18292,7.18456,9499.0,7.1844,9499
2025-06-06 08:00:00,7.18454,7.18615,7.1831,7.18516,8062.0,7.1848,8062
2025-06-06 09:00:00,7.1851,7.18677,7.1848,7.18543,7184.0,7.1858,7184
2025-06-06 10:00:00,7.18534,7.18539,7.1827,7.18369,6479.0,7.1839,6479
2025-06-06 11:00:00,7.18371,7.18473,7.1828,7.18377,6087.0,7.1839,6087
2025-06-06 12:00:00,7.18379,7.18936,7.18121,7.18448,13527.0,7.1845,13527
2025-06-06 13:00:00,7.1846,7.19181,7.18385,7.19028,16623.0,7.1886,16623
2025-06-06 14:00:00,7.19031,7.1938,7.18945,7.19314,15164.0,7.1914,15164
2025-06-06 15:00:00,7.19316,7.19341,7.19058,7.19132,11845.0,7.192,11845
2025-06-06 16:00:00,7.19137,7.19302,7.1896,7.19125,8948.0,7.1914,8948
2025-06-06 17:00:00,7.19124,7.19213,7.19,7.19084,8407.0,7.1914,8407
2025-06-06 18:00:00,7.19084,7.19196,7.1884,7.18962,7742.0,7.1904,7742
2025-06-06 19:00:00,7.18954,7.18972,7.1877,7.18883,7212.0,7.1891,7212
2025-06-06 20:00:00,7.18881,7.19014,7.17785,7.18842,5793.0,7.1885,5793
2025-06-08 21:00:00,7.18273,7.18341,7.18243,7.18243,34.0,7.1832,34
2025-06-08 22:00:00,7.18243,7.18813,7.18243,7.18752,101.0,7.1874,101
2025-06-08 23:00:00,7.18807,7.18961,7.18679,7.18787,1230.0,7.188,1230
2025-06-09 00:00:00,7.18771,7.18997,7.18533,7.18797,6926.0,7.1879,6926
2025-06-09 01:00:00,7.18793,7.18908,7.18248,7.18389,11370.0,7.1855,11370
2025-06-09 02:00:00,7.1839,7.18701,7.18288,7.18642,10176.0,7.1847,10176
2025-06-09 03:00:00,7.1865,7.18739,7.18449,7.18704,6986.0,7.1863,6986
2025-06-09 04:00:00,7.18706,7.18796,7.18617,7.18755,4996.0,7.1871,4996
2025-06-09 05:00:00,7.18757,7.18841,7.18629,7.18688,6687.0,7.1872,6687
2025-06-09 06:00:00,7.18687,7.18744,7.18324,7.1846,9949.0,7.1852,9949
2025-06-09 07:00:00,7.18462,7.18641,7.18264,7.18402,8881.0,7.1843,8881
2025-06-09 08:00:00,7.18393,7.18544,7.18277,7.18428,7783.0,7.1842,7783
2025-06-09 09:00:00,7.18427,7.18461,7.183,7.18345,6931.0,7.184,6931
2025-06-09 10:00:00,7.18339,7.18354,7.17936,7.18097,7978.0,7.1805,7978
2025-06-09 11:00:00,7.18097,7.1831,7.1804,7.18251,7542.0,7.1818,7542
2025-06-09 12:00:00,7.18253,7.18523,7.182,7.18408,8298.0,7.1835,8298
2025-06-09 13:00:00,7.18406,7.18538,7.18302,7.18424,10879.0,7.1841,10879
2025-06-09 14:00:00,7.1843,7.18512,7.1821,7.18333,9557.0,7.1837,9557
2025-06-09 15:00:00,7.18335,7.18372,7.1786,7.17994,8753.0,7.181,8753
2025-06-09 16:00:00,7.17996,7.1921,7.1796,7.18162,5662.0,7.1807,5662
2025-06-09 17:00:00,7.18155,7.18292,7.1811,7.18279,4732.0,7.182,4732
2025-06-09 18:00:00,7.18279,7.18303,7.1803,7.182,6447.0,7.1818,6447
2025-06-09 19:00:00,7.18202,7.18344,7.1815,7.18313,4926.0,7.1827,4926
2025-06-09 20:00:00,7.18311,7.18399,7.17737,7.17737,7400.0,7.1831,7400
2025-06-09 21:00:00,7.17751,7.18354,7.17713,7.18128,833.0,7.182,833
2025-06-09 22:00:00,7.18134,7.18398,7.18025,7.18246,1041.0,7.1824,1041
2025-06-09 23:00:00,7.18244,7.18391,7.1806,7.18189,4068.0,7.182,4068
2025-06-10 00:00:00,7.18197,7.18426,7.1812,7.18157,7516.0,7.1826,7516
2025-06-10 01:00:00,7.18156,7.18482,7.17764,7.18375,11973.0,7.1814,11973
2025-06-10 02:00:00,7.18373,7.1854,7.18263,7.18501,10060.0,7.1837,10060
2025-06-10 03:00:00,7.18505,7.18629,7.18406,7.18558,6809.0,7.1852,6809
2025-06-10 04:00:00,7.18554,7.18674,7.1845,7.18655,5011.0,7.1859,5011
2025-06-10 05:00:00,7.18648,7.19433,7.18602,7.1878,11423.0,7.1896,11423
2025-06-10 06:00:00,7.18787,7.19075,7.1862,7.18831,11917.0,7.1882,11917
2025-06-10 07:00:00,7.18827,7.19288,7.18801,7.19024,12205.0,7.1909,12205
2025-06-10 08:00:00,7.19022,7.19037,7.1876,7.18914,9652.0,7.1888,9652
2025-06-10 09:00:00,7.18916,7.19091,7.1877,7.18804,7132.0,7.1891,7132
2025-06-10 10:00:00,7.18798,7.18798,7.1855,7.18689,6439.0,7.1866,6439
2025-06-10 11:00:00,7.18687,7.18713,7.1844,7.18591,6790.0,7.1857,6790
2025-06-10 12:00:00,7.18595,7.18776,7.1841,7.18746,7439.0,7.1856,7439
2025-06-10 13:00:00,7.18747,7.18759,7.1829,7.18358,11163.0,7.1843,11163
2025-06-10 14:00:00,7.1836,7.18855,7.18337,7.18822,9887.0,7.1863,9887
2025-06-10 15:00:00,7.18821,7.19044,7.18769,7.19023,8819.0,7.1893,8819
2025-06-10 16:00:00,7.19019,7.19085,7.182,7.18996,5264.0,7.1901,5264
2025-06-10 17:00:00,7.18998,7.1907,7.1891,7.19052,5063.0,7.1901,5063
2025-06-10 18:00:00,7.1905,7.19086,7.1892,7.1896,5567.0,7.1904,5567
2025-06-10 19:00:00,7.18962,7.18988,7.1879,7.18874,5563.0,7.1889,5563
2025-06-10 20:00:00,7.18876,7.18949,7.18156,7.18904,5353.0,7.1888,5353
2025-06-10 21:00:00,7.18904,7.1897,7.18151,7.18932,999.0,7.1881,999
2025-06-10 22:00:00,7.18757,7.18981,7.18595,7.18617,2472.0,7.1877,2472
2025-06-10 23:00:00,7.18613,7.18721,7.18073,7.18501,9641.0,7.1834,9641
2025-06-11 00:00:00,7.18505,7.18918,7.1848,7.18718,10216.0,7.187,10216
2025-06-11 01:00:00,7.18715,7.18808,7.1823,7.18652,10995.0,7.1857,10995
2025-06-11 02:00:00,7.18652,7.18899,7.1862,7.1879,8540.0,7.1873,8540
2025-06-11 03:00:00,7.1879,7.18957,7.1865,7.18738,6662.0,7.1882,6662
2025-06-11 04:00:00,7.1874,7.18836,7.1856,7.18817,5759.0,7.1871,5759
2025-06-11 05:00:00,7.18809,7.18815,7.18533,7.18554,6989.0,7.1868,6989
2025-06-11 06:00:00,7.18558,7.18941,7.18548,7.18854,8693.0,7.1875,8693
2025-06-11 07:00:00,7.18847,7.18913,7.18646,7.1876,9254.0,7.1875,9254
2025-06-11 08:00:00,7.18766,7.18841,7.1863,7.18807,8240.0,7.1875,8240
2025-06-11 09:00:00,7.18801,7.1893,7.18708,7.18825,7609.0,7.1882,7609
2025-06-11 10:00:00,7.18823,7.18904,7.1874,7.18832,5552.0,7.1885,5552
2025-06-11 11:00:00,7.1883,7.19121,7.18805,7.1907,6395.0,7.1898,6395
2025-06-11 12:00:00,7.19072,7.1934,7.18477,7.19081,15119.0,7.1894,15119
2025-06-11 13:00:00,7.19085,7.20014,7.19063,7.1981,16471.0,7.1959,16471
2025-06-11 14:00:00,7.19806,7.19969,7.1953,7.19886,13168.0,7.1976,13168
2025-06-11 15:00:00,7.19889,7.19907,7.19577,7.19638,10670.0,7.1975,10670
2025-06-11 16:00:00,7.1964,7.19695,7.1936,7.19599,7543.0,7.1957,7543
2025-06-11 17:00:00,7.19595,7.19645,7.1941,7.19552,7229.0,7.1956,7229
2025-06-11 18:00:00,7.19546,7.19783,7.1875,7.19708,9649.0,7.1962,9649
2025-06-11 19:00:00,7.1971,7.19885,7.19677,7.19819,7717.0,7.1981,7717
2025-06-11 20:00:00,7.19801,7.19885,7.19656,7.19832,5137.0,7.1981,5137
2025-06-11 21:00:00,7.19625,7.19852,7.18875,7.19673,810.0,7.1963,810
2025-06-11 22:00:00,7.19595,7.19823,7.19482,7.19546,3354.0,7.196,3354
2025-06-11 23:00:00,7.19544,7.19666,7.19388,7.19388,5063.0,7.1948,5063
2025-06-12 00:00:00,7.19388,7.19677,7.19276,7.19481,9183.0,7.1949,9183
2025-06-12 01:00:00,7.19488,7.1959,7.18964,7.19038,12743.0,7.1926,12743
2025-06-12 02:00:00,7.1904,7.19195,7.1897,7.19083,9741.0,7.1909,9741
2025-06-12 03:00:00,7.19082,7.19088,7.17981,7.18292,11624.0,7.1854,11624
2025-06-12 04:00:00,7.18285,7.18481,7.182,7.18338,5946.0,7.1837,5946
2025-06-12 05:00:00,7.18339,7.1845,7.18041,7.18131,7742.0,7.183,7742
2025-06-12 06:00:00,7.18133,7.18259,7.17961,7.18144,11499.0,7.1812,11499
2025-06-12 07:00:00,7.18152,7.18687,7.18152,7.18448,11956.0,7.1843,11956
2025-06-12 08:00:00,7.18448,7.18579,7.1787,7.17939,10794.0,7.1834,10794
2025-06-12 09:00:00,7.17939,7.18135,7.17759,7.18038,11494.0,7.1795,11494
2025-06-12 10:00:00,7.18037,7.18134,7.17583,7.17625,11042.0,7.1783,11042
2025-06-12 11:00:00,7.17627,7.17886,7.1751,7.17718,9239.0,7.1768,9239
2025-06-12 12:00:00,7.17722,7.17738,7.16951,7.17098,12484.0,7.173,12484
2025-06-12 13:00:00,7.17101,7.17801,7.16966,7.17756,14349.0,7.1747,14349
2025-06-12 14:00:00,7.17753,7.17817,7.17173,7.17362,12419.0,7.1742,12419
2025-06-12 15:00:00,7.17359,7.17513,7.17214,7.17309,12413.0,7.1738,12413
2025-06-12 16:00:00,7.1731,7.1959,7.1717,7.1732,8503.0,7.1731,8503
2025-06-12 17:00:00,7.17322,7.17487,7.1724,7.17303,5951.0,7.1737,5951
2025-06-12 18:00:00,7.17305,7.17391,7.1724,7.17311,4901.0,7.1734,4901
2025-06-12 19:00:00,7.17304,7.17403,7.17298,7.17353,2959.0,7.1735,2959
2025-06-12 20:00:00,7.17343,7.17455,7.16793,7.16793,3787.0,7.1734,3787
2025-06-12 21:00:00,7.16793,7.17319,7.16456,7.1698,816.0,7.1707,816
2025-06-12 22:00:00,7.16991,7.17432,7.16967,7.17279,1990.0,7.1729,1990
2025-06-12 23:00:00,7.17194,7.17414,7.1704,7.17092,3825.0,7.1719,3825
2025-06-13 00:00:00,7.17094,7.18454,7.17094,7.1816,17676.0,7.1792,17676
2025-06-13 01:00:00,7.1816,7.18445,7.1748,7.17637,16506.0,7.18,16506
2025-06-13 02:00:00,7.17641,7.18781,7.17457,7.17979,13420.0,7.1779,13420
2025-06-13 03:00:00,7.17983,7.18587,7.17969,7.1842,12038.0,7.1838,12038
2025-06-13 04:00:00,7.18433,7.18992,7.18385,7.18893,10022.0,7.188,10022
2025-06-13 05:00:00,7.18891,7.1892,7.18505,7.18614,11041.0,7.1875,11041
2025-06-13 06:00:00,7.18626,7.18634,7.18177,7.18245,14144.0,7.1838,14144
2025-06-13 07:00:00,7.18251,7.18582,7.1816,7.18333,13903.0,7.1832,13903
2025-06-13 08:00:00,7.18335,7.1862,7.18188,7.18515,10780.0,7.184,10780
2025-06-13 09:00:00,7.18522,7.18658,7.1835,7.186,9816.0,7.1849,9816
2025-06-13 10:00:00,7.18596,7.18934,7.1842,7.18728,10636.0,7.1865,10636
2025-06-13 11:00:00,7.18722,7.18867,7.18442,7.18463,10993.0,7.1865,10993
2025-06-13 12:00:00,7.18463,7.18722,7.1827,7.18608,11470.0,7.1855,11470
2025-06-13 13:00:00,7.18606,7.18716,7.1852,7.18591,13440.0,7.1863,13440
2025-06-13 14:00:00,7.18593,7.1865,7.18462,7.18532,13371.0,7.1855,13371
2025-06-13 15:00:00,7.18534,7.18632,7.1815,7.18547,11995.0,7.1845,11995
2025-06-13 16:00:00,7.18551,7.18759,7.18511,7.18686,10283.0,7.1862,10283
2025-06-13 17:00:00,7.18684,7.18946,7.1793,7.18776,8762.0,7.1879,8762
2025-06-13 18:00:00,7.18776,7.18933,7.1863,7.1888,9442.0,7.1882,9442
2025-06-13 19:00:00,7.18882,7.1895,7.1874,7.1878,7398.0,7.1887,7398
2025-06-13 20:00:00,7.18782,7.18995,7.12976,7.12976,4617.0,7.1885,4617
2025-06-15 21:00:00,7.1992,7.1992,7.1992,7.1992,1.0,7.1992,1
2025-06-16 00:00:00,7.18824,7.19047,7.18735,7.18976,6965.0,7.1891,6965
2025-06-16 01:00:00,7.18978,7.1992,7.18556,7.18655,12226.0,7.1882,12226
2025-06-16 02:00:00,7.18639,7.18744,7.18415,7.18711,11196.0,7.186,11196
2025-06-16 03:00:00,7.18717,7.18742,7.18515,7.18584,9263.0,7.1861,9263
2025-06-16 04:00:00,7.18588,7.1992,7.18445,7.18562,6189.0,7.1854,6189
2025-06-16 05:00:00,7.1856,7.18581,7.18161,7.18295,10278.0,7.1842,10278
2025-06-16 06:00:00,7.18289,7.18509,7.18016,7.18123,11846.0,7.1831,11846
2025-06-16 07:00:00,7.18128,7.18246,7.1786,7.17993,12140.0,7.1806,12140
2025-06-16 08:00:00,7.17991,7.18206,7.17959,7.18115,9888.0,7.1809,9888
2025-06-16 09:00:00,7.18115,7.18208,7.17999,7.18146,9823.0,7.1811,9823
2025-06-16 10:00:00,7.18157,7.18191,7.17999,7.1814,7668.0,7.181,7668
2025-06-16 11:00:00,7.18153,7.18281,7.18066,7.1825,7619.0,7.1819,7619
2025-06-16 12:00:00,7.18253,7.18268,7.17861,7.18058,10289.0,7.1809,10289
2025-06-16 13:00:00,7.18048,7.18384,7.1786,7.17995,13617.0,7.1802,13617
2025-06-16 14:00:00,7.17993,7.18257,7.17783,7.18238,14480.0,7.1803,14480
2025-06-16 15:00:00,7.18246,7.183,7.18113,7.18251,11078.0,7.182,11078
2025-06-16 16:00:00,7.18251,7.18264,7.1805,7.18179,7748.0,7.1817,7748
2025-06-16 17:00:00,7.18177,7.1831,7.1809,7.18131,7269.0,7.182,7269
2025-06-16 18:00:00,7.18135,7.18231,7.1803,7.18105,6935.0,7.1816,6935
2025-06-16 19:00:00,7.18098,7.18383,7.18097,7.18375,7461.0,7.1822,7461
2025-06-16 20:00:00,7.18377,7.18423,7.17643,7.18364,3601.0,7.1836,3601
2025-06-16 21:00:00,7.18364,7.18364,7.17614,7.18096,1747.0,7.1799,1747
2025-06-16 22:00:00,7.17811,7.18451,7.17785,7.1836,3533.0,7.1824,3533
2025-06-16 23:00:00,7.18287,7.18464,7.18143,7.18372,6639.0,7.1834,6639
2025-06-17 00:00:00,7.18385,7.18604,7.1823,7.18551,9480.0,7.1844,9480
2025-06-17 01:00:00,7.18543,7.18578,7.1782,7.18063,11559.0,7.1817,11559
2025-06-17 02:00:00,7.18061,7.18222,7.17958,7.18061,9666.0,7.1812,9666
2025-06-17 03:00:00,7.18059,7.18283,7.1797,7.18221,8647.0,7.1812,8647
2025-06-17 04:00:00,7.18223,7.18249,7.18,7.18099,5839.0,7.1814,5839
2025-06-17 05:00:00,7.18102,7.18174,7.1797,7.18082,7949.0,7.1807,7949
2025-06-17 06:00:00,7.1808,7.18293,7.1802,7.18211,9768.0,7.1813,9768
2025-06-17 07:00:00,7.18213,7.18554,7.18193,7.18317,12448.0,7.1835,12448
2025-06-17 08:00:00,7.18323,7.18761,7.1825,7.18713,9581.0,7.1854,9581
2025-06-17 09:00:00,7.18716,7.18739,7.1847,7.18618,8370.0,7.1862,8370
2025-06-17 10:00:00,7.1862,7.1862,7.1829,7.18354,7087.0,7.1843,7087
2025-06-17 11:00:00,7.18356,7.18486,7.18271,7.18463,7168.0,7.1839,7168
2025-06-17 12:00:00,7.18466,7.18573,7.1823,7.18513,11391.0,7.1843,11391
2025-06-17 13:00:00,7.18511,7.18511,7.18221,7.18332,12718.0,7.1834,12718
2025-06-17 14:00:00,7.18325,7.18916,7.18314,7.18702,14043.0,7.1862,14043
2025-06-17 15:00:00,7.187,7.18738,7.1813,7.18647,10523.0,7.1864,10523
2025-06-17 16:00:00,7.18649,7.19029,7.1855,7.18987,8890.0,7.1873,8890
2025-06-17 17:00:00,7.18986,7.19376,7.18977,7.19284,10109.0,7.1915,10109
2025-06-17 18:00:00,7.19286,7.19458,7.19116,7.1932,9499.0,7.1929,9499
2025-06-17 19:00:00,7.19299,7.1939,7.19192,7.19194,8532.0,7.1928,8532
2025-06-17 20:00:00,7.19196,7.19315,7.17922,7.17948,7471.0,7.1922,7471
2025-06-17 21:00:00,7.17905,7.19207,7.17506,7.18895,676.0,7.1883,676
2025-06-17 22:00:00,7.18515,7.19202,7.18097,7.19141,1746.0,7.1891,1746
2025-06-17 23:00:00,7.19065,7.19221,7.18834,7.19033,6338.0,7.19,6338
2025-06-18 00:00:00,7.19053,7.19118,7.1875,7.18851,11029.0,7.1891,11029
2025-06-18 01:00:00,7.18849,7.19023,7.18615,7.18826,11633.0,7.1879,11633
2025-06-18 02:00:00,7.18828,7.19076,7.1876,7.18921,8647.0,7.189,8647
2025-06-18 03:00:00,7.18923,7.18952,7.1877,7.18918,6974.0,7.1889,6974
2025-06-18 04:00:00,7.1892,7.18939,7.1867,7.18831,5720.0,7.1881,5720
2025-06-18 05:00:00,7.18833,7.18873,7.1872,7.18822,6918.0,7.1882,6918
2025-06-18 06:00:00,7.18826,7.1892,7.1868,7.18827,9723.0,7.1882,9723
2025-06-18 07:00:00,7.18823,7.18857,7.18513,7.18779,10457.0,7.1869,10457
2025-06-18 08:00:00,7.18782,7.19013,7.1855,7.18884,9281.0,7.1883,9281
2025-06-18 09:00:00,7.18882,7.19083,7.1879,7.19035,7871.0,7.1892,7871
2025-06-18 10:00:00,7.19034,7.19207,7.18925,7.19132,7052.0,7.1909,7052
2025-06-18 11:00:00,7.19134,7.19147,7.1894,7.19049,6938.0,7.1908,6938
2025-06-18 12:00:00,7.19049,7.19131,7.1887,7.1902,10104.0,7.1904,10104
2025-06-18 13:00:00,7.19036,7.19318,7.18964,7.19245,12176.0,7.1917,12176
2025-06-18 14:00:00,7.19243,7.19294,7.18887,7.19207,14787.0,7.191,14787
2025-06-18 15:00:00,7.19195,7.19266,7.189,7.19219,10469.0,7.1914,10469
2025-06-18 16:00:00,7.19225,7.19231,7.18994,7.1917,7264.0,7.1914,7264
2025-06-18 17:00:00,7.19166,7.19361,7.1905,7.19152,6852.0,7.192,6852
2025-06-18 18:00:00,7.19157,7.19501,7.18754,7.19468,15847.0,7.1928,15847
2025-06-18 19:00:00,7.1949,7.19599,7.19339,7.19468,12826.0,7.1949,12826
2025-06-18 20:00:00,7.19472,7.19539,7.1919,7.19209,7780.0,7.1946,7780
2025-06-18 21:00:00,7.19209,7.19426,7.18895,7.19267,777.0,7.1924,777
2025-06-18 22:00:00,7.19145,7.19344,7.19125,7.19206,2719.0,7.1923,2719
2025-06-18 23:00:00,7.19204,7.19366,7.19115,7.19331,5796.0,7.1924,5796
2025-06-19 00:00:00,7.19325,7.19578,7.1922,7.1949,7992.0,7.1941,7992
2025-06-19 01:00:00,7.19492,7.19759,7.19225,7.19558,11904.0,7.1947,11904
2025-06-19 02:00:00,7.19564,7.19613,7.1927,7.19326,9669.0,7.1945,9669
2025-06-19 03:00:00,7.19324,7.19543,7.19226,7.19294,8068.0,7.1936,8068
2025-06-19 04:00:00,7.19294,7.19345,7.19152,7.19177,5538.0,7.1925,5538
2025-06-19 05:00:00,7.19194,7.19508,7.1915,7.19406,8775.0,7.193,8775
2025-06-19 06:00:00,7.19408,7.19545,7.1929,7.1936,10745.0,7.1942,10745
2025-06-19 07:00:00,7.19364,7.19476,7.1926,7.19317,10790.0,7.1938,10790
2025-06-19 08:00:00,7.19319,7.19394,7.18787,7.18928,10908.0,7.1915,10908
2025-06-19 09:00:00,7.18928,7.19037,7.1881,7.19005,8172.0,7.1894,8172
2025-06-19 10:00:00,7.19007,7.19177,7.1884,7.19152,7468.0,7.1906,7468
2025-06-19 11:00:00,7.19147,7.19269,7.1885,7.19075,8656.0,7.1908,8656
2025-06-19 12:00:00,7.19075,7.19133,7.1896,7.19105,8572.0,7.1907,8572
2025-06-19 13:00:00,7.19103,7.19208,7.18917,7.19087,9677.0,7.1905,9677
2025-06-19 14:00:00,7.19089,7.19282,7.1903,7.19223,9741.0,7.1917,9741
2025-06-19 15:00:00,7.19225,7.1926,7.18886,7.18991,8357.0,7.1911,8357
2025-06-19 16:00:00,7.18989,7.19063,7.1888,7.1897,4440.0,7.19,4440
2025-06-19 17:00:00,7.18964,7.18977,7.18587,7.18646,4563.0,7.1879,4563
2025-06-19 18:00:00,7.18642,7.187,7.1854,7.1865,3728.0,7.1863,3728
2025-06-19 19:00:00,7.18648,7.1907,7.18469,7.18554,3507.0,7.1857,3507
2025-06-19 20:00:00,7.18533,7.18658,7.18189,7.18591,2449.0,7.1857,2449
2025-06-19 21:00:00,7.18591,7.18599,7.1714,7.17154,592.0,7.1847,592
2025-06-19 22:00:00,7.18025,7.1876,7.18007,7.1865,2554.0,7.1858,2554
2025-06-19 23:00:00,7.18613,7.18663,7.184,7.18502,4825.0,7.1851,4825
2025-06-20 00:00:00,7.18521,7.18566,7.1831,7.18481,7240.0,7.1844,7240
2025-06-20 01:00:00,7.18479,7.18652,7.1764,7.18014,12040.0,7.1804,12040
2025-06-20 02:00:00,7.1802,7.18343,7.1796,7.18124,9006.0,7.182,9006
2025-06-20 03:00:00,7.18124,7.1821,7.17965,7.18174,7049.0,7.1811,7049
2025-06-20 04:00:00,7.18176,7.18245,7.1798,7.18151,4872.0,7.1815,4872
2025-06-20 05:00:00,7.18163,7.18227,7.17994,7.18155,6926.0,7.1814,6926
2025-06-20 06:00:00,7.18162,7.18723,7.181,7.18695,9755.0,7.1835,9755
2025-06-20 07:00:00,7.1869,7.18773,7.18453,7.18553,9025.0,7.1859,9025
2025-06-20 08:00:00,7.18557,7.1857,7.18192,7.18223,9051.0,7.1845,9051
2025-06-20 09:00:00,7.18237,7.18291,7.18049,7.18145,6926.0,7.1817,6926
2025-06-20 10:00:00,7.18148,7.18164,7.1785,7.17955,5835.0,7.1802,5835
2025-06-20 11:00:00,7.17957,7.18034,7.1755,7.17635,7610.0,7.1784,7610
2025-06-20 12:00:00,7.17635,7.17752,7.1741,7.17473,10757.0,7.1758,10757
2025-06-20 13:00:00,7.17471,7.17627,7.17393,7.17555,11352.0,7.1754,11352
2025-06-20 14:00:00,7.17559,7.18189,7.1744,7.18003,12006.0,7.178,12006
2025-06-20 15:00:00,7.18008,7.18371,7.17719,7.18193,11715.0,7.1796,11715
2025-06-20 16:00:00,7.18195,7.18203,7.17846,7.1788,7994.0,7.1806,7994
2025-06-20 17:00:00,7.1789,7.18066,7.17787,7.18054,6537.0,7.1794,6537
2025-06-20 18:00:00,7.18037,7.1807,7.17839,7.17934,6028.0,7.1799,6028
2025-06-20 19:00:00,7.17944,7.18177,7.17932,7.18144,6512.0,7.1804,6512
2025-06-20 20:00:00,7.18144,7.18169,7.04444,7.04444,6507.0,7.1756,6507
2025-06-22 21:00:00,7.18553,7.18841,7.1849,7.18631,56.0,7.1862,56
2025-06-22 22:00:00,7.1862,7.18969,7.18318,7.1839,83.0,7.1865,83
2025-06-22 23:00:00,7.18472,7.18484,7.17972,7.18161,2412.0,7.182,2412
2025-06-23 00:00:00,7.18145,7.18722,7.17958,7.18508,8344.0,7.1855,8344
2025-06-23 01:00:00,7.18506,7.1992,7.18144,7.18777,13027.0,7.1857,13027
2025-06-23 02:00:00,7.18775,7.19057,7.18651,7.18778,10860.0,7.1878,10860
2025-06-23 03:00:00,7.18784,7.18875,7.18644,7.18738,8380.0,7.1876,8380
2025-06-23 04:00:00,7.18743,7.18915,7.18705,7.18784,5761.0,7.1882,5761
2025-06-23 05:00:00,7.18782,7.18787,7.1848,7.18599,8291.0,7.1868,8291
2025-06-23 06:00:00,7.186,7.18655,7.1841,7.18548,11273.0,7.1857,11273
2025-06-23 07:00:00,7.18553,7.18709,7.18321,7.18555,10950.0,7.1852,10950
2025-06-23 08:00:00,7.18557,7.18989,7.1851,7.18943,10719.0,7.1868,10719
2025-06-23 09:00:00,7.18943,7.19255,7.18857,7.19008,11832.0,7.1906,11832
2025-06-23 10:00:00,7.1901,7.19079,7.18795,7.18917,8491.0,7.1894,8491
2025-06-23 11:00:00,7.18914,7.19068,7.18776,7.18792,8726.0,7.1896,8726
2025-06-23 12:00:00,7.18794,7.18956,7.18653,7.18687,10474.0,7.1881,10474
2025-06-23 13:00:00,7.18683,7.18793,7.18333,7.18438,12469.0,7.1859,12469
2025-06-23 14:00:00,7.18434,7.18452,7.18011,7.18145,15156.0,7.1817,15156
2025-06-23 15:00:00,7.18142,7.18167,7.17764,7.18002,11929.0,7.1797,11929
2025-06-23 16:00:00,7.18,7.18219,7.17737,7.17904,12046.0,7.1799,12046
2025-06-23 17:00:00,7.17902,7.1805,7.1774,7.17798,11505.0,7.1783,11505
2025-06-23 18:00:00,7.17792,7.17858,7.1757,7.17675,9668.0,7.1771,9668
2025-06-23 19:00:00,7.17665,7.17708,7.1754,7.1761,7266.0,7.1764,7266
2025-06-23 20:00:00,7.17608,7.17641,7.17382,7.1754,3694.0,7.1754,3694
2025-06-23 21:00:00,7.1754,7.179,7.16106,7.17752,1019.0,7.1758,1019
2025-06-23 22:00:00,7.17588,7.17883,7.17059,7.17434,4458.0,7.1749,4458
2025-06-23 23:00:00,7.17428,7.17603,7.17378,7.17473,5844.0,7.1746,5844
2025-06-24 00:00:00,7.17543,7.17721,7.17192,7.17489,10532.0,7.1752,10532
2025-06-24 01:00:00,7.17493,7.17659,7.16989,7.17331,13612.0,7.1736,13612
2025-06-24 02:00:00,7.17332,7.17767,7.17288,7.17608,11222.0,7.1756,11222
2025-06-24 03:00:00,7.17593,7.17693,7.1742,7.17665,7725.0,7.1758,7725
2025-06-24 04:00:00,7.17667,7.1788,7.17612,7.17663,6832.0,7.1774,6832
2025-06-24 05:00:00,7.17661,7.1775,7.1757,7.17686,9146.0,7.1766,9146
2025-06-24 06:00:00,7.17687,7.17707,7.17366,7.17615,12771.0,7.1755,12771
2025-06-24 07:00:00,7.17604,7.17788,7.17443,7.17654,13099.0,7.176,13099
2025-06-24 08:00:00,7.17652,7.17896,7.17403,7.17479,11239.0,7.1764,11239
2025-06-24 09:00:00,7.17482,7.17551,7.1698,7.17166,10470.0,7.1728,10470
2025-06-24 10:00:00,7.17185,7.17435,7.17127,7.17431,7540.0,7.1731,7540
2025-06-24 11:00:00,7.17427,7.17433,7.1716,7.17264,9095.0,7.173,9095
2025-06-24 12:00:00,7.17266,7.17307,7.1693,7.17004,12413.0,7.1713,12413
2025-06-24 13:00:00,7.17006,7.17131,7.1692,7.17059,13690.0,7.1701,13690
2025-06-24 14:00:00,7.17049,7.17143,7.16666,7.1692,14882.0,7.1688,14882
2025-06-24 15:00:00,7.16926,7.16976,7.1647,7.16787,12066.0,7.167,12066
2025-06-24 16:00:00,7.16779,7.16855,7.14,7.1654,7686.0,7.1666,7686
2025-06-24 17:00:00,7.16536,7.16567,7.1623,7.16393,6706.0,7.1639,6706
2025-06-24 18:00:00,7.16396,7.16555,7.16295,7.16356,7766.0,7.1645,7766
2025-06-24 19:00:00,7.16358,7.16487,7.1613,7.16448,7816.0,7.1632,7816
2025-06-24 20:00:00,7.16409,7.16526,7.15047,7.15325,4673.0,7.1643,4673
2025-06-24 21:00:00,7.15325,7.16505,7.15293,7.16488,728.0,7.1633,728
2025-06-24 22:00:00,7.16016,7.16541,7.16007,7.16444,2009.0,7.1641,2009
2025-06-24 23:00:00,7.16365,7.16683,7.16168,7.16534,6748.0,7.1649,6748
2025-06-25 00:00:00,7.16612,7.16724,7.16296,7.1644,9399.0,7.1652,9399
2025-06-25 01:00:00,7.16442,7.16752,7.15952,7.16656,12408.0,7.1646,12408
2025-06-25 02:00:00,7.16658,7.17114,7.16619,7.16999,10573.0,7.1691,10573
2025-06-25 03:00:00,7.17001,7.17017,7.16541,7.16817,8645.0,7.1678,8645
2025-06-25 04:00:00,7.16819,7.16914,7.16715,7.16904,5208.0,7.1684,5208
2025-06-25 05:00:00,7.16902,7.16999,7.16757,7.16874,7936.0,7.1689,7936
2025-06-25 06:00:00,7.16874,7.17093,7.16632,7.17059,9646.0,7.1685,9646
2025-06-25 07:00:00,7.17061,7.17225,7.16875,7.17093,11942.0,7.1707,11942
2025-06-25 08:00:00,7.17095,7.17153,7.16947,7.17048,9429.0,7.1707,9429
2025-06-25 09:00:00,7.17046,7.1742,7.17032,7.17304,9102.0,7.173,9102
2025-06-25 10:00:00,7.17298,7.1754,7.17227,7.17455,7418.0,7.1739,7418
2025-06-25 11:00:00,7.17454,7.17637,7.17385,7.17584,8413.0,7.1753,8413
2025-06-25 12:00:00,7.17586,7.17798,7.17469,7.17767,13375.0,7.1765,13375
2025-06-25 13:00:00,7.17771,7.17942,7.17681,7.17924,10748.0,7.1781,10748
2025-06-25 14:00:00,7.17923,7.17927,7.1751,7.17813,12596.0,7.1774,12596
2025-06-25 15:00:00,7.17812,7.17863,7.1744,7.17483,10754.0,7.1771,10754
2025-06-25 16:00:00,7.17481,7.17504,7.1722,7.17305,7098.0,7.1736,7098
2025-06-25 17:00:00,7.17299,7.17403,7.1723,7.17282,7003.0,7.1732,7003
2025-06-25 18:00:00,7.1728,7.17366,7.1672,7.17201,5520.0,7.1725,5520
2025-06-25 19:00:00,7.17197,7.17261,7.17118,7.17189,5029.0,7.172,5029
2025-06-25 20:00:00,7.17222,7.17321,7.16952,7.17175,3908.0,7.1719,3908
2025-06-25 21:00:00,7.17175,7.17379,7.16576,7.16612,854.0,7.1715,854
2025-06-25 22:00:00,7.17185,7.17393,7.16892,7.17157,2276.0,7.1705,2276
2025-06-25 23:00:00,7.16918,7.17212,7.16564,7.16682,6107.0,7.1679,6107
2025-06-26 00:00:00,7.16726,7.16938,7.16558,7.1675,8770.0,7.167,8770
2025-06-26 01:00:00,7.16741,7.17121,7.16409,7.16828,11242.0,7.1683,11242
2025-06-26 02:00:00,7.16839,7.16859,7.15347,7.15559,13745.0,7.1617,13745
2025-06-26 03:00:00,7.15481,7.16099,7.15241,7.16047,11532.0,7.1575,11532
2025-06-26 04:00:00,7.16051,7.16224,7.15977,7.16118,6814.0,7.1613,6814
2025-06-26 05:00:00,7.16122,7.1624,7.15913,7.16158,8474.0,7.1612,8474
2025-06-26 06:00:00,7.1616,7.16521,7.16153,7.16338,12474.0,7.1635,12474
2025-06-26 07:00:00,7.1634,7.16436,7.16129,7.16329,11850.0,7.1632,11850
2025-06-26 08:00:00,7.16332,7.16486,7.16235,7.16434,12905.0,7.1636,12905
2025-06-26 09:00:00,7.16442,7.17138,7.16399,7.16795,11505.0,7.1676,11505
2025-06-26 10:00:00,7.16799,7.16877,7.1658,7.16716,7630.0,7.1676,7630
2025-06-26 11:00:00,7.1672,7.169,7.1667,7.16847,9041.0,7.1679,9041
2025-06-26 12:00:00,7.16849,7.16935,7.1662,7.16691,11821.0,7.1676,11821
2025-06-26 13:00:00,7.16695,7.16769,7.16358,7.16436,14703.0,7.1655,14703
2025-06-26 14:00:00,7.16444,7.16548,7.161,7.16153,15005.0,7.1637,15005
2025-06-26 15:00:00,7.16149,7.16532,7.16066,7.16182,12137.0,7.1633,12137
2025-06-26 16:00:00,7.16184,7.16206,7.1585,7.15992,8899.0,7.1602,8899
2025-06-26 17:00:00,7.16001,7.172,7.15913,7.16009,7857.0,7.1602,7857
2025-06-26 18:00:00,7.16013,7.16223,7.1595,7.16065,6695.0,7.1608,6695
2025-06-26 19:00:00,7.16063,7.16408,7.16052,7.16292,7208.0,7.163,7208
2025-06-26 20:00:00,7.16326,7.16506,7.14306,7.14306,5423.0,7.1638,5423
2025-06-26 21:00:00,7.14306,7.16359,7.14257,7.16022,6800.0,7.1601,6800
2025-06-26 22:00:00,7.15892,7.16537,7.1587,7.16353,1822.0,7.163,1822
2025-06-26 23:00:00,7.1645,7.16561,7.16128,7.16422,6478.0,7.1634,6478
2025-06-27 00:00:00,7.16431,7.1693,7.164,7.16643,9381.0,7.1661,9381
2025-06-27 01:00:00,7.16651,7.17176,7.16441,7.16631,12172.0,7.1674,12172
2025-06-27 02:00:00,7.16625,7.17003,7.16606,7.1693,10624.0,7.1681,10624
2025-06-27 03:00:00,7.1693,7.16957,7.1667,7.1693,8726.0,7.1682,8726
2025-06-27 04:00:00,7.16932,7.17083,7.1677,7.17068,5762.0,7.1692,5762
2025-06-27 05:00:00,7.1707,7.17127,7.1674,7.16861,8480.0,7.1694,8480
2025-06-27 06:00:00,7.16867,7.16955,7.1627,7.16356,10826.0,7.1674,10826
2025-06-27 07:00:00,7.16354,7.16796,7.16307,7.1673,11869.0,7.1661,11869
2025-06-27 08:00:00,7.16714,7.16853,7.16446,7.16838,10025.0,7.1668,10025
2025-06-27 09:00:00,7.16833,7.16938,7.16706,7.16859,7582.0,7.1684,7582
2025-06-27 10:00:00,7.16861,7.17281,7.1676,7.17155,8348.0,7.1703,8348
2025-06-27 11:00:00,7.17168,7.17246,7.1703,7.17122,7900.0,7.1715,7900
2025-06-27 12:00:00,7.17135,7.17212,7.16625,7.16713,14159.0,7.1697,14159
2025-06-27 13:00:00,7.16711,7.17256,7.16705,7.17195,13889.0,7.1707,13889
2025-06-27 14:00:00,7.17185,7.17461,7.171,7.17377,13165.0,7.1731,13165
2025-06-27 15:00:00,7.1739,7.17415,7.16979,7.17115,11698.0,7.1717,11698
2025-06-27 16:00:00,7.17097,7.17247,7.16947,7.17151,8381.0,7.1711,8381
2025-06-27 17:00:00,7.17153,7.17566,7.1602,7.17407,8349.0,7.1729,8349
2025-06-27 18:00:00,7.17409,7.17503,7.17274,7.17411,9566.0,7.174,9566
2025-06-27 19:00:00,7.17409,7.17414,7.17143,7.17251,6464.0,7.1727,6464
2025-06-27 20:00:00,7.17272,7.17289,7.12821,7.17272,4023.0,7.1709,4023
2025-06-29 21:00:00,7.16704,7.16768,7.16638,7.16744,38.0,7.1675,38
2025-06-29 22:00:00,7.1675,7.16781,7.1664,7.16704,88.0,7.1672,88
2025-06-29 23:00:00,7.16776,7.16854,7.1666,7.16762,2273.0,7.1674,2273
2025-06-30 00:00:00,7.16751,7.17058,7.16721,7.16845,6650.0,7.1692,6650
2025-06-30 01:00:00,7.16835,7.17007,7.15964,7.16213,12129.0,7.1644,12129
2025-06-30 02:00:00,7.16207,7.16377,7.16046,7.16193,10432.0,7.1625,10432
2025-06-30 03:00:00,7.16206,7.16392,7.16081,7.16388,7234.0,7.1624,7234
2025-06-30 04:00:00,7.16384,7.16438,7.16126,7.16171,5862.0,7.1628,5862
2025-06-30 05:00:00,7.16168,7.16197,7.1586,7.16043,9603.0,7.1603,9603
2025-06-30 06:00:00,7.16051,7.16165,7.158,7.15878,11085.0,7.1599,11085
2025-06-30 07:00:00,7.1588,7.16293,7.15848,7.16226,11492.0,7.1614,11492
2025-06-30 08:00:00,7.16253,7.16354,7.161,7.16278,10141.0,7.1627,10141
2025-06-30 09:00:00,7.16285,7.16352,7.1618,7.16273,8514.0,7.1628,8514
2025-06-30 10:00:00,7.16269,7.16295,7.1607,7.16248,5785.0,7.1623,5785
2025-06-30 11:00:00,7.1625,7.16314,7.1615,7.16251,5979.0,7.1624,5979
2025-06-30 12:00:00,7.16255,7.16318,7.1611,7.16246,7789.0,7.1623,7789
2025-06-30 13:00:00,7.1625,7.1647,7.1621,7.1633,10432.0,7.1635,10432
2025-06-30 14:00:00,7.16332,7.1642,7.15893,7.16343,13908.0,7.1617,13908
2025-06-30 15:00:00,7.1634,7.16359,7.1591,7.15956,12232.0,7.1609,12232
2025-06-30 16:00:00,7.15963,7.1744,7.15791,7.15836,8338.0,7.16,8338
2025-06-30 17:00:00,7.15824,7.1602,7.1575,7.15971,3698.0,7.1593,3698
2025-06-30 18:00:00,7.15969,7.16021,7.1572,7.15823,6393.0,7.1587,6393
2025-06-30 19:00:00,7.15829,7.15866,7.1563,7.15821,7096.0,7.1578,7096
2025-06-30 20:00:00,7.15823,7.15836,7.15143,7.15143,5342.0,7.1572,5342
2025-06-30 21:00:00,7.15143,7.15889,7.15124,7.15417,787.0,7.1577,787
2025-06-30 22:00:00,7.15413,7.15886,7.15371,7.15614,3417.0,7.1564,3417
2025-06-30 23:00:00,7.156,7.15766,7.15534,7.15652,7500.0,7.1561,7500
2025-07-01 00:00:00,7.15658,7.15703,7.1533,7.1539,8385.0,7.1555,8385
2025-07-01 01:00:00,7.1539,7.15666,7.1496,7.15459,11954.0,7.1534,11954
2025-07-01 02:00:00,7.15461,7.15833,7.15438,7.1579,9213.0,7.1571,9213
2025-07-01 03:00:00,7.15786,7.15927,7.15694,7.15756,6850.0,7.1581,6850
2025-07-01 04:00:00,7.15754,7.15836,7.1568,7.1579,5659.0,7.1579,5659
2025-07-01 05:00:00,7.15784,7.15952,7.1564,7.15912,7819.0,7.1579,7819
2025-07-01 06:00:00,7.15918,7.16213,7.1582,7.16131,10630.0,7.1605,10630
2025-07-01 07:00:00,7.16118,7.16205,7.15526,7.1582,12216.0,7.1584,12216
2025-07-01 08:00:00,7.15824,7.15934,7.15492,7.15577,10570.0,7.1574,10570
2025-07-01 09:00:00,7.15571,7.15771,7.1542,7.15712,9458.0,7.156,9458
2025-07-01 10:00:00,7.15714,7.15755,7.1544,7.15675,7363.0,7.1562,7363
2025-07-01 11:00:00,7.15673,7.15827,7.15604,7.15742,9651.0,7.1572,9651
2025-07-01 12:00:00,7.15745,7.16084,7.1567,7.16019,10375.0,7.1593,10375
2025-07-01 13:00:00,7.1602,7.16168,7.15813,7.1604,11354.0,7.1598,11354
2025-07-01 14:00:00,7.16085,7.1638,7.16006,7.16265,14872.0,7.1618,14872
2025-07-01 15:00:00,7.16265,7.16481,7.162,7.16376,11733.0,7.1637,11733
2025-07-01 16:00:00,7.16376,7.16472,7.1595,7.16252,8259.0,7.1635,8259
2025-07-01 17:00:00,7.16248,7.16288,7.1605,7.1612,7346.0,7.1617,7346
2025-07-01 18:00:00,7.16122,7.16262,7.16093,7.16192,7182.0,7.1619,7182
2025-07-01 19:00:00,7.1619,7.16233,7.1608,7.1617,7663.0,7.1618,7663
2025-07-01 20:00:00,7.16172,7.16196,7.15608,7.1608,7055.0,7.1608,7055
2025-07-01 21:00:00,7.1608,7.16111,7.15574,7.15807,961.0,7.1599,961
2025-07-01 22:00:00,7.15978,7.16493,7.15897,7.16296,3562.0,7.1619,3562
2025-07-01 23:00:00,7.16223,7.16336,7.16005,7.16011,4209.0,7.1615,4209
2025-07-02 00:00:00,7.16084,7.16308,7.16,7.16061,7427.0,7.1616,7427
2025-07-02 01:00:00,7.16074,7.16473,7.15967,7.16427,10601.0,7.1622,10601
2025-07-02 02:00:00,7.16419,7.16616,7.163,7.16375,8620.0,7.1647,8620
2025-07-02 03:00:00,7.16369,7.16476,7.1626,7.16431,6048.0,7.1638,6048
2025-07-02 04:00:00,7.16428,7.16515,7.1635,7.16461,3811.0,7.1645,3811
2025-07-02 05:00:00,7.16463,7.16597,7.16403,7.16486,6974.0,7.1649,6974
2025-07-02 06:00:00,7.16485,7.16623,7.16362,7.16435,8940.0,7.165,8940
2025-07-02 07:00:00,7.1645,7.1661,7.16184,7.16546,9930.0,7.1646,9930
2025-07-02 08:00:00,7.1655,7.16609,7.16418,7.1659,7173.0,7.1653,7173
2025-07-02 09:00:00,7.16589,7.16801,7.1652,7.16777,7289.0,7.1672,7289
2025-07-02 10:00:00,7.16767,7.16788,7.1661,7.16748,6467.0,7.1671,6467
2025-07-02 11:00:00,7.16747,7.16896,7.1662,7.16872,6583.0,7.1678,6583
2025-07-02 12:00:00,7.16874,7.16941,7.16516,7.168,15445.0,7.1674,15445
2025-07-02 13:00:00,7.16804,7.16985,7.16599,7.16689,14050.0,7.1676,14050
2025-07-02 14:00:00,7.16685,7.16695,7.164,7.16491,13202.0,7.1654,13202
2025-07-02 15:00:00,7.16488,7.16498,7.1615,7.16331,10429.0,7.1638,10429
2025-07-02 16:00:00,7.16333,7.16386,7.16216,7.16254,8032.0,7.1631,8032
2025-07-02 17:00:00,7.1625,7.16332,7.16138,7.16176,7074.0,7.1623,7074
2025-07-02 18:00:00,7.16172,7.16299,7.1615,7.16207,6548.0,7.1624,6548
2025-07-02 19:00:00,7.16205,7.16239,7.1611,7.1616,6056.0,7.1619,6056
2025-07-02 20:00:00,7.16154,7.16235,7.15913,7.15913,4862.0,7.1616,4862
2025-07-02 21:00:00,7.15913,7.1638,7.11892,7.16242,567.0,7.1604,567
2025-07-02 22:00:00,7.16107,7.16387,7.15342,7.16115,2404.0,7.1614,2404
2025-07-02 23:00:00,7.16119,7.16336,7.16036,7.16148,3685.0,7.1613,3685
2025-07-03 00:00:00,7.1615,7.16266,7.15855,7.16022,8265.0,7.1605,8265
2025-07-03 01:00:00,7.15998,7.16273,7.1582,7.16108,9970.0,7.1604,9970
2025-07-03 02:00:00,7.16111,7.16268,7.1593,7.161,8077.0,7.1612,8077
2025-07-03 03:00:00,7.16102,7.16316,7.16028,7.16258,5687.0,7.1616,5687
2025-07-03 04:00:00,7.16266,7.1632,7.1611,7.16255,3971.0,7.1624,3971
2025-07-03 05:00:00,7.16253,7.16304,7.1604,7.16132,5689.0,7.1622,5689
2025-07-03 06:00:00,7.16134,7.16288,7.15981,7.16007,8505.0,7.1612,8505
2025-07-03 07:00:00,7.16005,7.16093,7.1572,7.15862,9863.0,7.1589,9863
2025-07-03 08:00:00,7.1586,7.15894,7.1562,7.15786,7817.0,7.1578,7817
2025-07-03 09:00:00,7.15793,7.15971,7.1575,7.15808,7572.0,7.1586,7572
2025-07-03 10:00:00,7.15806,7.15894,7.1566,7.15836,5914.0,7.1583,5914
2025-07-03 11:00:00,7.15841,7.16026,7.1576,7.15997,6089.0,7.159,6089
2025-07-03 12:00:00,7.15999,7.17413,7.15812,7.16937,14385.0,7.1665,14385
2025-07-03 13:00:00,7.16945,7.16995,7.1622,7.16462,15756.0,7.1667,15756
2025-07-03 14:00:00,7.16468,7.17024,7.1633,7.16967,14836.0,7.1683,14836
2025-07-03 15:00:00,7.16969,7.16997,7.16789,7.16956,10780.0,7.169,10780
2025-07-03 16:00:00,7.16953,7.17114,7.16862,7.16887,7562.0,7.1701,7562
2025-07-03 17:00:00,7.16886,7.1706,7.1681,7.17053,3884.0,7.1693,3884
2025-07-03 18:00:00,7.17053,7.17078,7.1691,7.17013,3201.0,7.1702,3201
2025-07-03 19:00:00,7.17015,7.17085,7.1696,7.17031,2632.0,7.1704,2632
2025-07-03 20:00:00,7.17033,7.17067,7.16586,7.16586,2548.0,7.17,2548
2025-07-03 21:00:00,7.16586,7.17071,7.14257,7.16905,917.0,7.1668,917
2025-07-03 22:00:00,7.16612,7.16994,7.16575,7.16855,2074.0,7.1689,2074
2025-07-03 23:00:00,7.16842,7.17006,7.16675,7.16794,6004.0,7.1684,6004
2025-07-04 00:00:00,7.16796,7.17017,7.1678,7.16907,7597.0,7.169,7597
2025-07-04 01:00:00,7.16895,7.1694,7.16538,7.16736,8946.0,7.1679,8946
2025-07-04 02:00:00,7.16741,7.16768,7.16351,7.16488,7891.0,7.1657,7891
2025-07-04 03:00:00,7.165,7.16518,7.1622,7.16316,6480.0,7.1636,6480
2025-07-04 04:00:00,7.16318,7.16319,7.16131,7.16236,4758.0,7.1626,4758
2025-07-04 05:00:00,7.1624,7.16253,7.16,7.16155,7853.0,7.1613,7853
2025-07-04 06:00:00,7.16158,7.16386,7.15996,7.16107,8744.0,7.1623,8744
2025-07-04 07:00:00,7.16113,7.16331,7.16071,7.16279,9094.0,7.1624,9094
2025-07-04 08:00:00,7.16279,7.16494,7.16253,7.16469,8280.0,7.164,8280
2025-07-04 09:00:00,7.16468,7.16483,7.16243,7.16255,6525.0,7.1637,6525
2025-07-04 10:00:00,7.16257,7.16291,7.1612,7.16202,5264.0,7.1623,5264
2025-07-04 11:00:00,7.16204,7.16287,7.161,7.16257,5614.0,7.1621,5614
2025-07-04 12:00:00,7.16255,7.164,7.16228,7.16379,5609.0,7.1633,5609
2025-07-04 13:00:00,7.16371,7.16393,7.162,7.16338,6895.0,7.1631,6895
2025-07-04 14:00:00,7.16345,7.16541,7.1628,7.16528,6742.0,7.1642,6742
2025-07-04 15:00:00,7.16532,7.16623,7.1624,7.16341,7713.0,7.1645,7713
2025-07-04 16:00:00,7.16325,7.16444,7.1625,7.16425,5246.0,7.1638,5246
2025-07-04 17:00:00,7.16421,7.16528,7.1633,7.16505,8020.0,7.1645,8020
2025-07-04 18:00:00,7.1652,7.16588,7.16426,7.16444,6647.0,7.1651,6647
2025-07-04 19:00:00,7.16442,7.16513,7.16416,7.16489,10718.0,7.1646,10718
2025-07-04 20:00:00,7.16464,7.16515,7.11849,7.11849,11681.0,7.163,11681
2025-07-06 21:00:00,7.15861,7.16113,7.15856,7.15866,33.0,7.1588,33
2025-07-06 22:00:00,7.15872,7.1629,7.15805,7.16221,77.0,7.1618,77
2025-07-06 23:00:00,7.16328,7.16569,7.16176,7.16495,1912.0,7.1642,1912
2025-07-07 00:00:00,7.1647,7.16741,7.16296,7.16631,2655.0,7.1651,2655
2025-07-07 01:00:00,7.16641,7.16795,7.16371,7.16767,9733.0,7.1663,9733
2025-07-07 02:00:00,7.16765,7.17346,7.16709,7.17313,9519.0,7.1706,9519
2025-07-07 03:00:00,7.17315,7.17335,7.1193,7.17233,6885.0,7.1723,6885
2025-07-07 04:00:00,7.1723,7.17426,7.17189,7.17381,5686.0,7.173,5686
2025-07-07 05:00:00,7.17383,7.17457,7.1708,7.17186,7639.0,7.1728,7639
2025-07-07 06:00:00,7.17187,7.17517,7.17109,7.17381,9196.0,7.1729,9196
2025-07-07 07:00:00,7.17385,7.1752,7.1725,7.17511,9960.0,7.1741,9960
2025-07-07 08:00:00,7.17508,7.17859,7.17464,7.17722,9148.0,7.1766,9148
2025-07-07 09:00:00,7.1772,7.17743,7.17518,7.17549,6834.0,7.1764,6834
2025-07-07 10:00:00,7.17551,7.17871,7.17485,7.1782,6565.0,7.177,6565
2025-07-07 11:00:00,7.17824,7.17848,7.176,7.17673,6174.0,7.1771,6174
2025-07-07 12:00:00,7.17673,7.17862,7.1764,7.17771,7370.0,7.1776,7370
2025-07-07 13:00:00,7.17769,7.17841,7.17545,7.17649,9543.0,7.177,9543
2025-07-07 14:00:00,7.17649,7.17676,7.17452,7.17557,11136.0,7.1755,11136
2025-07-07 15:00:00,7.17555,7.17568,7.17367,7.17387,8416.0,7.1746,8416
2025-07-07 16:00:00,7.17385,7.18063,7.173,7.18003,11582.0,7.1768,11582
2025-07-07 17:00:00,7.18003,7.18049,7.1773,7.17817,9434.0,7.1787,9434
2025-07-07 18:00:00,7.17815,7.17922,7.1775,7.17813,8178.0,7.1783,8178
2025-07-07 19:00:00,7.17812,7.17847,7.1774,7.17762,6226.0,7.178,6226
2025-07-07 20:00:00,7.17762,7.17948,7.1775,7.17935,4196.0,7.1784,4196
2025-07-07 21:00:00,7.17935,7.17955,7.17715,7.17888,682.0,7.1791,682
2025-07-07 22:00:00,7.1782,7.17912,7.17465,7.17611,734.0,7.1774,734
2025-07-07 23:00:00,7.17513,7.17744,7.17465,7.17515,2026.0,7.1758,2026
2025-07-08 00:00:00,7.17514,7.17586,7.173,7.17427,2675.0,7.1744,2675
2025-07-08 01:00:00,7.17429,7.17761,7.173,7.17376,10509.0,7.1754,10509
2025-07-08 02:00:00,7.17378,7.17458,7.1701,7.17159,8996.0,7.1723,8996
2025-07-08 03:00:00,7.17159,7.17303,7.1709,7.17282,6534.0,7.1721,6534
2025-07-08 04:00:00,7.1728,7.17339,7.1711,7.1733,6509.0,7.1724,6509
2025-07-08 05:00:00,7.17332,7.17372,7.17114,7.17216,8436.0,7.1726,8436
2025-07-08 06:00:00,7.17217,7.17415,7.17151,7.17268,9166.0,7.1731,9166
2025-07-08 07:00:00,7.17277,7.1729,7.16921,7.17063,10153.0,7.171,10153
2025-07-08 08:00:00,7.17067,7.17345,7.17036,7.17299,8480.0,7.1725,8480
2025-07-08 09:00:00,7.17297,7.17663,7.17275,7.17642,6927.0,7.1743,6927
2025-07-08 10:00:00,7.1764,7.1776,7.1757,7.17722,6418.0,7.1769,6418
2025-07-08 11:00:00,7.17721,7.1791,7.1758,7.1787,6457.0,7.1775,6457
2025-07-08 12:00:00,7.17874,7.17983,7.17777,7.17825,8493.0,7.1787,8493
2025-07-08 13:00:00,7.17823,7.18258,7.1778,7.18147,11229.0,7.1803,11229
2025-07-08 14:00:00,7.18149,7.18536,7.1809,7.18328,12369.0,7.1838,12369
2025-07-08 15:00:00,7.18326,7.18456,7.1745,7.1803,11871.0,7.1817,11871
2025-07-08 16:00:00,7.18028,7.18391,7.17941,7.18287,11067.0,7.182,11067
2025-07-08 17:00:00,7.18291,7.18348,7.18071,7.18098,10017.0,7.1816,10017
2025-07-08 18:00:00,7.18096,7.18179,7.1799,7.18068,7031.0,7.1811,7031
2025-07-08 19:00:00,7.1807,7.18177,7.1801,7.18119,5929.0,7.181,5929
2025-07-08 20:00:00,7.18105,7.18127,7.17962,7.1808,3147.0,7.1807,3147
2025-07-08 21:00:00,7.1808,7.18185,7.17765,7.18143,295.0,7.1811,295
2025-07-08 22:00:00,7.18133,7.18182,7.17765,7.18168,623.0,7.1807,623
2025-07-08 23:00:00,7.18102,7.18578,7.18021,7.18558,1953.0,7.1829,1953
2025-07-09 00:00:00,7.18525,7.18558,7.18259,7.18355,2474.0,7.1843,2474
2025-07-09 01:00:00,7.18329,7.18667,7.1818,7.18275,10818.0,7.184,10818
2025-07-09 02:00:00,7.18273,7.18495,7.18167,7.18345,8901.0,7.1833,8901
2025-07-09 03:00:00,7.18345,7.18475,7.1831,7.18424,6600.0,7.1841,6600
2025-07-09 04:00:00,7.18426,7.18525,7.1833,7.18426,5087.0,7.1844,5087
2025-07-09 05:00:00,7.18428,7.1847,7.1823,7.18288,6822.0,7.1839,6822
2025-07-09 06:00:00,7.18286,7.18388,7.18176,7.18195,8607.0,7.1828,8607
2025-07-09 07:00:00,7.18185,7.18617,7.1812,7.18586,9878.0,7.1837,9878
2025-07-09 08:00:00,7.18584,7.18825,7.18509,7.18627,9969.0,7.1864,9969
2025-07-09 09:00:00,7.18605,7.18612,7.1839,7.18506,6519.0,7.185,6519
2025-07-09 10:00:00,7.18509,7.18554,7.1832,7.18503,6201.0,7.1847,6201
2025-07-09 11:00:00,7.18509,7.18716,7.1836,7.18665,5940.0,7.1855,5940
2025-07-09 12:00:00,7.18667,7.18667,7.1837,7.18509,9197.0,7.1854,9197
2025-07-09 13:00:00,7.18494,7.18594,7.18298,7.18493,11433.0,7.1845,11433
2025-07-09 14:00:00,7.18492,7.18548,7.18304,7.18517,10822.0,7.1843,10822
2025-07-09 15:00:00,7.18519,7.18566,7.183,7.18517,6993.0,7.185,6993
2025-07-09 16:00:00,7.18515,7.18546,7.18386,7.18491,4880.0,7.1848,4880
2025-07-09 17:00:00,7.18469,7.18501,7.183,7.18331,5602.0,7.1841,5602
2025-07-09 18:00:00,7.18331,7.1846,7.1822,7.18406,6505.0,7.1834,6505
2025-07-09 19:00:00,7.18404,7.18475,7.1827,7.18374,5146.0,7.1837,5146
2025-07-09 20:00:00,7.1837,7.18488,7.18258,7.18317,3425.0,7.184,3425
2025-07-09 21:00:00,7.18317,7.18349,7.18065,7.18243,425.0,7.1825,425
2025-07-09 22:00:00,7.1815,7.18297,7.18045,7.18169,705.0,7.182,705
2025-07-09 23:00:00,7.18118,7.18298,7.18058,7.18205,1746.0,7.1821,1746
2025-07-10 00:00:00,7.18183,7.18212,7.1776,7.17887,2447.0,7.1799,2447
2025-07-10 01:00:00,7.17889,7.18121,7.17764,7.17944,9057.0,7.1798,9057
2025-07-10 02:00:00,7.1794,7.18021,7.178,7.17943,7058.0,7.1793,7058
2025-07-10 03:00:00,7.17941,7.18183,7.17932,7.18174,5069.0,7.1805,5069
2025-07-10 04:00:00,7.18163,7.18294,7.1808,7.18196,3860.0,7.1821,3860
2025-07-10 05:00:00,7.18198,7.18216,7.17833,7.17912,5755.0,7.1805,5755
2025-07-10 06:00:00,7.17868,7.18023,7.178,7.17981,8050.0,7.1793,8050
2025-07-10 07:00:00,7.17979,7.17984,7.1775,7.17886,8350.0,7.1788,8350
2025-07-10 08:00:00,7.17889,7.18004,7.178,7.17946,5769.0,7.1794,5769
2025-07-10 09:00:00,7.17952,7.17966,7.176,7.17718,5757.0,7.1781,5757
2025-07-10 10:00:00,7.17716,7.17822,7.17566,7.17671,5202.0,7.1772,5202
2025-07-10 11:00:00,7.17669,7.17948,7.17654,7.17875,7170.0,7.1783,7170
2025-07-10 12:00:00,7.17873,7.18126,7.1778,7.17819,9717.0,7.1798,9717
2025-07-10 13:00:00,7.1782,7.18098,7.1773,7.18029,12324.0,7.1791,12324
2025-07-10 14:00:00,7.18027,7.18231,7.1794,7.18137,14621.0,7.1811,14621
2025-07-10 15:00:00,7.18139,7.18173,7.1797,7.18041,9191.0,7.1808,9191
2025-07-10 16:00:00,7.18044,7.18161,7.1795,7.18087,6939.0,7.1808,6939
2025-07-10 17:00:00,7.18089,7.18118,7.1792,7.17973,5282.0,7.1804,5282
2025-07-10 18:00:00,7.17977,7.18441,7.1781,7.17867,5054.0,7.1789,5054
2025-07-10 19:00:00,7.17865,7.17911,7.1775,7.17825,4570.0,7.1784,4570
2025-07-10 20:00:00,7.17831,7.17864,7.1769,7.17789,2863.0,7.1781,2863
2025-07-10 21:00:00,7.17789,7.17924,7.17565,7.17843,424.0,7.1785,424
2025-07-10 22:00:00,7.1775,7.17851,7.17665,7.17776,733.0,7.1778,733
2025-07-10 23:00:00,7.17753,7.17936,7.1763,7.1791,1694.0,7.178,1694
2025-07-11 00:00:00,7.17919,7.18336,7.1783,7.18157,3100.0,7.1814,3100
2025-07-11 01:00:00,7.18134,7.18304,7.17674,7.17775,12801.0,7.1793,12801
2025-07-11 02:00:00,7.17775,7.17776,7.16771,7.17131,12944.0,7.1718,12944
2025-07-11 03:00:00,7.17134,7.17213,7.16777,7.16922,9126.0,7.1696,9126
2025-07-11 04:00:00,7.16921,7.17123,7.16896,7.16997,5886.0,7.1703,5886
2025-07-11 05:00:00,7.16994,7.1704,7.167,7.16871,8779.0,7.169,8779
2025-07-11 06:00:00,7.16863,7.17216,7.16863,7.17163,10875.0,7.1707,10875
2025-07-11 07:00:00,7.17175,7.17196,7.16684,7.16979,11235.0,7.1695,11235
2025-07-11 08:00:00,7.16972,7.17193,7.1695,7.17157,9486.0,7.1708,9486
2025-07-11 09:00:00,7.17156,7.1719,7.16872,7.16934,8334.0,7.1701,8334
2025-07-11 10:00:00,7.16932,7.16954,7.16656,7.16744,7344.0,7.168,7344
2025-07-11 11:00:00,7.16742,7.16801,7.1662,7.16763,6927.0,7.1671,6927
2025-07-11 12:00:00,7.16767,7.16904,7.16556,7.16809,9952.0,7.1672,9952
2025-07-11 13:00:00,7.1681,7.17022,7.1677,7.16981,12790.0,7.169,12790
2025-07-11 14:00:00,7.16977,7.1717,7.16924,7.17085,11724.0,7.1707,11724
2025-07-11 15:00:00,7.17074,7.1794,7.1697,7.17133,9772.0,7.1711,9772
2025-07-11 16:00:00,7.17145,7.17247,7.1709,7.17243,8508.0,7.1718,8508
2025-07-11 17:00:00,7.17242,7.17437,7.1714,7.17255,7132.0,7.1728,7132
2025-07-11 18:00:00,7.17233,7.17441,7.17199,7.17393,6869.0,7.1732,6869
2025-07-11 19:00:00,7.17388,7.17449,7.17217,7.1734,8315.0,7.1733,8315
2025-07-11 20:00:00,7.17338,7.17448,7.16795,7.17373,6461.0,7.1737,6461
2025-07-13 21:00:00,7.16709,7.16927,7.16515,7.16927,52.0,7.1668,52
2025-07-13 22:00:00,7.1656,7.17435,7.1656,7.17432,108.0,7.1709,108
2025-07-13 23:00:00,7.17515,7.17561,7.17202,7.17253,1569.0,7.1744,1569
2025-07-14 00:00:00,7.17285,7.17296,7.17026,7.1708,2528.0,7.1716,2528
2025-07-14 01:00:00,7.17075,7.17277,7.16842,7.17231,10701.0,7.1707,10701
2025-07-14 02:00:00,7.17236,7.17271,7.17008,7.17153,7994.0,7.1717,7994
2025-07-14 03:00:00,7.17149,7.17199,7.16846,7.17071,6549.0,7.1709,6549
2025-07-14 04:00:00,7.17071,7.17154,7.17037,7.17146,5761.0,7.171,5761
2025-07-14 05:00:00,7.17144,7.17161,7.17029,7.17124,6787.0,7.1711,6787
2025-07-14 06:00:00,7.17122,7.17136,7.16806,7.16989,9174.0,7.1699,9174
2025-07-14 07:00:00,7.16991,7.17037,7.16731,7.16895,8940.0,7.169,8940
2025-07-14 08:00:00,7.16892,7.16975,7.16827,7.16909,6812.0,7.1691,6812
2025-07-14 09:00:00,7.16909,7.16995,7.16661,7.16846,6352.0,7.1685,6352
2025-07-14 10:00:00,7.16849,7.1686,7.1667,7.16734,5204.0,7.1676,5204
2025-07-14 11:00:00,7.16732,7.16889,7.1669,7.16859,5882.0,7.168,5882
2025-07-14 12:00:00,7.16867,7.16969,7.1679,7.16932,6933.0,7.169,6933
2025-07-14 13:00:00,7.16946,7.17187,7.16919,7.17027,8869.0,7.1706,8869
2025-07-14 14:00:00,7.17029,7.17182,7.17007,7.17182,8143.0,7.171,8143
2025-07-14 15:00:00,7.17168,7.174,7.1688,7.17195,8459.0,7.1707,8459
2025-07-14 16:00:00,7.17196,7.17295,7.1707,7.17197,6725.0,7.1722,6725
2025-07-14 17:00:00,7.17197,7.1724,7.1712,7.17177,4953.0,7.172,4953
2025-07-14 18:00:00,7.17177,7.17224,7.1709,7.1717,5288.0,7.1718,5288
2025-07-14 19:00:00,7.17172,7.17221,7.1708,7.17184,4372.0,7.1718,4372
2025-07-14 20:00:00,7.17182,7.17288,7.171,7.17202,3756.0,7.1721,3756
2025-07-14 21:00:00,7.17202,7.17269,7.1709,7.17228,670.0,7.1724,670
2025-07-14 22:00:00,7.1713,7.17262,7.1713,7.17232,747.0,7.1722,747
2025-07-14 23:00:00,7.17174,7.17309,7.17147,7.17303,1758.0,7.1725,1758
2025-07-15 00:00:00,7.17282,7.17316,7.16946,7.17076,2245.0,7.1713,2245
2025-07-15 01:00:00,7.17059,7.17203,7.16871,7.16944,8752.0,7.1705,8752
2025-07-15 02:00:00,7.16932,7.17451,7.16879,7.17391,8663.0,7.1716,8663
2025-07-15 03:00:00,7.17395,7.17616,7.17261,7.17559,6467.0,7.1744,6467
2025-07-15 04:00:00,7.17557,7.17843,7.17535,7.17799,5319.0,7.1773,5319
2025-07-15 05:00:00,7.17802,7.17806,7.17504,7.17556,7443.0,7.1766,7443
2025-07-15 06:00:00,7.17562,7.17721,7.1744,7.17594,7974.0,7.1758,7974
2025-07-15 07:00:00,7.17591,7.17755,7.17468,7.17515,8916.0,7.1761,8916
2025-07-15 08:00:00,7.17528,7.17623,7.1745,7.17591,6211.0,7.1755,6211
2025-07-15 09:00:00,7.17589,7.1765,7.1743,7.17531,5892.0,7.1755,5892
2025-07-15 10:00:00,7.17525,7.17637,7.1747,7.17592,5193.0,7.1755,5193
2025-07-15 11:00:00,7.1759,7.17757,7.1752,7.17666,6272.0,7.1768,6272
2025-07-15 12:00:00,7.17665,7.17823,7.17298,7.175,11664.0,7.1764,11664
2025-07-15 13:00:00,7.17504,7.18252,7.17438,7.1819,14917.0,7.1794,14917
2025-07-15 14:00:00,7.1819,7.18555,7.18168,7.18501,14192.0,7.184,14192
2025-07-15 15:00:00,7.18499,7.18697,7.1848,7.18572,11053.0,7.1859,11053
2025-07-15 16:00:00,7.18573,7.18725,7.1723,7.1862,8653.0,7.1863,8653
2025-07-15 17:00:00,7.1862,7.18672,7.185,7.18604,6259.0,7.1861,6259
2025-07-15 18:00:00,7.18616,7.18654,7.1842,7.18512,6146.0,7.1852,6146
2025-07-15 19:00:00,7.18514,7.18555,7.1837,7.18405,5185.0,7.1848,5185
2025-07-15 20:00:00,7.18407,7.1845,7.18184,7.18297,3874.0,7.1835,3874
2025-07-15 21:00:00,7.18297,7.18469,7.18165,7.18427,373.0,7.184,373
2025-07-15 22:00:00,7.1835,7.18488,7.1821,7.18347,758.0,7.1835,758
2025-07-15 23:00:00,7.18269,7.18366,7.18161,7.18238,2072.0,7.1827,2072
2025-07-16 00:00:00,7.18237,7.18464,7.1819,7.18217,2294.0,7.1832,2294
2025-07-16 01:00:00,7.1822,7.18287,7.17946,7.18049,8742.0,7.1812,8742
2025-07-16 02:00:00,7.18051,7.18525,7.1803,7.1843,6571.0,7.1834,6571
2025-07-16 03:00:00,7.1843,7.18487,7.1825,7.18382,5391.0,7.1838,5391
2025-07-16 04:00:00,7.18376,7.18458,7.1826,7.18341,3280.0,7.1839,3280
2025-07-16 05:00:00,7.18343,7.18431,7.18239,7.18431,5199.0,7.1834,5199
2025-07-16 06:00:00,7.18425,7.18451,7.17841,7.17873,8071.0,7.1819,8071
2025-07-16 07:00:00,7.17858,7.18268,7.17856,7.18123,8584.0,7.1813,8584
2025-07-16 08:00:00,7.18117,7.18165,7.1802,7.18088,6181.0,7.181,6181
2025-07-16 09:00:00,7.18086,7.18285,7.18075,7.18173,5900.0,7.182,5900
2025-07-16 10:00:00,7.18165,7.18337,7.1814,7.18245,4618.0,7.1825,4618
2025-07-16 11:00:00,7.18247,7.18487,7.18223,7.18463,5556.0,7.1836,5556
2025-07-16 12:00:00,7.18461,7.18515,7.1805,7.18327,10939.0,7.1831,10939
2025-07-16 13:00:00,7.18324,7.18876,7.1824,7.18779,11166.0,7.1856,11166
2025-07-16 14:00:00,7.18776,7.19101,7.18653,7.18833,10773.0,7.1888,10773
2025-07-16 15:00:00,7.18835,7.18843,7.16697,7.18011,18137.0,7.1772,18137
2025-07-16 16:00:00,7.18011,7.186,7.17767,7.18089,15130.0,7.1815,15130
2025-07-16 17:00:00,7.18087,7.18089,7.17687,7.17902,10055.0,7.1788,10055
2025-07-16 18:00:00,7.1789,7.18103,7.17841,7.18077,8185.0,7.1794,8185
2025-07-16 19:00:00,7.1807,7.18239,7.1796,7.18008,8550.0,7.181,8550
2025-07-16 20:00:00,7.17983,7.1811,7.17839,7.18065,5035.0,7.1802,5035
2025-07-16 21:00:00,7.18065,7.18065,7.17555,7.17932,353.0,7.179,353
2025-07-16 22:00:00,7.17555,7.17995,7.17555,7.17984,713.0,7.1792,713
2025-07-16 23:00:00,7.17987,7.18186,7.178,7.18072,2102.0,7.1797,2102
2025-07-17 00:00:00,7.18006,7.18446,7.17999,7.18343,2717.0,7.1827,2717
2025-07-17 01:00:00,7.18326,7.18434,7.1774,7.17836,10139.0,7.1815,10139
2025-07-17 02:00:00,7.17834,7.18052,7.17811,7.1799,7923.0,7.1796,7923
2025-07-17 03:00:00,7.17988,7.18214,7.17981,7.18085,6610.0,7.1814,6610
2025-07-17 04:00:00,7.18083,7.1822,7.18,7.18089,4382.0,7.1814,4382
2025-07-17 05:00:00,7.18098,7.18222,7.1795,7.18157,6125.0,7.1807,6125
2025-07-17 06:00:00,7.18157,7.18676,7.18078,7.18544,11226.0,7.1844,11226
2025-07-17 07:00:00,7.18553,7.18664,7.1835,7.18476,10122.0,7.1848,10122
2025-07-17 08:00:00,7.18478,7.18541,7.18243,7.18254,8027.0,7.1841,8027
2025-07-17 09:00:00,7.18255,7.18389,7.1817,7.18334,6116.0,7.1828,6116
2025-07-17 10:00:00,7.18336,7.18534,7.18291,7.18507,5860.0,7.1844,5860
2025-07-17 11:00:00,7.18505,7.18716,7.18429,7.18672,6026.0,7.1857,6026
2025-07-17 12:00:00,7.18673,7.18916,7.18586,7.18759,11186.0,7.1873,11186
2025-07-17 13:00:00,7.18761,7.18949,7.1867,7.18936,12266.0,7.1881,12266
2025-07-17 14:00:00,7.1894,7.18975,7.18688,7.18726,10563.0,7.1885,10563
2025-07-17 15:00:00,7.18728,7.1874,7.18523,7.18641,8237.0,7.1863,8237
2025-07-17 16:00:00,7.18639,7.18745,7.1844,7.18625,7081.0,7.1861,7081
2025-07-17 17:00:00,7.18633,7.18681,7.1849,7.1864,6181.0,7.1862,6181
2025-07-17 18:00:00,7.18631,7.18683,7.1849,7.18622,5506.0,7.186,5506
2025-07-17 19:00:00,7.18624,7.18656,7.1838,7.18475,6033.0,7.1853,6033
2025-07-17 20:00:00,7.18473,7.18522,7.1839,7.18466,2610.0,7.1848,2610
2025-07-17 21:00:00,7.18466,7.18469,7.18303,7.18396,554.0,7.184,554
2025-07-17 22:00:00,7.1831,7.18594,7.1831,7.18398,641.0,7.1843,641
2025-07-17 23:00:00,7.18385,7.18562,7.18283,7.18371,2284.0,7.184,2284
2025-07-18 00:00:00,7.18372,7.18412,7.18055,7.18122,2583.0,7.1824,2583
2025-07-18 01:00:00,7.18124,7.1839,7.18003,7.18328,9361.0,7.1816,9361
2025-07-18 02:00:00,7.1833,7.18479,7.18237,7.18449,8001.0,7.1839,8001
2025-07-18 03:00:00,7.18447,7.18512,7.18309,7.18459,5641.0,7.184,5641
2025-07-18 04:00:00,7.18451,7.18521,7.18427,7.18521,3862.0,7.1848,3862
2025-07-18 05:00:00,7.18523,7.18622,7.1838,7.1852,6125.0,7.1852,6125
2025-07-18 06:00:00,7.18509,7.18548,7.1807,7.18127,8219.0,7.183,8219
2025-07-18 07:00:00,7.1812,7.18376,7.18091,7.18217,8147.0,7.1823,8147
2025-07-18 08:00:00,7.18219,7.18236,7.1794,7.18042,8424.0,7.1808,8424
2025-07-18 09:00:00,7.18032,7.18203,7.18001,7.18127,5939.0,7.1811,5939
2025-07-18 10:00:00,7.18124,7.18134,7.1791,7.18019,5420.0,7.1806,5420
2025-07-18 11:00:00,7.18025,7.18072,7.1793,7.1804,5337.0,7.1802,5337
2025-07-18 12:00:00,7.18043,7.18057,7.17691,7.177,8544.0,7.1788,8544
2025-07-18 13:00:00,7.17701,7.17845,7.17599,7.17644,10791.0,7.1775,10791
2025-07-18 14:00:00,7.17635,7.17852,7.1749,7.17735,11666.0,7.1767,11666
2025-07-18 15:00:00,7.17734,7.1865,7.1757,7.1775,8217.0,7.177,8217
2025-07-18 16:00:00,7.17743,7.17898,7.1763,7.17835,7177.0,7.1781,7177
2025-07-18 17:00:00,7.17831,7.18043,7.1777,7.18043,6256.0,7.1792,6256
2025-07-18 18:00:00,7.18012,7.18046,7.1789,7.17989,5036.0,7.18,5036
2025-07-18 19:00:00,7.17987,7.18097,7.17968,7.18032,5225.0,7.1804,5225
2025-07-18 20:00:00,7.1803,7.18121,7.1792,7.18116,3981.0,7.1801,3981
2025-07-20 21:00:00,7.17614,7.17694,7.17613,7.17639,28.0,7.1767,28
2025-07-20 22:00:00,7.17662,7.17929,7.17652,7.17851,115.0,7.1782,115
2025-07-20 23:00:00,7.17855,7.1799,7.17674,7.17948,1951.0,7.1783,1951
2025-07-21 00:00:00,7.17926,7.18081,7.17812,7.1792,2666.0,7.1794,2666
2025-07-21 01:00:00,7.17927,7.18085,7.17724,7.17878,9026.0,7.1793,9026
2025-07-21 02:00:00,7.1789,7.18145,7.1785,7.18047,7132.0,7.1799,7132
2025-07-21 03:00:00,7.18045,7.18362,7.18041,7.18181,5994.0,7.1824,5994
2025-07-21 04:00:00,7.18178,7.18232,7.18126,7.18206,4041.0,7.1818,4041
2025-07-21 05:00:00,7.18201,7.18223,7.1791,7.18025,5973.0,7.1809,5973
2025-07-21 06:00:00,7.18027,7.1808,7.17788,7.17848,9261.0,7.1792,9261
2025-07-21 07:00:00,7.17846,7.17907,7.17651,7.17702,9575.0,7.1778,9575
2025-07-21 08:00:00,7.17702,7.17885,7.1755,7.17745,8226.0,7.1773,8226
2025-07-21 09:00:00,7.17744,7.17977,7.17596,7.17923,6070.0,7.1778,6070
2025-07-21 10:00:00,7.17921,7.17955,7.1767,7.17762,5812.0,7.1782,5812
2025-07-21 11:00:00,7.17759,7.1776,7.17242,7.17271,7555.0,7.1752,7555
2025-07-21 12:00:00,7.17267,7.17368,7.17136,7.17336,8694.0,7.1727,8694
2025-07-21 13:00:00,7.17335,7.17525,7.1729,7.17443,9284.0,7.1743,9284
2025-07-21 14:00:00,7.17441,7.17447,7.1714,7.17208,11093.0,7.1726,11093
2025-07-21 15:00:00,7.17202,7.17274,7.16921,7.17105,10086.0,7.1708,10086
2025-07-21 16:00:00,7.17109,7.1775,7.1696,7.17077,7352.0,7.1709,7352
2025-07-21 17:00:00,7.17077,7.17198,7.17038,7.17144,5454.0,7.1713,5454
2025-07-21 18:00:00,7.17141,7.17253,7.17109,7.17113,5390.0,7.1716,5390
2025-07-21 19:00:00,7.17111,7.17171,7.17,7.17146,4571.0,7.1712,4571
2025-07-21 20:00:00,7.17148,7.17195,7.1701,7.17097,2539.0,7.1713,2539
2025-07-21 21:00:00,7.17097,7.17184,7.16852,7.1711,439.0,7.1708,439
2025-07-21 22:00:00,7.1701,7.17124,7.16931,7.17077,613.0,7.1708,613
2025-07-21 23:00:00,7.17021,7.1712,7.1697,7.17083,1592.0,7.1706,1592
2025-07-22 00:00:00,7.17085,7.17284,7.17085,7.17223,2535.0,7.172,2535
2025-07-22 01:00:00,7.17222,7.17491,7.16905,7.17283,9021.0,7.1724,9021
2025-07-22 02:00:00,7.17281,7.17376,7.1704,7.17148,8822.0,7.1721,8822
2025-07-22 03:00:00,7.17146,7.17317,7.171,7.17215,6196.0,7.1721,6196
2025-07-22 04:00:00,7.17213,7.17386,7.1714,7.17373,3535.0,7.1725,3535
2025-07-22 05:00:00,7.17375,7.174,7.1718,7.17325,6330.0,7.1732,6330
2025-07-22 06:00:00,7.17325,7.17679,7.1722,7.17572,8343.0,7.174,8343
2025-07-22 07:00:00,7.1758,7.1798,7.1746,7.17961,8850.0,7.1766,8850
2025-07-22 08:00:00,7.17969,7.17973,7.17628,7.17716,8057.0,7.1777,8057
2025-07-22 09:00:00,7.17718,7.17779,7.1753,7.17779,5996.0,7.1766,5996
2025-07-22 10:00:00,7.17777,7.17807,7.1756,7.17649,5032.0,7.1766,5032
2025-07-22 11:00:00,7.17656,7.17676,7.17455,7.17455,6158.0,7.176,6158
2025-07-22 12:00:00,7.17449,7.17697,7.1737,7.17621,8400.0,7.1758,8400
2025-07-22 13:00:00,7.17619,7.17619,7.17258,7.17298,11358.0,7.1743,11358
2025-07-22 14:00:00,7.17295,7.17526,7.17145,7.1718,12173.0,7.1731,12173
2025-07-22 15:00:00,7.17176,7.17219,7.16883,7.16899,10697.0,7.1704,10697
2025-07-22 16:00:00,7.16901,7.16945,7.16808,7.16898,8450.0,7.1688,8450
2025-07-22 17:00:00,7.16876,7.16989,7.1686,7.16979,6020.0,7.1693,6020
2025-07-22 18:00:00,7.16981,7.1712,7.1685,7.16927,5558.0,7.1695,5558
2025-07-22 19:00:00,7.16929,7.17025,7.1686,7.16945,4571.0,7.1697,4571
2025-07-22 20:00:00,7.16968,7.1706,7.1683,7.16956,3009.0,7.1697,3009
2025-07-22 21:00:00,7.16956,7.17259,7.16855,7.17157,353.0,7.1713,353
2025-07-22 22:00:00,7.17163,7.17225,7.16891,7.17125,733.0,7.1712,733
2025-07-22 23:00:00,7.17014,7.17261,7.16845,7.17162,1982.0,7.171,1982
2025-07-23 00:00:00,7.17151,7.17257,7.1684,7.16965,3000.0,7.1704,3000
2025-07-23 01:00:00,7.16966,7.1715,7.16696,7.16966,10320.0,7.1695,10320
2025-07-23 02:00:00,7.1697,7.1722,7.16811,7.17049,10577.0,7.1705,10577
2025-07-23 03:00:00,7.17051,7.17071,7.15898,7.16215,11552.0,7.1638,11552
2025-07-23 04:00:00,7.16217,7.16329,7.15705,7.15734,7593.0,7.1597,7593
2025-07-23 05:00:00,7.15734,7.16345,7.15681,7.16253,9375.0,7.1609,9375
2025-07-23 06:00:00,7.16248,7.16544,7.1617,7.16388,10463.0,7.1639,10463
2025-07-23 07:00:00,7.16386,7.16442,7.1605,7.16177,10052.0,7.1623,10052
2025-07-23 08:00:00,7.16189,7.16313,7.1589,7.16212,9574.0,7.1606,9574
2025-07-23 09:00:00,7.1621,7.16225,7.15907,7.15946,7145.0,7.161,7145
2025-07-23 10:00:00,7.15948,7.16039,7.1579,7.15962,6665.0,7.1591,6665
2025-07-23 11:00:00,7.15962,7.16115,7.15762,7.15953,7125.0,7.1596,7125
2025-07-23 12:00:00,7.15953,7.15987,7.1579,7.15935,8179.0,7.159,8179
2025-07-23 13:00:00,7.15937,7.16134,7.1587,7.15969,11806.0,7.1601,11806
2025-07-23 14:00:00,7.15965,7.15971,7.1547,7.15614,11761.0,7.1571,11761
2025-07-23 15:00:00,7.15602,7.15663,7.15002,7.15187,10551.0,7.1534,10551
2025-07-23 16:00:00,7.15186,7.1539,7.15171,7.15361,11142.0,7.153,11142
2025-07-23 17:00:00,7.15358,7.15487,7.1522,7.15329,8919.0,7.1533,8919
2025-07-23 18:00:00,7.15327,7.15341,7.1507,7.15205,6955.0,7.1523,6955
2025-07-23 19:00:00,7.15203,7.15267,7.1503,7.15188,5421.0,7.1516,5421
2025-07-23 20:00:00,7.15177,7.15271,7.15067,7.15185,3133.0,7.1515,3133
2025-07-23 21:00:00,7.15185,7.15211,7.1503,7.15105,592.0,7.1515,592
2025-07-23 22:00:00,7.15171,7.15215,7.15075,7.15191,749.0,7.1516,749
2025-07-23 23:00:00,7.15129,7.15248,7.1498,7.15079,1813.0,7.1516,1813
2025-07-24 00:00:00,7.15075,7.15212,7.14706,7.14818,2779.0,7.1505,2779
2025-07-24 01:00:00,7.14828,7.15016,7.14374,7.14978,12725.0,7.1472,12725
2025-07-24 02:00:00,7.14978,7.15097,7.14697,7.1473,9467.0,7.1492,9467
2025-07-24 03:00:00,7.14727,7.14914,7.14637,7.14885,8070.0,7.1481,8070
2025-07-24 04:00:00,7.14877,7.14928,7.1463,7.14781,5258.0,7.1479,5258
2025-07-24 05:00:00,7.14778,7.1492,7.1464,7.14856,8096.0,7.1478,8096
2025-07-24 06:00:00,7.14861,7.15076,7.1472,7.14799,10556.0,7.1491,10556
2025-07-24 07:00:00,7.14805,7.15155,7.14704,7.14978,11128.0,7.1491,11128
2025-07-24 08:00:00,7.14974,7.15344,7.14892,7.15307,9809.0,7.1505,9809
2025-07-24 09:00:00,7.15301,7.15539,7.1525,7.15467,7304.0,7.1539,7304
2025-07-24 10:00:00,7.15454,7.15748,7.15311,7.15344,6044.0,7.1545,6044
2025-07-24 11:00:00,7.15342,7.15424,7.1519,7.15226,5995.0,7.1529,5995
2025-07-24 12:00:00,7.15226,7.15557,7.15132,7.15476,10655.0,7.1536,10655
2025-07-24 13:00:00,7.15473,7.15562,7.1513,7.1521,14360.0,7.1537,14360
2025-07-24 14:00:00,7.15211,7.15237,7.1501,7.15146,13277.0,7.1512,13277
2025-07-24 15:00:00,7.15147,7.15386,7.1502,7.15243,11041.0,7.1522,11041
2025-07-24 16:00:00,7.15241,7.15378,7.15187,7.15355,9296.0,7.1528,9296
2025-07-24 17:00:00,7.15334,7.15373,7.1514,7.15279,7828.0,7.1525,7828
2025-07-24 18:00:00,7.15277,7.1534,7.1519,7.15293,6661.0,7.153,6661
2025-07-24 19:00:00,7.15297,7.15411,7.152,7.15386,6839.0,7.153,6839
2025-07-24 20:00:00,7.15373,7.15487,7.15221,7.15397,4354.0,7.1539,4354
2025-07-24 21:00:00,7.15397,7.15414,7.14945,7.1535,605.0,7.1526,605
2025-07-24 22:00:00,7.1514,7.15532,7.14945,7.15408,777.0,7.154,777
2025-07-24 23:00:00,7.15314,7.15489,7.15071,7.15191,2015.0,7.1521,2015
2025-07-25 00:00:00,7.1518,7.1536,7.1506,7.15199,2517.0,7.1523,2517
2025-07-25 01:00:00,7.15207,7.16011,7.15163,7.15765,10868.0,7.1569,10868
2025-07-25 02:00:00,7.15735,7.16355,7.15693,7.1631,9995.0,7.1604,9995
2025-07-25 03:00:00,7.16297,7.16416,7.16156,7.16382,7088.0,7.1628,7088
2025-07-25 04:00:00,7.16388,7.16544,7.1625,7.16458,6416.0,7.1642,6416
2025-07-25 05:00:00,7.16465,7.16508,7.15096,7.16178,7481.0,7.1631,7481
2025-07-25 06:00:00,7.16174,7.16508,7.16048,7.164,10917.0,7.1627,10917
2025-07-25 07:00:00,7.16398,7.16855,7.16374,7.167,11628.0,7.1663,11628
2025-07-25 08:00:00,7.16696,7.17011,7.1665,7.16816,10722.0,7.1681,10722
2025-07-25 09:00:00,7.16816,7.17064,7.16726,7.16758,7947.0,7.169,7947
2025-07-25 10:00:00,7.16753,7.16857,7.1662,7.16722,6557.0,7.1675,6557
2025-07-25 11:00:00,7.16729,7.16917,7.1662,7.16815,7496.0,7.168,7496
2025-07-25 12:00:00,7.16817,7.16977,7.16704,7.16822,8390.0,7.1683,8390
2025-07-25 13:00:00,7.16821,7.17065,7.16604,7.16826,14908.0,7.1685,14908
2025-07-25 14:00:00,7.16809,7.16831,7.1654,7.16591,12300.0,7.1666,12300
2025-07-25 15:00:00,7.16594,7.16889,7.16583,7.16835,10463.0,7.1677,10463
2025-07-25 16:00:00,7.16837,7.16974,7.1678,7.16942,8380.0,7.1689,8380
2025-07-25 17:00:00,7.16942,7.16965,7.1665,7.16688,7083.0,7.168,7083
2025-07-25 18:00:00,7.16725,7.16757,7.1656,7.16635,5923.0,7.1666,5923
2025-07-25 19:00:00,7.16637,7.16655,7.1648,7.16532,4729.0,7.1656,4729
2025-07-25 20:00:00,7.16519,7.16829,7.1646,7.1676,4317.0,7.1657,4317
2025-07-27 21:00:00,7.16167,7.16268,7.16163,7.16268,42.0,7.162,42
2025-07-27 22:00:00,7.16265,7.16345,7.16265,7.16344,110.0,7.1632,110
2025-07-27 23:00:00,7.16373,7.1668,7.16293,7.1656,1844.0,7.1653,1844
2025-07-28 00:00:00,7.16532,7.1718,7.16396,7.16603,3106.0,7.1658,3106
2025-07-28 01:00:00,7.166,7.17216,7.16414,7.1676,11934.0,7.168,11934
2025-07-28 02:00:00,7.16757,7.17001,7.16614,7.16888,9745.0,7.1681,9745
2025-07-28 03:00:00,7.1688,7.17161,7.16755,7.16871,7814.0,7.1696,7814
2025-07-28 04:00:00,7.1687,7.16975,7.16797,7.1691,5679.0,7.1689,5679
2025-07-28 05:00:00,7.16911,7.17011,7.1679,7.16928,7924.0,7.1693,7924
2025-07-28 06:00:00,7.16926,7.1716,7.16861,7.17011,11441.0,7.1702,11441
2025-07-28 07:00:00,7.17009,7.17658,7.1681,7.17569,12639.0,7.1717,12639
2025-07-28 08:00:00,7.17571,7.17686,7.1727,7.17365,11935.0,7.1746,11935
2025-07-28 09:00:00,7.17364,7.17539,7.17242,7.17526,9288.0,7.1741,9288
2025-07-28 10:00:00,7.17524,7.17723,7.17453,7.17699,9136.0,7.1763,9136
2025-07-28 11:00:00,7.17693,7.17801,7.1756,7.17626,9954.0,7.177,9954
2025-07-28 12:00:00,7.17624,7.17704,7.175,7.17559,11385.0,7.1763,11385
2025-07-28 13:00:00,7.17546,7.17965,7.1749,7.17866,12979.0,7.1773,12979
2025-07-28 14:00:00,7.17871,7.17986,7.1776,7.17901,13078.0,7.1787,13078
2025-07-28 15:00:00,7.17913,7.18214,7.1515,7.18143,10530.0,7.1807,10530
2025-07-28 16:00:00,7.18142,7.18286,7.18134,7.18235,9034.0,7.1821,9034
2025-07-28 17:00:00,7.18235,7.18285,7.1814,7.18206,8031.0,7.1823,8031
2025-07-28 18:00:00,7.18208,7.18277,7.1812,7.1817,8195.0,7.182,8195
2025-07-28 19:00:00,7.18168,7.18277,7.1809,7.18208,6493.0,7.1821,6493
2025-07-28 20:00:00,7.18206,7.18241,7.18094,7.18198,3027.0,7.1817,3027
2025-07-28 21:00:00,7.18198,7.18204,7.17565,7.18024,295.0,7.1806,295
2025-07-28 22:00:00,7.1809,7.1817,7.18005,7.1812,576.0,7.1811,576
2025-07-28 23:00:00,7.18092,7.18232,7.1803,7.18163,1808.0,7.1813,1808
2025-07-29 00:00:00,7.1816,7.1832,7.1807,7.18242,2696.0,7.1821,2696
2025-07-29 01:00:00,7.18239,7.18395,7.178,7.18091,10820.0,7.1811,10820
2025-07-29 02:00:00,7.18098,7.18159,7.17728,7.17773,9542.0,7.1789,9542
2025-07-29 03:00:00,7.17775,7.18028,7.17747,7.1792,6506.0,7.1791,6506
2025-07-29 04:00:00,7.17921,7.18088,7.1783,7.17933,5690.0,7.1798,5690
2025-07-29 05:00:00,7.17931,7.18058,7.1785,7.17974,7370.0,7.1797,7370
2025-07-29 06:00:00,7.17962,7.18171,7.17708,7.18107,12079.0,7.179,12079
2025-07-29 07:00:00,7.18105,7.18176,7.17926,7.17973,13080.0,7.1807,13080
2025-07-29 08:00:00,7.17965,7.18081,7.17797,7.17806,10604.0,7.1791,10604
2025-07-29 09:00:00,7.17801,7.18066,7.17778,7.17943,8645.0,7.1794,8645
2025-07-29 10:00:00,7.17939,7.18029,7.1781,7.17985,6256.0,7.1794,6256
2025-07-29 11:00:00,7.17987,7.18274,7.1798,7.18226,8758.0,7.1812,8758
2025-07-29 12:00:00,7.18232,7.18313,7.1817,7.18253,10249.0,7.1826,10249
2025-07-29 13:00:00,7.18269,7.18491,7.1817,7.18317,11803.0,7.1836,11803
2025-07-29 14:00:00,7.18315,7.18465,7.18084,7.18093,13872.0,7.1836,13872
2025-07-29 15:00:00,7.18092,7.18183,7.17983,7.18097,10957.0,7.1809,10957
2025-07-29 16:00:00,7.18095,7.1817,7.1792,7.18166,7622.0,7.1808,7622
2025-07-29 17:00:00,7.18162,7.18189,7.1793,7.18031,8290.0,7.1804,8290
2025-07-29 18:00:00,7.18029,7.18095,7.1794,7.18055,7215.0,7.1803,7215
2025-07-29 19:00:00,7.18053,7.18135,7.1794,7.18047,6664.0,7.1805,6664
2025-07-29 20:00:00,7.18047,7.18111,7.18,7.18084,3295.0,7.1806,3295
2025-07-29 21:00:00,7.18084,7.18149,7.17785,7.18037,326.0,7.1802,326
2025-07-29 22:00:00,7.18047,7.18136,7.17833,7.1808,726.0,7.1806,726
2025-07-29 23:00:00,7.18059,7.18155,7.1797,7.18089,1844.0,7.1807,1844
2025-07-30 00:00:00,7.18051,7.18152,7.1772,7.17791,2811.0,7.1796,2811
2025-07-30 01:00:00,7.1779,7.17885,7.17475,7.17674,11746.0,7.1768,11746
2025-07-30 02:00:00,7.17676,7.17924,7.1757,7.17866,7840.0,7.1776,7840
2025-07-30 03:00:00,7.17867,7.17904,7.17683,7.17821,7595.0,7.1778,7595
2025-07-30 04:00:00,7.17816,7.17925,7.1776,7.17892,5592.0,7.1787,5592
2025-07-30 05:00:00,7.1789,7.18054,7.17805,7.18037,9298.0,7.1792,9298
2025-07-30 06:00:00,7.18041,7.18197,7.178,7.17913,10568.0,7.1802,10568
2025-07-30 07:00:00,7.17917,7.18324,7.17847,7.18296,11809.0,7.1803,11809
2025-07-30 08:00:00,7.18292,7.18798,7.18248,7.18501,10933.0,7.1854,10933
2025-07-30 09:00:00,7.18503,7.18654,7.1831,7.1853,8722.0,7.185,8722
2025-07-30 10:00:00,7.18532,7.18787,7.18479,7.18727,7447.0,7.1865,7447
2025-07-30 11:00:00,7.18735,7.18941,7.1862,7.18861,8258.0,7.188,8258
2025-07-30 12:00:00,7.18869,7.19706,7.18831,7.19669,14388.0,7.1933,14388
2025-07-30 13:00:00,7.19667,7.20046,7.19541,7.19985,15128.0,7.1977,15128
2025-07-30 14:00:00,7.19983,7.20347,7.198,7.20341,13337.0,7.2009,13337
2025-07-30 15:00:00,7.20341,7.20566,7.2022,7.20415,10886.0,7.2037,10886
2025-07-30 16:00:00,7.20415,7.20547,7.20281,7.20309,7825.0,7.2043,7825
2025-07-30 17:00:00,7.20309,7.20751,7.1813,7.20304,8580.0,7.2049,8580
2025-07-30 18:00:00,7.2034,7.21403,7.2012,7.21327,16347.0,7.2061,16347
2025-07-30 19:00:00,7.2138,7.21441,7.20898,7.21053,13561.0,7.2112,13561
2025-07-30 20:00:00,7.21057,7.21289,7.20949,7.2121,6154.0,7.2115,6154
2025-07-30 21:00:00,7.2121,7.21226,7.20615,7.21053,580.0,7.2104,580
2025-07-30 22:00:00,7.2105,7.21101,7.20698,7.20926,773.0,7.2095,773
2025-07-30 23:00:00,7.20819,7.21174,7.20703,7.20823,2365.0,7.2091,2365
2025-07-31 02:00:00,7.20011,7.20091,7.19815,7.19819,6422.0,7.1996,6422
2025-07-31 03:00:00,7.19817,7.20082,7.1972,7.19892,10010.0,7.1988,10010
2025-07-31 04:00:00,7.19892,7.20063,7.1983,7.19908,7308.0,7.1994,7308
2025-07-31 05:00:00,7.19898,7.20099,7.19831,7.20065,9446.0,7.1995,9446
2025-07-31 06:00:00,7.20063,7.20094,7.1968,7.19712,12648.0,7.1992,12648
2025-07-31 07:00:00,7.1972,7.20187,7.19684,7.19915,12714.0,7.1993,12714
2025-07-31 08:00:00,7.19931,7.20272,7.19883,7.2013,11915.0,7.2006,11915
2025-07-31 09:00:00,7.20124,7.20628,7.20118,7.20487,9696.0,7.2037,9696
2025-07-31 10:00:00,7.20481,7.20824,7.2041,7.20734,8898.0,7.2065,8898
2025-07-31 11:00:00,7.20732,7.2075,7.20309,7.20327,9783.0,7.2051,9783
2025-07-31 12:00:00,7.20333,7.20574,7.1487,7.20446,12879.0,7.204,12879
2025-07-31 13:00:00,7.20442,7.21049,7.20413,7.21001,14608.0,7.2082,14608
2025-07-31 14:00:00,7.20999,7.21276,7.2092,7.21005,14386.0,7.211,14386
2025-07-31 15:00:00,7.21008,7.21271,7.20926,7.21217,11714.0,7.2109,11714
2025-07-31 16:00:00,7.21226,7.21243,7.2094,7.211,9684.0,7.211,9684
2025-07-31 17:00:00,7.21099,7.21197,7.2045,7.21126,7927.0,7.2112,7927
2025-07-31 18:00:00,7.21111,7.21171,7.2092,7.21018,7958.0,7.2105,7958
2025-07-31 19:00:00,7.21021,7.21104,7.208,7.21065,7524.0,7.2095,7524
2025-07-31 20:00:00,7.21063,7.21109,7.20851,7.20906,4584.0,7.2102,4584
2025-07-31 21:00:00,7.20906,7.21061,7.20445,7.21013,594.0,7.2095,594
2025-07-31 22:00:00,7.2095,7.21108,7.20509,7.2058,763.0,7.2084,763
2025-07-31 23:00:00,7.20485,7.21044,7.20453,7.21003,2451.0,7.2081,2451
2025-08-01 00:00:00,7.21009,7.21101,7.20668,7.20775,3368.0,7.2086,3368
2025-08-01 01:00:00,7.20783,7.22183,7.20682,7.21903,13428.0,7.2137,13428
2025-08-01 02:00:00,7.21902,7.21909,7.21565,7.21609,11153.0,7.217,11153
2025-08-01 03:00:00,7.21606,7.21692,7.21416,7.21589,9191.0,7.2156,9191
2025-08-01 04:00:00,7.21585,7.21832,7.2155,7.21769,5974.0,7.2169,5974
2025-08-01 05:00:00,7.21778,7.21873,7.21603,7.2177,9236.0,7.2176,9236
2025-08-01 06:00:00,7.21774,7.21786,7.2152,7.21702,10172.0,7.2166,10172
2025-08-01 07:00:00,7.21704,7.21862,7.21614,7.21817,10580.0,7.2173,10580
2025-08-01 08:00:00,7.21816,7.22266,7.21799,7.22076,10828.0,7.2202,10828
2025-08-01 09:00:00,7.22073,7.22413,7.21927,7.22254,8403.0,7.221,8403
2025-08-01 10:00:00,7.22252,7.22275,7.2208,7.22095,7925.0,7.2218,7925
2025-08-01 11:00:00,7.22097,7.222,7.2177,7.2215,9034.0,7.2199,9034
2025-08-01 12:00:00,7.22148,7.22228,7.19624,7.1972,15771.0,7.2094,15771
2025-08-01 13:00:00,7.19712,7.20009,7.19068,7.19512,18706.0,7.1945,18706
2025-08-01 14:00:00,7.19524,7.19532,7.18818,7.19352,19150.0,7.1919,19150
2025-08-01 15:00:00,7.19361,7.19779,7.1931,7.19493,15675.0,7.1951,15675
2025-08-01 16:00:00,7.19493,7.19867,7.19418,7.19733,12498.0,7.1967,12498
2025-08-01 17:00:00,7.19735,7.20101,7.19689,7.20047,11253.0,7.1993,11253
2025-08-01 18:00:00,7.20052,7.20093,7.1959,7.19928,10043.0,7.1985,10043
2025-08-01 19:00:00,7.19926,7.20017,7.1931,7.19519,11397.0,7.1962,11397
2025-08-01 20:00:00,7.19537,7.19537,7.18838,7.192,6311.0,7.1926,6311
2025-08-03 21:00:00,7.18926,7.18928,7.18782,7.18869,66.0,7.1888,66
2025-08-03 22:00:00,7.18963,7.19322,7.18808,7.18897,114.0,7.19,114
2025-08-03 23:00:00,7.18868,7.19111,7.18702,7.18767,2331.0,7.189,2331
2025-08-04 00:00:00,7.18759,7.19406,7.18572,7.19179,3655.0,7.1904,3655
2025-08-04 01:00:00,7.19188,7.197,7.18693,7.18898,13872.0,7.1909,13872
2025-08-04 02:00:00,7.18893,7.18993,7.18496,7.18568,10782.0,7.1873,10782
2025-08-04 03:00:00,7.18566,7.18566,7.17996,7.1822,10433.0,7.1822,10433
2025-08-04 04:00:00,7.18216,7.18267,7.18006,7.18149,6578.0,7.1813,6578
2025-08-04 05:00:00,7.1815,7.18302,7.17938,7.1799,9185.0,7.1816,9185
2025-08-04 06:00:00,7.1799,7.18252,7.17791,7.17912,13022.0,7.1802,13022
2025-08-04 07:00:00,7.17906,7.18022,7.1771,7.17934,12777.0,7.1788,12777
2025-08-04 08:00:00,7.17936,7.18091,7.17629,7.17968,11853.0,7.179,11853
2025-08-04 09:00:00,7.17971,7.18154,7.17761,7.17934,9689.0,7.1792,9689
2025-08-04 10:00:00,7.17932,7.18219,7.17912,7.18025,8181.0,7.1807,8181
2025-08-04 11:00:00,7.18027,7.18137,7.178,7.18135,9027.0,7.18,9027
2025-08-04 12:00:00,7.18131,7.18172,7.17955,7.18087,10919.0,7.1806,10919
2025-08-04 13:00:00,7.18085,7.18117,7.17708,7.17874,13003.0,7.1792,13003
2025-08-04 14:00:00,7.17872,7.2004,7.178,7.18305,13876.0,7.1801,13876
2025-08-04 15:00:00,7.18308,7.18443,7.1813,7.18433,12102.0,7.1828,12102
2025-08-04 16:00:00,7.18429,7.1849,7.1834,7.18458,8268.0,7.1845,8268
2025-08-04 17:00:00,7.18456,7.18519,7.1831,7.18388,6487.0,7.1846,6487
2025-08-04 18:00:00,7.18386,7.1842,7.1827,7.18347,7449.0,7.1836,7449
2025-08-04 19:00:00,7.18353,7.18435,7.1825,7.18371,7701.0,7.1836,7701
2025-08-04 20:00:00,7.18369,7.1842,7.182,7.18336,4548.0,7.1831,4548
2025-08-04 21:00:00,7.18336,7.18391,7.18045,7.18296,428.0,7.1823,428
2025-08-04 22:00:00,7.18292,7.18329,7.18047,7.183,765.0,7.1826,765
2025-08-04 23:00:00,7.18198,7.18198,7.1768,7.18035,2836.0,7.1794,2836
2025-08-05 00:00:00,7.18028,7.18043,7.1785,7.17928,2480.0,7.1796,2480
2025-08-05 01:00:00,7.17932,7.18205,7.1769,7.17876,10808.0,7.1797,10808
2025-08-05 02:00:00,7.1788,7.18387,7.17878,7.18345,8882.0,7.1822,8882
2025-08-05 03:00:00,7.18325,7.18458,7.1825,7.18403,6340.0,7.1832,6340
2025-08-05 04:00:00,7.18397,7.18496,7.1829,7.18405,5175.0,7.1844,5175
2025-08-05 05:00:00,7.18413,7.18646,7.18346,7.186,8088.0,7.1844,8088
2025-08-05 06:00:00,7.18594,7.18901,7.18415,7.18838,9677.0,7.1864,9677
2025-08-05 07:00:00,7.18842,7.19225,7.18644,7.19179,11199.0,7.1889,11199
2025-08-05 08:00:00,7.19181,7.19528,7.19146,7.19292,12265.0,7.193,12265
2025-08-05 09:00:00,7.1929,7.19398,7.18988,7.19117,8543.0,7.1913,8543
2025-08-05 10:00:00,7.19115,7.19195,7.1884,7.19045,7280.0,7.1906,7280
2025-08-05 11:00:00,7.19047,7.19173,7.1894,7.19021,8498.0,7.1906,8498
2025-08-05 12:00:00,7.19023,7.192,7.189,7.19042,11845.0,7.1905,11845
2025-08-05 13:00:00,7.19048,7.19118,7.1881,7.18932,12985.0,7.1896,12985
2025-08-05 14:00:00,7.18924,7.19195,7.18686,7.18791,16134.0,7.1895,16134
2025-08-05 15:00:00,7.18788,7.18809,7.1858,7.18665,11616.0,7.187,11616
2025-08-05 16:00:00,7.18663,7.18953,7.183,7.18873,8694.0,7.1878,8694
2025-08-05 17:00:00,7.18875,7.18933,7.1876,7.1886,7428.0,7.1885,7428
2025-08-05 18:00:00,7.18862,7.18962,7.1879,7.18894,8706.0,7.1889,8706
2025-08-05 19:00:00,7.18885,7.18989,7.1887,7.18912,6671.0,7.1893,6671
2025-08-05 20:00:00,7.18914,7.18964,7.18808,7.18869,3282.0,7.189,3282
2025-08-05 21:00:00,7.18869,7.18904,7.18795,7.18881,695.0,7.1888,695
2025-08-05 22:00:00,7.18795,7.1892,7.18795,7.18882,749.0,7.1888,749
2025-08-05 23:00:00,7.18854,7.18971,7.1874,7.18948,2110.0,7.1883,2110
2025-08-06 00:00:00,7.18973,7.19058,7.18731,7.19027,2267.0,7.1889,2267
2025-08-06 01:00:00,7.19034,7.19556,7.19,7.19272,9190.0,7.1927,9190
2025-08-06 02:00:00,7.19277,7.19436,7.1914,7.19263,7197.0,7.193,7197
2025-08-06 03:00:00,7.19261,7.19314,7.19008,7.1921,6511.0,7.1919,6511
2025-08-06 04:00:00,7.19206,7.19363,7.1913,7.19227,5557.0,7.1925,5557
2025-08-06 05:00:00,7.19229,7.19495,7.1919,7.19461,6938.0,7.1935,6938
2025-08-06 06:00:00,7.19464,7.19471,7.1913,7.19335,8287.0,7.1931,8287
2025-08-06 07:00:00,7.19333,7.19429,7.1923,7.19304,7713.0,7.1935,7713
2025-08-06 08:00:00,7.19292,7.19526,7.1925,7.19443,7981.0,7.1939,7981
2025-08-06 09:00:00,7.19441,7.19483,7.1925,7.19313,6705.0,7.1935,6705
2025-08-06 10:00:00,7.19315,7.19326,7.18949,7.18998,8037.0,7.1911,8037
2025-08-06 11:00:00,7.19,7.19081,7.1886,7.18989,6971.0,7.1895,6971
2025-08-06 12:00:00,7.18981,7.19015,7.18566,7.18633,8552.0,7.1882,8552
2025-08-06 13:00:00,7.18632,7.18632,7.18374,7.18378,11568.0,7.185,11568
2025-08-06 14:00:00,7.18379,7.1885,7.18377,7.18688,12122.0,7.1859,12122
2025-08-06 15:00:00,7.18689,7.18926,7.18405,7.18455,12723.0,7.1858,12723
2025-08-06 16:00:00,7.18453,7.18771,7.184,7.18684,9661.0,7.1858,9661
2025-08-06 17:00:00,7.1868,7.18702,7.184,7.18491,8138.0,7.1857,8138
2025-08-06 18:00:00,7.18494,7.18513,7.1829,7.18356,7310.0,7.1841,7310
2025-08-06 19:00:00,7.18356,7.18471,7.183,7.18414,5693.0,7.1839,5693
2025-08-06 20:00:00,7.1841,7.18564,7.18275,7.18479,4115.0,7.1845,4115
2025-08-06 21:00:00,7.18479,7.18611,7.18315,7.18498,616.0,7.1852,616
2025-08-06 22:00:00,7.184,7.18564,7.18378,7.18445,740.0,7.1849,740
2025-08-06 23:00:00,7.18395,7.18461,7.18241,7.18293,2015.0,7.1838,2015
2025-08-07 00:00:00,7.18299,7.18558,7.18263,7.18547,2463.0,7.1841,2463
2025-08-07 01:00:00,7.18536,7.18607,7.1811,7.18351,9014.0,7.1844,9014
2025-08-07 02:00:00,7.18338,7.18443,7.1789,7.1833,8893.0,7.1822,8893
2025-08-07 03:00:00,7.18337,7.18484,7.1822,7.18291,6253.0,7.1837,6253
2025-08-07 04:00:00,7.18283,7.18312,7.1811,7.18215,5372.0,7.1822,5372
2025-08-07 05:00:00,7.18226,7.18271,7.1813,7.1816,6729.0,7.182,6729
2025-08-07 06:00:00,7.18162,7.18203,7.17896,7.18081,10144.0,7.1804,10144
2025-08-07 07:00:00,7.18083,7.18222,7.1776,7.17899,10289.0,7.1804,10289
2025-08-07 08:00:00,7.17897,7.18151,7.17814,7.17967,11107.0,7.1801,11107
2025-08-07 09:00:00,7.17965,7.18086,7.1791,7.17961,7817.0,7.18,7817
2025-08-07 10:00:00,7.17963,7.18306,7.17936,7.18221,7860.0,7.1816,7860
2025-08-07 11:00:00,7.18221,7.18504,7.18128,7.18257,10809.0,7.1829,10809
2025-08-07 12:00:00,7.18255,7.18283,7.17944,7.18078,11457.0,7.1815,11457
2025-08-07 13:00:00,7.18082,7.18177,7.1792,7.1816,12952.0,7.1806,12952
2025-08-07 14:00:00,7.18163,7.18646,7.18158,7.18565,14472.0,7.1849,14472
2025-08-07 15:00:00,7.18563,7.18669,7.18357,7.18387,11219.0,7.1851,11219
2025-08-07 16:00:00,7.1839,7.18506,7.1827,7.18416,7213.0,7.1843,7213
2025-08-07 17:00:00,7.1841,7.18501,7.1832,7.1839,8454.0,7.1843,8454
2025-08-07 18:00:00,7.18382,7.18533,7.1834,7.1848,8514.0,7.1844,8514
2025-08-07 19:00:00,7.18486,7.18556,7.181,7.18228,8986.0,7.1834,8986
2025-08-07 20:00:00,7.18228,7.18253,7.17774,7.1809,6270.0,7.1804,6270
2025-08-07 21:00:00,7.1809,7.18106,7.17885,7.18081,387.0,7.1806,387
2025-08-07 22:00:00,7.1798,7.18093,7.17881,7.17925,709.0,7.1802,709
2025-08-07 23:00:00,7.1789,7.18056,7.17789,7.17888,1850.0,7.179,1850
2025-08-08 00:00:00,7.17911,7.18123,7.17857,7.17981,2624.0,7.1801,2624
2025-08-08 01:00:00,7.17972,7.18707,7.17914,7.18586,10697.0,7.1836,10697
2025-08-08 02:00:00,7.18583,7.18647,7.1829,7.18387,7872.0,7.1847,7872
2025-08-08 03:00:00,7.18393,7.18525,7.18293,7.18405,6820.0,7.1844,6820
2025-08-08 04:00:00,7.18407,7.18436,7.1827,7.18371,4321.0,7.1837,4321
2025-08-08 05:00:00,7.18373,7.18611,7.1828,7.18599,6905.0,7.1846,6905
2025-08-08 06:00:00,7.18599,7.18637,7.1839,7.18555,8846.0,7.1854,8846
2025-08-08 07:00:00,7.18551,7.18581,7.18336,7.18465,9982.0,7.1845,9982
2025-08-08 08:00:00,7.18465,7.18782,7.1843,7.18738,9442.0,7.1861,9442
2025-08-08 09:00:00,7.18736,7.18888,7.1866,7.18855,8395.0,7.1879,8395
2025-08-08 10:00:00,7.18857,7.18927,7.1864,7.18873,6977.0,7.1881,6977
2025-08-08 11:00:00,7.18875,7.18979,7.1877,7.18958,6428.0,7.1891,6428
2025-08-08 12:00:00,7.18964,7.19034,7.18829,7.18994,9772.0,7.1894,9772
2025-08-08 13:00:00,7.18992,7.19001,7.1874,7.18983,10777.0,7.189,10777
2025-08-08 14:00:00,7.18977,7.19152,7.18928,7.19022,11873.0,7.1906,11873
2025-08-08 15:00:00,7.1902,7.19077,7.188,7.18972,9989.0,7.1894,9989
2025-08-08 16:00:00,7.18961,7.18989,7.1874,7.18768,7731.0,7.1888,7731
2025-08-08 17:00:00,7.1876,7.18867,7.1863,7.1881,5367.0,7.1875,5367
2025-08-08 18:00:00,7.18866,7.18962,7.18745,7.18831,9456.0,7.1884,9456
2025-08-08 19:00:00,7.18833,7.1902,7.1881,7.18931,7703.0,7.1893,7703
2025-08-08 20:00:00,7.18927,7.18981,7.18666,7.18856,5517.0,7.1889,5517
2025-08-10 21:00:00,7.18442,7.18686,7.18418,7.18661,90.0,7.1856,90
2025-08-10 22:00:00,7.18509,7.18775,7.18509,7.18719,92.0,7.1867,92
2025-08-10 23:00:00,7.18763,7.18932,7.18707,7.18821,1748.0,7.1883,1748
2025-08-11 00:00:00,7.18823,7.19079,7.18819,7.18908,2852.0,7.1897,2852
2025-08-11 01:00:00,7.1892,7.18994,7.178,7.18719,7084.0,7.1879,7084
2025-08-11 02:00:00,7.1872,7.18812,7.18576,7.18696,7029.0,7.187,7029
2025-08-11 03:00:00,7.18697,7.18697,7.18251,7.18398,6427.0,7.1845,6427
2025-08-11 04:00:00,7.18389,7.18518,7.18266,7.18478,4353.0,7.1839,4353
2025-08-11 05:00:00,7.18477,7.1855,7.1831,7.18508,6191.0,7.1846,6191
2025-08-11 06:00:00,7.1851,7.18685,7.1839,7.18676,7938.0,7.1857,7938
2025-08-11 07:00:00,7.18673,7.18762,7.18449,7.18598,9690.0,7.1863,9690
2025-08-11 08:00:00,7.18594,7.18666,7.1841,7.18617,8487.0,7.1856,8487
2025-08-11 09:00:00,7.18623,7.18917,7.1857,7.18852,7490.0,7.1872,7490
2025-08-11 10:00:00,7.18854,7.1901,7.1879,7.18927,5751.0,7.1889,5751
2025-08-11 11:00:00,7.18925,7.19266,7.18917,7.19224,7951.0,7.1911,7951
2025-08-11 12:00:00,7.19213,7.19352,7.1913,7.1922,9821.0,7.1927,9821
2025-08-11 13:00:00,7.19216,7.1933,7.19,7.19184,10646.0,7.1921,10646
2025-08-11 14:00:00,7.1918,7.19492,7.19168,7.19403,11116.0,7.1935,11116
2025-08-11 15:00:00,7.19393,7.19475,7.1929,7.19355,8288.0,7.1939,8288
2025-08-11 16:00:00,7.19343,7.19586,7.1925,7.19564,6656.0,7.1942,6656
2025-08-11 17:00:00,7.19563,7.19822,7.1943,7.19501,7113.0,7.1961,7113
2025-08-11 18:00:00,7.19496,7.1955,7.1931,7.19439,5696.0,7.1945,5696
2025-08-11 19:00:00,7.19444,7.19568,7.19349,7.19536,6495.0,7.195,6495
2025-08-11 20:00:00,7.19538,7.19647,7.1944,7.19633,3861.0,7.1953,3861
2025-08-11 21:00:00,7.19633,7.19654,7.19278,7.19476,436.0,7.195,436
2025-08-11 22:00:00,7.1938,7.19557,7.1938,7.19495,721.0,7.1949,721
2025-08-11 23:00:00,7.19401,7.19521,7.19291,7.19395,1868.0,7.1943,1868
2025-08-12 00:00:00,7.19425,7.19436,7.19246,7.19355,2300.0,7.1935,2300
2025-08-12 01:00:00,7.19355,7.19431,7.18946,7.19115,9694.0,7.1916,9694
2025-08-12 02:00:00,7.19115,7.19145,7.1891,7.19088,7973.0,7.1905,7973
2025-08-12 03:00:00,7.19095,7.19222,7.18906,7.19178,6238.0,7.1912,6238
2025-08-12 04:00:00,7.19172,7.19283,7.1909,7.19175,5824.0,7.1919,5824
2025-08-12 05:00:00,7.19177,7.19657,7.1912,7.19613,10155.0,7.1936,10155
2025-08-12 06:00:00,7.19611,7.19656,7.19443,7.19537,10600.0,7.1955,10600
2025-08-12 07:00:00,7.1954,7.19579,7.194,7.19502,9280.0,7.1952,9280
2025-08-12 08:00:00,7.19496,7.19799,7.1944,7.19647,9185.0,7.1966,9185
2025-08-12 09:00:00,7.19633,7.19717,7.1942,7.19462,7914.0,7.1962,7914
2025-08-12 10:00:00,7.19455,7.19492,7.1921,7.19338,5798.0,7.1936,5798
2025-08-12 11:00:00,7.1934,7.19475,7.1927,7.19357,7275.0,7.194,7275
2025-08-12 12:00:00,7.19355,7.19421,7.1857,7.18989,14003.0,7.1908,14003
2025-08-12 13:00:00,7.18991,7.19375,7.18725,7.19092,16797.0,7.1915,16797
2025-08-12 14:00:00,7.1909,7.19309,7.18842,7.18908,14949.0,7.1901,14949
2025-08-12 15:00:00,7.18906,7.18917,7.18093,7.18517,14168.0,7.1849,14168
2025-08-12 16:00:00,7.18521,7.18597,7.1833,7.18399,11421.0,7.1846,11421
2025-08-12 17:00:00,7.18397,7.18548,7.18353,7.18465,8366.0,7.1847,8366
2025-08-12 18:00:00,7.18469,7.18578,7.1835,7.1855,7659.0,7.1849,7659
2025-08-12 19:00:00,7.18556,7.1864,7.1846,7.18547,6763.0,7.1858,6763
2025-08-12 20:00:00,7.18545,7.18632,7.18347,7.18538,4289.0,7.1856,4289
2025-08-12 21:00:00,7.18538,7.18538,7.18085,7.1849,431.0,7.1839,431
2025-08-12 22:00:00,7.1834,7.18796,7.18266,7.18644,717.0,7.1856,717
2025-08-12 23:00:00,7.18591,7.18706,7.18438,7.18475,2077.0,7.1859,2077
2025-08-13 00:00:00,7.18464,7.18597,7.18301,7.18416,2287.0,7.1851,2287
2025-08-13 01:00:00,7.18414,7.18761,7.18267,7.18589,9179.0,7.1857,9179
2025-08-13 02:00:00,7.18579,7.18826,7.1836,7.18483,8442.0,7.1859,8442
2025-08-13 03:00:00,7.18482,7.18564,7.18131,7.18283,6979.0,7.184,6979
2025-08-13 04:00:00,7.18285,7.18366,7.1815,7.18267,5449.0,7.1828,5449
2025-08-13 05:00:00,7.18273,7.18433,7.1818,7.18334,7623.0,7.1831,7623
2025-08-13 06:00:00,7.18332,7.18386,7.17748,7.17958,11650.0,7.1811,11650
2025-08-13 07:00:00,7.17961,7.17997,7.17722,7.1792,11686.0,7.1787,11686
2025-08-13 08:00:00,7.17922,7.17951,7.17737,7.17934,10003.0,7.1784,10003
2025-08-13 09:00:00,7.17927,7.17937,7.1762,7.177,7192.0,7.1778,7192
2025-08-13 10:00:00,7.17704,7.1786,7.17611,7.17773,6084.0,7.1775,6084
2025-08-13 11:00:00,7.17771,7.17865,7.17694,7.17735,6472.0,7.178,6472
2025-08-13 12:00:00,7.17735,7.18009,7.17711,7.17927,9097.0,7.1785,9097
2025-08-13 13:00:00,7.17929,7.18112,7.1772,7.17834,10242.0,7.1792,10242
2025-08-13 14:00:00,7.17833,7.17877,7.17541,7.17747,11690.0,7.1774,11690
2025-08-13 15:00:00,7.17746,7.1812,7.17713,7.17986,10544.0,7.1786,10544
2025-08-13 16:00:00,7.17984,7.18121,7.179,7.18077,6915.0,7.1802,6915
2025-08-13 17:00:00,7.18077,7.18154,7.1796,7.18143,5938.0,7.1807,5938
2025-08-13 18:00:00,7.1814,7.18233,7.1806,7.18223,4650.0,7.1816,4650
2025-08-13 19:00:00,7.18223,7.18267,7.1808,7.18226,4371.0,7.182,4371
2025-08-13 20:00:00,7.18228,7.18243,7.1797,7.18169,3137.0,7.1812,3137
2025-08-13 21:00:00,7.18169,7.18169,7.17515,7.17766,431.0,7.1788,431
2025-08-13 22:00:00,7.1779,7.18116,7.17698,7.18075,685.0,7.1805,685
2025-08-13 23:00:00,7.18056,7.18154,7.1797,7.18095,1850.0,7.1808,1850
2025-08-14 00:00:00,7.18084,7.18112,7.17755,7.17805,2448.0,7.1796,2448
2025-08-14 01:00:00,7.1779,7.17813,7.16803,7.17065,11380.0,7.175,11380
2025-08-14 02:00:00,7.17067,7.17357,7.16927,7.17186,10678.0,7.1716,10678
2025-08-14 03:00:00,7.1718,7.17526,7.17155,7.17385,8306.0,7.1735,8306
2025-08-14 04:00:00,7.1739,7.1745,7.17169,7.17209,5389.0,7.1731,5389
2025-08-14 05:00:00,7.17209,7.17498,7.17202,7.17332,8946.0,7.1736,8946
2025-08-14 06:00:00,7.17331,7.17509,7.17137,7.17497,11803.0,7.1732,11803
2025-08-14 07:00:00,7.17495,7.17726,7.17262,7.17571,12970.0,7.1744,12970
2025-08-14 08:00:00,7.17573,7.17651,7.1738,7.17497,10516.0,7.1751,10516
2025-08-14 09:00:00,7.17495,7.17515,7.17305,7.17415,8193.0,7.174,8193
2025-08-14 10:00:00,7.17413,7.17482,7.17122,7.17264,7264.0,7.1729,7264
2025-08-14 11:00:00,7.1726,7.17329,7.1717,7.17247,7767.0,7.1727,7767
2025-08-14 12:00:00,7.17243,7.17996,7.17156,7.17734,13756.0,7.1746,13756
2025-08-14 13:00:00,7.17742,7.17898,7.17425,7.17877,15604.0,7.1767,15604
2025-08-14 14:00:00,7.1788,7.18054,7.1772,7.17842,13862.0,7.1787,13862
2025-08-14 15:00:00,7.1784,7.18265,7.1784,7.18108,12187.0,7.1815,12187
2025-08-14 16:00:00,7.18106,7.18286,7.1779,7.18243,9082.0,7.182,9082
2025-08-14 17:00:00,7.18244,7.18268,7.1807,7.18199,7557.0,7.1818,7557
2025-08-14 18:00:00,7.18185,7.18262,7.1804,7.18117,7618.0,7.1814,7618
2025-08-14 19:00:00,7.18119,7.18156,7.1798,7.18095,6901.0,7.1807,6901
2025-08-14 20:00:00,7.18099,7.1823,7.18006,7.18206,3690.0,7.1808,3690
2025-08-14 21:00:00,7.18206,7.18212,7.17465,7.17941,595.0,7.1797,595
2025-08-14 22:00:00,7.1779,7.18032,7.17697,7.18021,774.0,7.1795,774
2025-08-14 23:00:00,7.17929,7.18144,7.17779,7.18092,2121.0,7.1804,2121
2025-08-15 00:00:00,7.18074,7.18252,7.1804,7.1813,2392.0,7.1815,2392
2025-08-15 01:00:00,7.18113,7.18386,7.17982,7.18028,7938.0,7.1818,7938
2025-08-15 02:00:00,7.18026,7.18636,7.1802,7.1851,8381.0,7.1842,8381
2025-08-15 03:00:00,7.18504,7.18657,7.1838,7.18462,5909.0,7.1851,5909
2025-08-15 04:00:00,7.18453,7.18641,7.1836,7.1854,3627.0,7.1852,3627
2025-08-15 05:00:00,7.1854,7.18563,7.1836,7.18451,7833.0,7.1846,7833
2025-08-15 06:00:00,7.18453,7.1896,7.18397,7.18865,10390.0,7.1858,10390
2025-08-15 07:00:00,7.18863,7.18875,7.1863,7.18802,11446.0,7.1875,11446
2025-08-15 08:00:00,7.18801,7.18885,7.18435,7.18472,9471.0,7.1867,9471
2025-08-15 09:00:00,7.18474,7.18478,7.1815,7.18441,7057.0,7.1834,7057
2025-08-15 10:00:00,7.18447,7.18516,7.1824,7.18488,5865.0,7.1841,5865
2025-08-15 11:00:00,7.18487,7.18551,7.1838,7.18468,5761.0,7.185,5761
2025-08-15 12:00:00,7.1846,7.18625,7.1825,7.18354,11381.0,7.1843,11381
2025-08-15 13:00:00,7.18363,7.18649,7.1829,7.1844,13015.0,7.185,13015
2025-08-15 14:00:00,7.18438,7.1868,7.18423,7.1854,12420.0,7.1858,12420
2025-08-15 15:00:00,7.18537,7.18715,7.184,7.1868,9194.0,7.1855,9194
2025-08-15 16:00:00,7.1868,7.188,7.1822,7.18771,6046.0,7.1872,6046
2025-08-15 17:00:00,7.18769,7.18879,7.1872,7.18846,5083.0,7.1882,5083
2025-08-15 18:00:00,7.18854,7.18921,7.18711,7.18872,4201.0,7.1885,4201
2025-08-15 19:00:00,7.1887,7.18912,7.188,7.18856,4354.0,7.1886,4354
2025-08-15 20:00:00,7.18856,7.18921,7.18673,7.18883,3984.0,7.1883,3984
2025-08-17 21:00:00,7.1826,7.18755,7.18245,7.18675,221.0,7.1872,221
2025-08-17 22:00:00,7.18708,7.18757,7.18667,7.1868,247.0,7.1872,247
2025-08-17 23:00:00,7.18712,7.18916,7.18675,7.18854,2378.0,7.1882,2378
2025-08-18 00:00:00,7.18854,7.18886,7.18691,7.18757,3879.0,7.1877,3879
2025-08-18 01:00:00,7.18764,7.18805,7.18341,7.18381,9067.0,7.186,9067
2025-08-18 02:00:00,7.18381,7.18721,7.18321,7.18649,8964.0,7.1853,8964
2025-08-18 03:00:00,7.1865,7.1867,7.18146,7.18237,7871.0,7.1842,7871
2025-08-18 04:00:00,7.18237,7.18263,7.18126,7.18207,5937.0,7.1821,5937
2025-08-18 05:00:00,7.18209,7.18427,7.1811,7.18274,9347.0,7.1829,9347
2025-08-18 06:00:00,7.18288,7.18452,7.18229,7.18399,11666.0,7.1836,11666
2025-08-18 07:00:00,7.18397,7.18529,7.1811,7.18387,12175.0,7.1827,12175
2025-08-18 08:00:00,7.18389,7.18486,7.1789,7.18015,12538.0,7.1821,12538
2025-08-18 09:00:00,7.18,7.18207,7.17883,7.18188,10356.0,7.1807,10356
2025-08-18 10:00:00,7.18178,7.18232,7.1804,7.18145,8040.0,7.1814,8040
2025-08-18 11:00:00,7.18147,7.18331,7.18094,7.18275,6762.0,7.1819,6762
2025-08-18 12:00:00,7.18291,7.18439,7.18203,7.18393,10337.0,7.1835,10337
2025-08-18 13:00:00,7.18391,7.18621,7.18379,7.18556,11823.0,7.1852,11823
2025-08-18 14:00:00,7.18553,7.18819,7.18458,7.18726,12526.0,7.1861,12526
2025-08-18 15:00:00,7.18729,7.18792,7.18553,7.18651,9641.0,7.1868,9641
2025-08-18 16:00:00,7.18651,7.18775,7.1859,7.18745,7630.0,7.187,7630
2025-08-18 17:00:00,7.18746,7.18794,7.18664,7.18786,6500.0,7.1873,6500
2025-08-18 18:00:00,7.18787,7.18813,7.1866,7.18775,5981.0,7.1875,5981
2025-08-18 19:00:00,7.18773,7.18801,7.1864,7.18662,5288.0,7.1874,5288
2025-08-18 20:00:00,7.18732,7.1882,7.18621,7.18763,4292.0,7.1871,4292
2025-08-18 21:00:00,7.18763,7.18771,7.1862,7.18715,791.0,7.187,791
2025-08-18 22:00:00,7.1865,7.1875,7.18595,7.18722,1617.0,7.1869,1617
2025-08-18 23:00:00,7.18684,7.18778,7.18638,7.18743,3069.0,7.1872,3069
2025-08-19 00:00:00,7.18728,7.18786,7.18531,7.18608,3713.0,7.1866,3713
2025-08-19 01:00:00,7.18608,7.18961,7.1852,7.18843,11784.0,7.1877,11784
2025-08-19 02:00:00,7.18854,7.19198,7.1878,7.18926,11198.0,7.1894,11198
2025-08-19 03:00:00,7.18916,7.18935,7.1845,7.18598,9309.0,7.1866,9309
2025-08-19 04:00:00,7.18582,7.18663,7.1839,7.18485,5993.0,7.1855,5993
2025-08-19 05:00:00,7.18487,7.18707,7.18316,7.1864,9985.0,7.185,9985
2025-08-19 06:00:00,7.18641,7.18709,7.1836,7.18445,12209.0,7.1855,12209
2025-08-19 07:00:00,7.18453,7.18613,7.1834,7.1855,13323.0,7.1847,13323
2025-08-19 08:00:00,7.1854,7.18637,7.18306,7.18405,10890.0,7.1854,10890
2025-08-19 09:00:00,7.18402,7.18544,7.1833,7.18404,8196.0,7.1844,8196
2025-08-19 10:00:00,7.18404,7.1842,7.18196,7.18261,7721.0,7.1832,7721
2025-08-19 11:00:00,7.18261,7.18381,7.18226,7.18297,7975.0,7.1831,7975
2025-08-19 12:00:00,7.18305,7.1841,7.1827,7.18361,10867.0,7.1833,10867
2025-08-19 13:00:00,7.18361,7.18623,7.183,7.18501,13693.0,7.1849,13693
2025-08-19 14:00:00,7.18505,7.18583,7.1837,7.18534,14340.0,7.1848,14340
2025-08-19 15:00:00,7.18536,7.18682,7.1848,7.1864,12252.0,7.1859,12252
2025-08-19 16:00:00,7.18646,7.18762,7.1858,7.18746,9400.0,7.1866,9400
2025-08-19 17:00:00,7.18748,7.18785,7.1863,7.18734,8286.0,7.1874,8286
2025-08-19 18:00:00,7.18739,7.18873,7.1871,7.18763,6861.0,7.188,6861
2025-08-19 19:00:00,7.18763,7.18826,7.1868,7.18772,6868.0,7.1878,6868
2025-08-19 20:00:00,7.18772,7.18861,7.1869,7.18825,4468.0,7.1878,4468
2025-08-19 21:00:00,7.18825,7.18825,7.18593,7.1877,961.0,7.1874,961
2025-08-19 22:00:00,7.18709,7.18829,7.1869,7.18741,2095.0,7.1876,2095
2025-08-19 23:00:00,7.18736,7.18816,7.18641,7.18771,4134.0,7.1877,4134
2025-08-20 00:00:00,7.18746,7.18924,7.18698,7.18861,4642.0,7.1882,4642
2025-08-20 01:00:00,7.18868,7.19171,7.18812,7.19058,11880.0,7.1898,11880
2025-08-20 02:00:00,7.19046,7.19314,7.19032,7.19128,13539.0,7.1915,13539
2025-08-20 03:00:00,7.19129,7.19129,7.18793,7.18925,9246.0,7.1894,9246
2025-08-20 04:00:00,7.18923,7.18935,7.1878,7.1887,5328.0,7.1887,5328
2025-08-20 05:00:00,7.18868,7.18943,7.18709,7.18715,9257.0,7.1885,9257
2025-08-20 06:00:00,7.1872,7.18794,7.18394,7.18485,13241.0,7.1865,13241
2025-08-20 07:00:00,7.18489,7.18508,7.1796,7.18013,14750.0,7.1825,14750
2025-08-20 08:00:00,7.18007,7.18319,7.1793,7.18212,11398.0,7.1817,11398
2025-08-20 09:00:00,7.18222,7.18263,7.17931,7.17992,8855.0,7.1812,8855
2025-08-20 10:00:00,7.18004,7.18113,7.1792,7.18065,9760.0,7.1803,9760
2025-08-20 11:00:00,7.18055,7.18209,7.18044,7.18082,8670.0,7.1812,8670
2025-08-20 12:00:00,7.18082,7.18115,7.17807,7.17861,13426.0,7.1795,13426
2025-08-20 13:00:00,7.17868,7.18188,7.1779,7.18129,14801.0,7.1799,14801
2025-08-20 14:00:00,7.18128,7.1868,7.17909,7.18042,14920.0,7.1808,14920
2025-08-20 15:00:00,7.18037,7.18133,7.179,7.18078,11438.0,7.1803,11438
2025-08-20 16:00:00,7.18089,7.18189,7.1797,7.18067,8079.0,7.1808,8079
2025-08-20 17:00:00,7.18069,7.18096,7.17911,7.17941,7360.0,7.1802,7360
2025-08-20 18:00:00,7.17933,7.18155,7.17929,7.18121,8138.0,7.1809,8138
2025-08-20 19:00:00,7.18135,7.18143,7.1801,7.18087,5533.0,7.1809,5533
2025-08-20 20:00:00,7.18089,7.18229,7.18056,7.18196,3299.0,7.1817,3299
2025-08-20 21:00:00,7.18196,7.18209,7.1794,7.18051,1211.0,7.1809,1211
2025-08-20 22:00:00,7.18097,7.18204,7.17964,7.18173,1660.0,7.1809,1660
2025-08-20 23:00:00,7.18173,7.18212,7.18041,7.18087,2954.0,7.1815,2954
2025-08-21 00:00:00,7.1808,7.18326,7.18049,7.18253,3912.0,7.182,3912
2025-08-21 01:00:00,7.1826,7.18422,7.17135,7.17531,13246.0,7.1771,13246
2025-08-21 02:00:00,7.17531,7.17701,7.1742,7.17594,11497.0,7.1758,11497
2025-08-21 03:00:00,7.17606,7.1776,7.17479,7.17638,8177.0,7.1764,8177
2025-08-21 04:00:00,7.17638,7.17697,7.1748,7.17657,4863.0,7.1761,4863
2025-08-21 05:00:00,7.17655,7.17781,7.1757,7.17695,8991.0,7.1769,8991
2025-08-21 06:00:00,7.17688,7.18191,7.17588,7.18116,13593.0,7.1794,13593
2025-08-21 07:00:00,7.18115,7.18283,7.17945,7.18089,13467.0,7.1811,13467
2025-08-21 08:00:00,7.18076,7.18252,7.1801,7.18032,10844.0,7.1811,10844
2025-08-21 09:00:00,7.18032,7.18183,7.18003,7.18148,9800.0,7.1811,9800
2025-08-21 10:00:00,7.18158,7.18207,7.18076,7.18143,7622.0,7.1814,7622
2025-08-21 11:00:00,7.18138,7.18167,7.1797,7.18125,8612.0,7.1807,8612
2025-08-21 12:00:00,7.18135,7.18178,7.1791,7.18153,11089.0,7.1808,11089
2025-08-21 13:00:00,7.18164,7.18497,7.1801,7.18424,14109.0,7.1823,14109
2025-08-21 14:00:00,7.18424,7.18543,7.18187,7.1836,15701.0,7.1834,15701
2025-08-21 15:00:00,7.18367,7.18649,7.18234,7.18538,14999.0,7.1845,14999
2025-08-21 16:00:00,7.18544,7.1859,7.1807,7.18385,9472.0,7.1848,9472
2025-08-21 17:00:00,7.18365,7.18428,7.1827,7.18379,8503.0,7.1834,8503
2025-08-21 18:00:00,7.18388,7.18457,7.18305,7.18336,5771.0,7.1839,5771
2025-08-21 19:00:00,7.18335,7.18376,7.1823,7.18336,4771.0,7.1833,4771
2025-08-21 20:00:00,7.18336,7.18437,7.18204,7.18296,3660.0,7.1832,3660
2025-08-21 21:00:00,7.18296,7.18336,7.18085,7.18206,753.0,7.1825,753
2025-08-21 22:00:00,7.18217,7.18378,7.18139,7.18271,1357.0,7.1827,1357
2025-08-21 23:00:00,7.18203,7.18321,7.18125,7.18163,3960.0,7.182,3960
2025-08-22 00:00:00,7.18151,7.18386,7.18148,7.18305,5070.0,7.1828,5070
2025-08-22 01:00:00,7.18309,7.18786,7.18287,7.18621,11242.0,7.1858,11242
2025-08-22 02:00:00,7.18625,7.18724,7.184,7.18616,9880.0,7.1858,9880
2025-08-22 03:00:00,7.18597,7.18811,7.1846,7.18797,9808.0,7.1864,9808
2025-08-22 04:00:00,7.188,7.18979,7.1868,7.1892,6614.0,7.1886,6614
2025-08-22 05:00:00,7.18919,7.18941,7.1862,7.18748,9451.0,7.1883,9451
2025-08-22 06:00:00,7.18755,7.18775,7.18409,7.18459,11875.0,7.186,11875
2025-08-22 07:00:00,7.18469,7.18505,7.182,7.18423,11765.0,7.1835,11765
2025-08-22 08:00:00,7.18425,7.18497,7.18149,7.1818,10022.0,7.1835,10022
2025-08-22 09:00:00,7.18185,7.18434,7.18168,7.18315,8204.0,7.1828,8204
2025-08-22 10:00:00,7.18315,7.18445,7.18251,7.18292,7522.0,7.1836,7522
2025-08-22 11:00:00,7.18297,7.18423,7.1818,7.18355,8660.0,7.1834,8660
2025-08-22 12:00:00,7.18346,7.18509,7.18315,7.18479,9300.0,7.1843,9300
2025-08-22 13:00:00,7.1849,7.18599,7.1832,7.18538,11932.0,7.1845,11932
2025-08-22 14:00:00,7.18535,7.18564,7.17046,7.17132,21550.0,7.1739,21550
2025-08-22 15:00:00,7.17134,7.17189,7.16642,7.16936,18247.0,7.169,18247
2025-08-22 16:00:00,7.16934,7.17552,7.16834,7.17442,13548.0,7.1726,13548
2025-08-22 17:00:00,7.17417,7.17488,7.1704,7.17142,10355.0,7.1727,10355
2025-08-22 18:00:00,7.17151,7.17266,7.1705,7.17209,7531.0,7.1719,7531
2025-08-22 19:00:00,7.17191,7.17267,7.1709,7.17192,5915.0,7.172,5915
2025-08-22 20:00:00,7.17201,7.17304,7.1694,7.17156,3567.0,7.1718,3567
2025-08-24 21:00:00,7.17,7.1704,7.16715,7.16978,221.0,7.1692,221
2025-08-24 22:00:00,7.1698,7.16995,7.1673,7.16981,483.0,7.1692,483
2025-08-24 23:00:00,7.16986,7.17286,7.16952,7.17239,2147.0,7.1714,2147
2025-08-25 00:00:00,7.17215,7.17411,7.16799,7.1694,5346.0,7.1722,5346
2025-08-25 01:00:00,7.16927,7.178,7.16227,7.16802,12814.0,7.1671,12814
2025-08-25 02:00:00,7.168,7.16907,7.16234,7.164,12649.0,7.1648,12649
2025-08-25 03:00:00,7.16404,7.16421,7.15681,7.15738,11279.0,7.1609,11279
2025-08-25 04:00:00,7.15735,7.15979,7.15708,7.15815,7516.0,7.1583,7516
2025-08-25 05:00:00,7.15807,7.16033,7.1567,7.15708,11829.0,7.1589,11829
2025-08-25 06:00:00,7.15705,7.1571,7.1489,7.15271,16247.0,7.1522,16247
2025-08-25 07:00:00,7.15276,7.15463,7.14886,7.15078,13489.0,7.1519,13489
2025-08-25 08:00:00,7.15083,7.15609,7.15002,7.15597,11008.0,7.153,11008
2025-08-25 09:00:00,7.15591,7.15935,7.15458,7.1591,9111.0,7.1567,9111
2025-08-25 10:00:00,7.15908,7.16031,7.15717,7.1592,8920.0,7.1589,8920
2025-08-25 11:00:00,7.15924,7.15969,7.15827,7.15918,8037.0,7.1591,8037
2025-08-25 12:00:00,7.15918,7.15935,7.1555,7.15692,9084.0,7.1578,9084
2025-08-25 13:00:00,7.15699,7.15757,7.15305,7.15324,12448.0,7.1557,12448
2025-08-25 14:00:00,7.15329,7.15397,7.1496,7.15104,13840.0,7.1512,13840
2025-08-25 15:00:00,7.15104,7.15442,7.15047,7.15343,13797.0,7.1524,13797
2025-08-25 16:00:00,7.15352,7.1559,7.1529,7.15527,10019.0,7.1544,10019
2025-08-25 17:00:00,7.1552,7.17,7.15495,7.15755,9202.0,7.1563,9202
2025-08-25 18:00:00,7.15738,7.15868,7.1565,7.15852,9643.0,7.1577,9643
2025-08-25 19:00:00,7.15848,7.16096,7.15832,7.16022,8667.0,7.1601,8667
2025-08-25 20:00:00,7.16037,7.16049,7.1571,7.15836,3829.0,7.1586,3829
2025-08-25 21:00:00,7.15836,7.15892,7.15368,7.15375,1496.0,7.1558,1496
2025-08-25 22:00:00,7.15716,7.15876,7.15365,7.15775,2500.0,7.156,2500
2025-08-25 23:00:00,7.15779,7.15878,7.15507,7.15765,4325.0,7.1569,4325
2025-08-26 00:00:00,7.15775,7.15932,7.14685,7.15035,9480.0,7.1509,9480
2025-08-26 01:00:00,7.15035,7.1584,7.14935,7.15446,15343.0,7.1542,15343
2025-08-26 02:00:00,7.15434,7.15792,7.15361,7.15613,12194.0,7.1557,12194
2025-08-26 03:00:00,7.15608,7.15753,7.15381,7.15531,9747.0,7.1556,9747
2025-08-26 04:00:00,7.15537,7.15608,7.15418,7.1545,7678.0,7.155,7678
2025-08-26 05:00:00,7.15452,7.15567,7.15326,7.15394,10508.0,7.1545,10508
2025-08-26 06:00:00,7.15386,7.15951,7.15373,7.15917,14389.0,7.1565,14389
2025-08-26 07:00:00,7.15914,7.16539,7.15843,7.16379,17171.0,7.1624,17171
2025-08-26 08:00:00,7.16388,7.16459,7.16237,7.16256,13392.0,7.1633,13392
2025-08-26 09:00:00,7.16253,7.16276,7.1607,7.16158,9567.0,7.1618,9567
2025-08-26 10:00:00,7.16155,7.16257,7.1604,7.16126,8200.0,7.1617,8200
2025-08-26 11:00:00,7.16127,7.16153,7.15832,7.15847,9945.0,7.1601,9945
2025-08-26 12:00:00,7.15847,7.1596,7.15679,7.15874,12562.0,7.1584,12562
2025-08-26 13:00:00,7.15893,7.15959,7.1551,7.15542,13988.0,7.1577,13988
2025-08-26 14:00:00,7.15536,7.15807,7.15511,7.15765,15276.0,7.1566,15276
2025-08-26 15:00:00,7.15744,7.15801,7.15346,7.15392,13937.0,7.1558,13937
2025-08-26 16:00:00,7.154,7.1579,7.1528,7.15373,9123.0,7.1537,9123
2025-08-26 17:00:00,7.15373,7.15401,7.1525,7.15337,7171.0,7.1535,7171
2025-08-26 18:00:00,7.15335,7.154,7.15246,7.1528,6849.0,7.1535,6849
2025-08-26 19:00:00,7.15276,7.15407,7.15148,7.15377,5994.0,7.1531,5994
2025-08-26 20:00:00,7.15377,7.15452,7.1522,7.15321,4502.0,7.1537,4502
2025-08-26 21:00:00,7.15321,7.1555,7.15273,7.1543,984.0,7.1538,984
2025-08-26 22:00:00,7.15284,7.15447,7.15265,7.15326,1773.0,7.1535,1773
2025-08-26 23:00:00,7.15363,7.15412,7.1528,7.15338,3710.0,7.1535,3710
2025-08-27 00:00:00,7.15357,7.15553,7.15325,7.15501,3925.0,7.1545,3925
2025-08-27 01:00:00,7.15506,7.15582,7.14531,7.14965,13885.0,7.1502,13885
2025-08-27 02:00:00,7.14976,7.15311,7.14931,7.15272,11192.0,7.1514,11192
2025-08-27 03:00:00,7.15272,7.15567,7.1514,7.15434,7955.0,7.1536,7955
2025-08-27 04:00:00,7.15419,7.15686,7.15357,7.15516,6726.0,7.155,6726
2025-08-27 05:00:00,7.15502,7.15957,7.15482,7.15864,10780.0,7.1569,10780
2025-08-27 06:00:00,7.15864,7.16126,7.15765,7.1587,13178.0,7.1591,13178
2025-08-27 07:00:00,7.15894,7.16182,7.15826,7.16049,14096.0,7.1602,14096
2025-08-27 08:00:00,7.16043,7.16416,7.1594,7.16029,13243.0,7.162,13243
2025-08-27 09:00:00,7.15999,7.16318,7.15986,7.16314,9143.0,7.1612,9143
2025-08-27 10:00:00,7.16316,7.16481,7.16233,7.1645,8900.0,7.1639,8900
2025-08-27 11:00:00,7.16448,7.16542,7.1631,7.1642,8892.0,7.1643,8892
2025-08-27 12:00:00,7.1642,7.1644,7.16232,7.16274,12023.0,7.1634,12023
2025-08-27 13:00:00,7.16295,7.16562,7.1624,7.16368,14186.0,7.1638,14186
2025-08-27 14:00:00,7.16368,7.16401,7.15712,7.15729,14953.0,7.1619,14953
2025-08-27 15:00:00,7.15729,7.15803,7.1539,7.15451,12990.0,7.1553,12990
2025-08-27 16:00:00,7.15448,7.15471,7.1489,7.14999,10866.0,7.1516,10866
2025-08-27 17:00:00,7.14986,7.1537,7.1498,7.15053,9316.0,7.1508,9316
2025-08-27 18:00:00,7.15052,7.15251,7.1498,7.15124,9345.0,7.1513,9345
2025-08-27 19:00:00,7.15132,7.15217,7.1506,7.15115,6228.0,7.1516,6228
2025-08-27 20:00:00,7.15121,7.15233,7.1499,7.15209,4416.0,7.151,4416
2025-08-27 21:00:00,7.15209,7.15397,7.14845,7.15238,8643.0,7.1504,8643
2025-08-27 22:00:00,7.1524,7.15347,7.151,7.15272,1799.0,7.1525,1799
2025-08-27 23:00:00,7.15175,7.15274,7.1489,7.14952,3687.0,7.1506,3687
2025-08-28 00:00:00,7.14948,7.15062,7.14751,7.14966,5922.0,7.1492,5922
2025-08-28 01:00:00,7.14971,7.15359,7.14384,7.15284,13836.0,7.1498,13836
2025-08-28 02:00:00,7.15296,7.15314,7.14604,7.14769,13045.0,7.1503,13045
2025-08-28 03:00:00,7.14768,7.14955,7.14515,7.14908,11501.0,7.1478,11501
2025-08-28 04:00:00,7.14916,7.14943,7.1466,7.14777,6627.0,7.1479,6627
2025-08-28 05:00:00,7.14786,7.15077,7.14677,7.14888,11686.0,7.1486,11686
2025-08-28 06:00:00,7.14899,7.14915,7.13899,7.13997,16149.0,7.1452,16149
2025-08-28 07:00:00,7.13996,7.1408,7.1356,7.1372,16601.0,7.1388,16601
2025-08-28 08:00:00,7.13714,7.13957,7.1297,7.13068,15670.0,7.1352,15670
2025-08-28 09:00:00,7.13064,7.13158,7.1264,7.12799,13139.0,7.1286,13139
2025-08-28 10:00:00,7.12795,7.12854,7.1249,7.12715,11932.0,7.127,11932
2025-08-28 11:00:00,7.12719,7.12892,7.12504,7.12753,11177.0,7.1272,11177
2025-08-28 12:00:00,7.12758,7.12923,7.12483,7.12753,15717.0,7.1271,15717
2025-08-28 13:00:00,7.12739,7.12849,7.12213,7.12267,16463.0,7.1252,16463
2025-08-28 14:00:00,7.12273,7.12398,7.1177,7.12234,15710.0,7.1215,15710
2025-08-28 15:00:00,7.12236,7.12289,7.12056,7.12113,13803.0,7.1215,13803
2025-08-28 16:00:00,7.12117,7.12146,7.11871,7.11895,10075.0,7.12,10075
2025-08-28 17:00:00,7.11891,7.12022,7.1178,7.11995,8789.0,7.119,8789
2025-08-28 18:00:00,7.11991,7.12005,7.1183,7.11894,7310.0,7.1193,7310
2025-08-28 19:00:00,7.11892,7.12139,7.11868,7.12089,6177.0,7.1205,6177
2025-08-28 20:00:00,7.12095,7.12162,7.11872,7.12033,2992.0,7.121,2992
2025-08-28 21:00:00,7.12033,7.12078,7.11765,7.12018,1109.0,7.1188,1109
2025-08-28 22:00:00,7.11827,7.12065,7.11765,7.11941,1461.0,7.1194,1461
2025-08-28 23:00:00,7.11889,7.12106,7.11828,7.1198,3941.0,7.1194,3941
2025-08-29 00:00:00,7.11971,7.12033,7.11548,7.11764,6109.0,7.1185,6109
2025-08-29 01:00:00,7.11775,7.12926,7.11701,7.12164,15257.0,7.1237,15257
2025-08-29 02:00:00,7.12164,7.12791,7.12122,7.12433,13229.0,7.1243,13229
2025-08-29 03:00:00,7.12443,7.12714,7.12323,7.12438,9507.0,7.125,9507
2025-08-29 04:00:00,7.12449,7.12544,7.12346,7.12351,5835.0,7.1245,5835
2025-08-29 05:00:00,7.12346,7.12762,7.1232,7.12604,10483.0,7.1253,10483
2025-08-29 06:00:00,7.1261,7.13103,7.12527,7.12904,13675.0,7.1278,13675
2025-08-29 07:00:00,7.12915,7.1318,7.12524,7.12615,13527.0,7.129,13527
2025-08-29 08:00:00,7.12618,7.12923,7.126,7.1277,12725.0,7.1276,12725
2025-08-29 09:00:00,7.1276,7.13119,7.1266,7.13006,10544.0,7.129,10544
2025-08-29 10:00:00,7.13013,7.13195,7.1288,7.1313,8967.0,7.1302,8967
2025-08-29 11:00:00,7.13131,7.13186,7.1301,7.13111,8196.0,7.1311,8196
2025-08-29 12:00:00,7.13109,7.13119,7.12772,7.12922,12706.0,7.1297,12706
2025-08-29 13:00:00,7.12918,7.12928,7.1236,7.12423,14629.0,7.1268,14629
2025-08-29 14:00:00,7.12425,7.12483,7.1213,7.12264,17272.0,7.123,17272
2025-08-29 15:00:00,7.12269,7.1537,7.12094,7.12158,13440.0,7.1223,13440
2025-08-29 16:00:00,7.1216,7.12246,7.1204,7.12128,10747.0,7.1215,10747
2025-08-29 17:00:00,7.12123,7.12229,7.1209,7.12199,7624.0,7.1217,7624
2025-08-29 18:00:00,7.12193,7.12251,7.12091,7.1212,6223.0,7.1218,6223
2025-08-29 19:00:00,7.12119,7.12171,7.1205,7.12148,5863.0,7.1212,5863
2025-08-29 20:00:00,7.1214,7.12268,7.12035,7.12218,4507.0,7.1213,4507
2025-08-31 21:00:00,7.12051,7.1206,7.11951,7.12049,454.0,7.1203,454
2025-08-31 22:00:00,7.12011,7.12119,7.12008,7.1211,153.0,7.1209,153
2025-08-31 23:00:00,7.12112,7.12263,7.12098,7.1217,2382.0,7.1217,2382
2025-09-01 00:00:00,7.12175,7.12313,7.12129,7.12232,4808.0,7.1219,4808
2025-09-01 01:00:00,7.12238,7.12951,7.122,7.12463,14270.0,7.1259,14270
2025-09-01 02:00:00,7.12448,7.12956,7.124,7.1273,14420.0,7.1269,14420
2025-09-01 03:00:00,7.12737,7.12871,7.12568,7.12658,9645.0,7.127,9645
2025-09-01 04:00:00,7.12648,7.12809,7.12608,7.12768,5268.0,7.1273,5268
2025-09-01 05:00:00,7.12781,7.12813,7.12573,7.1263,9714.0,7.127,9714
2025-09-01 06:00:00,7.12641,7.12689,7.12396,7.12689,12724.0,7.1257,12724
2025-09-01 07:00:00,7.12687,7.12984,7.12644,7.12851,12202.0,7.1285,12202
2025-09-01 08:00:00,7.12851,7.13112,7.1278,7.12973,10937.0,7.1293,10937
2025-09-01 09:00:00,7.1298,7.13217,7.1286,7.13194,8956.0,7.1303,8956
2025-09-01 10:00:00,7.13194,7.13219,7.1306,7.13163,7495.0,7.1316,7495
2025-09-01 11:00:00,7.13169,7.13211,7.1305,7.13207,8620.0,7.1314,8620
2025-09-01 12:00:00,7.13201,7.13342,7.1313,7.13268,8674.0,7.1328,8674
2025-09-01 13:00:00,7.13268,7.13547,7.13239,7.13493,9897.0,7.1338,9897
2025-09-01 14:00:00,7.13489,7.13538,7.1331,7.13431,9621.0,7.1344,9621
2025-09-01 15:00:00,7.13429,7.13625,7.1337,7.13586,7098.0,7.1354,7098
2025-09-01 16:00:00,7.13586,7.13654,7.1346,7.13521,5243.0,7.1359,5243
2025-09-01 17:00:00,7.13512,7.13586,7.1347,7.13559,3336.0,7.1355,3336
2025-09-01 18:00:00,7.13531,7.13572,7.1342,7.13558,3388.0,7.1352,3388
2025-09-01 19:00:00,7.13544,7.13578,7.1341,7.1348,2867.0,7.1352,2867
2025-09-01 20:00:00,7.1348,7.13534,7.1338,7.1352,2183.0,7.1347,2183
2025-09-01 21:00:00,7.1352,7.1352,7.12965,7.13023,858.0,7.132,858
2025-09-01 22:00:00,7.13002,7.13355,7.12985,7.13218,1418.0,7.1324,1418
2025-09-01 23:00:00,7.13218,7.13363,7.13193,7.13312,3805.0,7.1326,3805
2025-09-02 00:00:00,7.13298,7.13483,7.1317,7.13341,6241.0,7.1336,6241
2025-09-02 01:00:00,7.13351,7.13896,7.1327,7.13679,14204.0,7.1357,14204
2025-09-02 02:00:00,7.13679,7.14361,7.13655,7.14279,14434.0,7.1395,14434
2025-09-02 03:00:00,7.14286,7.14323,7.14032,7.14185,9303.0,7.1418,9303
2025-09-02 04:00:00,7.14172,7.14276,7.141,7.14201,6805.0,7.142,6805
2025-09-02 05:00:00,7.14209,7.14257,7.1392,7.14108,10666.0,7.1412,10666
2025-09-02 06:00:00,7.14117,7.14319,7.1398,7.14093,12816.0,7.1413,12816
2025-09-02 07:00:00,7.14095,7.14846,7.14007,7.1479,18939.0,7.1444,18939
2025-09-02 08:00:00,7.14789,7.14911,7.14433,7.14643,16308.0,7.1468,16308
2025-09-02 09:00:00,7.14647,7.14809,7.144,7.1443,12979.0,7.1464,12979
2025-09-02 10:00:00,7.1443,7.14575,7.14153,7.142,11637.0,7.1432,11637
2025-09-02 11:00:00,7.14191,7.14301,7.14098,7.14161,12283.0,7.1418,12283
2025-09-02 12:00:00,7.14172,7.14851,7.14109,7.14703,16705.0,7.1446,16705
2025-09-02 13:00:00,7.147,7.14771,7.14067,7.14091,17142.0,7.1433,17142
2025-09-02 14:00:00,7.14132,7.14138,7.1373,7.13845,18495.0,7.1392,18495
2025-09-02 15:00:00,7.13834,7.14091,7.1374,7.13946,15780.0,7.1392,15780
2025-09-02 16:00:00,7.13934,7.14046,7.1219,7.13982,12179.0,7.1396,12179
2025-09-02 17:00:00,7.13985,7.14024,7.1378,7.13905,8538.0,7.1392,8538
2025-09-02 18:00:00,7.13858,7.14084,7.1385,7.14027,8543.0,7.1397,8543
2025-09-02 19:00:00,7.14022,7.14029,7.13787,7.13827,8057.0,7.1387,8057
2025-09-02 20:00:00,7.13821,7.13895,7.1374,7.13843,4533.0,7.1383,4533
2025-09-02 21:00:00,7.13843,7.13884,7.13551,7.13794,969.0,7.138,969
2025-09-02 22:00:00,7.13722,7.13878,7.1369,7.1374,1808.0,7.1376,1808
2025-09-02 23:00:00,7.13777,7.13868,7.13709,7.13821,3981.0,7.1377,3981
2025-09-03 00:00:00,7.13825,7.14087,7.1377,7.14016,6811.0,7.1399,6811
2025-09-03 01:00:00,7.14021,7.14146,7.1351,7.13893,13316.0,7.1383,13316
2025-09-03 02:00:00,7.13907,7.1437,7.13837,7.14303,12716.0,7.1409,12716
2025-09-03 03:00:00,7.14302,7.1453,7.14201,7.14431,9266.0,7.1439,9266
2025-09-03 04:00:00,7.14436,7.14549,7.1437,7.14495,6773.0,7.1446,6773
2025-09-03 05:00:00,7.14491,7.14687,7.1441,7.14584,11179.0,7.1454,11179
2025-09-03 06:00:00,7.14576,7.14594,7.1422,7.14549,12862.0,7.1444,12862
2025-09-03 07:00:00,7.14549,7.14886,7.14475,7.14562,15304.0,7.1467,15304
2025-09-03 08:00:00,7.1456,7.14666,7.1436,7.14499,13455.0,7.1454,13455
2025-09-03 09:00:00,7.14504,7.14564,7.14274,7.14485,11369.0,7.1441,11369
2025-09-03 10:00:00,7.14481,7.14707,7.1437,7.14598,9724.0,7.1456,9724
2025-09-03 11:00:00,7.14591,7.14636,7.1442,7.14463,10354.0,7.1453,10354
2025-09-03 12:00:00,7.1446,7.14644,7.1437,7.14488,12004.0,7.1453,12004
2025-09-03 13:00:00,7.1448,7.14582,7.1434,7.14431,15220.0,7.1449,15220
2025-09-03 14:00:00,7.14404,7.14439,7.13781,7.14029,19200.0,7.1395,19200
2025-09-03 15:00:00,7.14029,7.14046,7.1376,7.13979,14858.0,7.1392,14858
2025-09-03 16:00:00,7.13986,7.1415,7.13832,7.13858,9770.0,7.1395,9770
2025-09-03 17:00:00,7.13855,7.14017,7.1376,7.13973,9230.0,7.1389,9230
2025-09-03 18:00:00,7.13967,7.14008,7.13855,7.13951,9321.0,7.1394,9321
2025-09-03 19:00:00,7.13947,7.14055,7.139,7.13978,7662.0,7.1398,7662
2025-09-03 20:00:00,7.13983,7.14083,7.13889,7.13944,5186.0,7.1399,5186
2025-09-03 21:00:00,7.13944,7.14096,7.13585,7.13827,8867.0,7.1378,8867
2025-09-03 22:00:00,7.13937,7.13964,7.13644,7.1382,1747.0,7.1383,1747
2025-09-03 23:00:00,7.13816,7.13999,7.13788,7.13885,4390.0,7.1388,4390
2025-09-04 00:00:00,7.13869,7.14026,7.13756,7.13965,5020.0,7.139,5020
2025-09-04 01:00:00,7.13966,7.1451,7.13596,7.14051,14488.0,7.1402,14488
2025-09-04 02:00:00,7.14055,7.1435,7.13997,7.14221,13249.0,7.1417,13249
2025-09-04 03:00:00,7.14222,7.14273,7.1407,7.14197,9212.0,7.1419,9212
2025-09-04 04:00:00,7.14192,7.14252,7.141,7.14199,7301.0,7.142,7301
2025-09-04 05:00:00,7.14209,7.14303,7.1399,7.14011,13080.0,7.1417,13080
2025-09-04 06:00:00,7.14011,7.14211,7.13914,7.14046,15704.0,7.1405,15704
2025-09-04 07:00:00,7.14046,7.14155,7.13846,7.13856,15143.0,7.1403,15143
2025-09-04 08:00:00,7.13855,7.14023,7.13731,7.13891,13151.0,7.139,13151
2025-09-04 09:00:00,7.13889,7.14073,7.1382,7.14046,11847.0,7.1393,11847
2025-09-04 10:00:00,7.14047,7.14099,7.13846,7.14085,11599.0,7.1398,11599
2025-09-04 11:00:00,7.14086,7.14207,7.1405,7.14139,11725.0,7.1414,11725
2025-09-04 12:00:00,7.14138,7.142,7.13624,7.14046,16501.0,7.1404,16501
2025-09-04 13:00:00,7.14048,7.14207,7.1383,7.14027,17341.0,7.1406,17341
2025-09-04 14:00:00,7.14034,7.14316,7.13899,7.14255,18475.0,7.1421,18475
2025-09-04 15:00:00,7.14233,7.14398,7.14,7.14182,14546.0,7.1422,14546
2025-09-04 16:00:00,7.1418,7.1427,7.13953,7.14001,11364.0,7.1413,11364
2025-09-04 17:00:00,7.13998,7.14103,7.1393,7.14074,10526.0,7.14,10526
2025-09-04 18:00:00,7.14063,7.14086,7.1388,7.13949,9046.0,7.1398,9046
2025-09-04 19:00:00,7.13953,7.13967,7.138,7.13885,7225.0,7.1388,7225
2025-09-04 20:00:00,7.13885,7.14015,7.1357,7.13669,5285.0,7.1381,5285
2025-09-04 21:00:00,7.13669,7.14001,7.13506,7.13643,3369.0,7.1366,3369
2025-09-04 22:00:00,7.13622,7.13892,7.13617,7.13831,1174.0,7.1379,1174
2025-09-04 23:00:00,7.13783,7.13836,7.1348,7.13545,5104.0,7.1364,5104
2025-09-05 00:00:00,7.13553,7.1378,7.13537,7.13622,9701.0,7.1365,9701
2025-09-05 01:00:00,7.13625,7.13864,7.13295,7.13325,14593.0,7.1367,14593
2025-09-05 02:00:00,7.13324,7.13426,7.1312,7.13275,13598.0,7.1327,13598
2025-09-05 03:00:00,7.13277,7.13358,7.13153,7.1319,9546.0,7.1324,9546
2025-09-05 04:00:00,7.13192,7.13238,7.1304,7.13195,7321.0,7.1315,7321
2025-09-05 05:00:00,7.13195,7.13291,7.1311,7.13211,11015.0,7.1321,11015
2025-09-05 06:00:00,7.13215,7.13424,7.13088,7.13404,15143.0,7.1328,15143
2025-09-05 07:00:00,7.13406,7.13501,7.13299,7.13374,14411.0,7.1338,14411
2025-09-05 08:00:00,7.13386,7.13637,7.1328,7.13509,11194.0,7.1353,11194
2025-09-05 09:00:00,7.13508,7.13548,7.1334,7.13524,10959.0,7.1348,10959
2025-09-05 10:00:00,7.13531,7.13612,7.1333,7.13407,10126.0,7.1348,10126
2025-09-05 11:00:00,7.13412,7.13606,7.13323,7.13495,12056.0,7.1343,12056
2025-09-05 12:00:00,7.13493,7.13514,7.1252,7.12702,19451.0,7.1305,19451
2025-09-05 13:00:00,7.12696,7.12918,7.12343,7.12443,21220.0,7.1266,21220
2025-09-05 14:00:00,7.12444,7.12811,7.12275,7.12562,21167.0,7.1257,21167
2025-09-05 15:00:00,7.12562,7.12625,7.1214,7.12229,17721.0,7.1236,17721
2025-09-05 16:00:00,7.12237,7.12378,7.1211,7.12351,15904.0,7.1225,15904
2025-09-05 17:00:00,7.1235,7.12593,7.12315,7.12548,15054.0,7.1247,15054
2025-09-05 18:00:00,7.12547,7.12621,7.1248,7.12554,13495.0,7.1257,13495
2025-09-05 19:00:00,7.12554,7.1261,7.1247,7.12579,13159.0,7.1255,13159
2025-09-05 20:00:00,7.12578,7.12688,7.12383,7.12608,7238.0,7.1258,7238
2025-09-07 21:00:00,7.12618,7.1262,7.12526,7.12587,262.0,7.1257,262
2025-09-07 22:00:00,7.12599,7.12727,7.12554,7.1268,339.0,7.1262,339
2025-09-07 23:00:00,7.12735,7.12868,7.12642,7.12696,4466.0,7.1274,4466
2025-09-08 00:00:00,7.12699,7.12861,7.12661,7.12736,7297.0,7.1276,7297
2025-09-08 01:00:00,7.12749,7.129,7.12401,7.12844,15642.0,7.1267,15642
2025-09-08 02:00:00,7.12848,7.13357,7.12826,7.13204,15254.0,7.1314,15254
2025-09-08 03:00:00,7.13205,7.13318,7.13085,7.13155,11394.0,7.1319,11394
2025-09-08 04:00:00,7.13151,7.13226,7.1306,7.13069,7975.0,7.1314,7975
2025-09-08 05:00:00,7.13065,7.13214,7.1297,7.13045,11798.0,7.131,11798
2025-09-08 06:00:00,7.13061,7.13122,7.12767,7.1284,15844.0,7.1297,15844
2025-09-08 07:00:00,7.12845,7.13004,7.12695,7.12836,16192.0,7.1287,16192
2025-09-08 08:00:00,7.12839,7.12906,7.12603,7.12665,14804.0,7.1275,14804
2025-09-08 09:00:00,7.12659,7.12738,7.1249,7.12646,11168.0,7.1264,11168
2025-09-08 10:00:00,7.12656,7.12794,7.1249,7.1258,11474.0,7.1263,11474
2025-09-08 11:00:00,7.12588,7.1261,7.12406,7.12476,11009.0,7.125,11009
2025-09-08 12:00:00,7.12492,7.12635,7.12314,7.12361,14085.0,7.125,14085
2025-09-08 13:00:00,7.12358,7.12474,7.1217,7.12264,17249.0,7.1229,17249
2025-09-08 14:00:00,7.12266,7.12459,7.1211,7.1242,16691.0,7.1231,16691
2025-09-08 15:00:00,7.12431,7.12447,7.1217,7.12251,14454.0,7.1229,14454
2025-09-08 16:00:00,7.1225,7.1257,7.12221,7.12394,10974.0,7.1235,10974
2025-09-08 17:00:00,7.12398,7.12434,7.1227,7.12356,8841.0,7.1238,8841
2025-09-08 18:00:00,7.12355,7.12397,7.1217,7.1221,8824.0,7.1228,8824
2025-09-08 19:00:00,7.12211,7.12252,7.1211,7.12178,8705.0,7.1219,8705
2025-09-08 20:00:00,7.12181,7.12359,7.1209,7.12186,6069.0,7.1219,6069
2025-09-08 21:00:00,7.12186,7.12284,7.12025,7.12236,1278.0,7.1217,1278
2025-09-08 22:00:00,7.12105,7.12362,7.12039,7.12248,1411.0,7.1219,1411
2025-09-08 23:00:00,7.12107,7.12378,7.12012,7.12218,3856.0,7.1215,3856
2025-09-09 00:00:00,7.12223,7.12274,7.11946,7.1199,6375.0,7.1207,6375
2025-09-09 01:00:00,7.11998,7.12251,7.11662,7.1182,14929.0,7.1192,14929
2025-09-09 02:00:00,7.11829,7.11951,7.11689,7.1191,13848.0,7.1183,13848
2025-09-09 03:00:00,7.1191,7.12137,7.1185,7.12087,10704.0,7.1204,10704
2025-09-09 04:00:00,7.12076,7.12094,7.1184,7.11942,7603.0,7.1199,7603
2025-09-09 05:00:00,7.11941,7.12027,7.11749,7.11869,12228.0,7.1191,12228
2025-09-09 06:00:00,7.11868,7.12339,7.11827,7.12202,16034.0,7.1212,16034
2025-09-09 07:00:00,7.12196,7.12489,7.1199,7.12275,16385.0,7.1226,16385
2025-09-09 08:00:00,7.12277,7.12413,7.11853,7.11879,17789.0,7.1218,17789
2025-09-09 09:00:00,7.11876,7.11882,7.1136,7.11608,15756.0,7.1159,15756
2025-09-09 10:00:00,7.11614,7.11658,7.1129,7.11384,11616.0,7.1147,11616
2025-09-09 11:00:00,7.11384,7.11674,7.1128,7.11639,11466.0,7.1148,11466
2025-09-09 12:00:00,7.11623,7.11921,7.1158,7.11812,15223.0,7.1177,15223
2025-09-09 13:00:00,7.11807,7.11861,7.11451,7.11542,16701.0,7.1166,16701
2025-09-09 14:00:00,7.11466,7.12183,7.11244,7.12047,20543.0,7.1186,20543
2025-09-09 15:00:00,7.12036,7.12284,7.1197,7.12152,15602.0,7.1212,15602
2025-09-09 16:00:00,7.12152,7.1245,7.12049,7.12158,11058.0,7.1212,11058
2025-09-09 17:00:00,7.12155,7.12244,7.12044,7.12191,10571.0,7.1216,10571
2025-09-09 18:00:00,7.12185,7.12339,7.1208,7.12322,9510.0,7.1223,9510
2025-09-09 19:00:00,7.12322,7.12373,7.1223,7.12343,8885.0,7.1232,8885
2025-09-09 20:00:00,7.12343,7.12405,7.1224,7.12391,5454.0,7.1233,5454
2025-09-09 21:00:00,7.12391,7.12472,7.12038,7.12335,1019.0,7.1229,1019
2025-09-09 22:00:00,7.12187,7.12357,7.12165,7.12336,1260.0,7.1226,1260
2025-09-09 23:00:00,7.12265,7.12461,7.12206,7.12315,2974.0,7.1236,2974
2025-09-10 00:00:00,7.12319,7.12551,7.12161,7.12545,4694.0,7.1242,4694
2025-09-10 01:00:00,7.12517,7.12857,7.12218,7.12319,15697.0,7.1258,15697
2025-09-10 02:00:00,7.12323,7.12501,7.1214,7.12275,13371.0,7.1234,13371
2025-09-10 03:00:00,7.12289,7.12311,7.12096,7.12187,9442.0,7.1222,9442
2025-09-10 04:00:00,7.12183,7.12214,7.12041,7.12089,7284.0,7.1215,7284
2025-09-10 05:00:00,7.12082,7.12153,7.11921,7.11962,11430.0,7.1206,11430
2025-09-10 06:00:00,7.11957,7.11994,7.113,7.11788,17567.0,7.1172,17567
2025-09-10 07:00:00,7.11789,7.11975,7.1166,7.11841,14387.0,7.1178,14387
2025-09-10 08:00:00,7.11843,7.11994,7.11777,7.11811,13511.0,7.1187,13511
2025-09-10 09:00:00,7.1181,7.11908,7.1167,7.11882,12499.0,7.1177,12499
2025-09-10 10:00:00,7.11882,7.12071,7.11775,7.12058,11631.0,7.1191,11631
2025-09-10 11:00:00,7.12058,7.12175,7.1194,7.12052,11765.0,7.1206,11765
2025-09-10 12:00:00,7.12055,7.12235,7.11518,7.12084,17381.0,7.1205,17381
2025-09-10 13:00:00,7.12081,7.1215,7.1173,7.11814,18589.0,7.119,18589
2025-09-10 14:00:00,7.11804,7.11894,7.1139,7.11643,17693.0,7.1168,17693
2025-09-10 15:00:00,7.11649,7.11859,7.11577,7.11754,13878.0,7.1171,13878
2025-09-10 16:00:00,7.11753,7.11986,7.1172,7.11932,10154.0,7.1183,10154
2025-09-10 17:00:00,7.11924,7.11982,7.118,7.11934,10778.0,7.1191,10778
2025-09-10 18:00:00,7.11947,7.122,7.1181,7.11947,9744.0,7.1192,9744
2025-09-10 19:00:00,7.11949,7.12096,7.1193,7.1202,9878.0,7.1202,9878
2025-09-10 20:00:00,7.12027,7.12063,7.11876,7.11986,3960.0,7.1201,3960
2025-09-10 21:00:00,7.11986,7.12009,7.11395,7.1183,2348.0,7.1157,2348
2025-09-10 22:00:00,7.11405,7.11886,7.11375,7.11741,1984.0,7.1167,1984
2025-09-10 23:00:00,7.11687,7.11931,7.11444,7.11775,4420.0,7.117,4420
2025-09-11 00:00:00,7.11791,7.11927,7.1169,7.11784,6624.0,7.118,6624
2025-09-11 01:00:00,7.11789,7.1185,7.11412,7.11689,13863.0,7.1165,13863
2025-09-11 02:00:00,7.11692,7.12115,7.11629,7.11951,13014.0,7.1193,13014
2025-09-11 03:00:00,7.11959,7.11969,7.1173,7.11907,10574.0,7.1188,10574
2025-09-11 04:00:00,7.11922,7.1199,7.1174,7.11821,6998.0,7.1187,6998
2025-09-11 05:00:00,7.1182,7.11947,7.11675,7.11889,12885.0,7.1186,12885
2025-09-11 06:00:00,7.11886,7.12087,7.1169,7.11949,15499.0,7.1196,15499
2025-09-11 07:00:00,7.11955,7.12238,7.11895,7.12135,15621.0,7.1211,15621
2025-09-11 08:00:00,7.1213,7.12312,7.1205,7.122,13670.0,7.122,13670
2025-09-11 09:00:00,7.12203,7.12485,7.12191,7.12303,12983.0,7.1237,12983
2025-09-11 10:00:00,7.12302,7.12385,7.12196,7.12355,11414.0,7.1229,11414
2025-09-11 11:00:00,7.12358,7.12409,7.1222,7.1233,11484.0,7.1233,11484
2025-09-11 12:00:00,7.12332,7.12602,7.11591,7.11864,18836.0,7.1215,18836
2025-09-11 13:00:00,7.11866,7.11886,7.11506,7.11535,19173.0,7.1171,19173
2025-09-11 14:00:00,7.11523,7.11768,7.11393,7.11713,16753.0,7.1156,16753
2025-09-11 15:00:00,7.11702,7.11751,7.1141,7.11521,15608.0,7.1158,15608
2025-09-11 16:00:00,7.11523,7.11537,7.1131,7.11389,12276.0,7.1141,12276
2025-09-11 17:00:00,7.11401,7.12,7.1134,7.1152,12205.0,7.1143,12205
2025-09-11 18:00:00,7.11518,7.11525,7.1132,7.11424,10326.0,7.1145,10326
2025-09-11 19:00:00,7.11416,7.11509,7.1133,7.11447,10573.0,7.1143,10573
2025-09-11 20:00:00,7.11435,7.11489,7.11166,7.11201,6924.0,7.113,6924
2025-09-11 21:00:00,7.11201,7.11664,7.11175,7.11427,2206.0,7.1132,2206
2025-09-11 22:00:00,7.11304,7.11509,7.11234,7.11371,1967.0,7.1137,1967
2025-09-11 23:00:00,7.11384,7.11524,7.11295,7.11341,4672.0,7.114,4672
2025-09-12 00:00:00,7.11335,7.11485,7.11216,7.11409,5197.0,7.1136,5197
2025-09-12 01:00:00,7.11419,7.11813,7.1131,7.11635,13472.0,7.116,13472
2025-09-12 02:00:00,7.11635,7.11811,7.11619,7.11729,10382.0,7.1172,10382
2025-09-12 03:00:00,7.11734,7.11958,7.11714,7.11873,9595.0,7.1184,9595
2025-09-12 04:00:00,7.11892,7.11943,7.1169,7.1176,7798.0,7.1183,7798
2025-09-12 05:00:00,7.11771,7.118,7.1161,7.11738,11150.0,7.1173,11150
2025-09-12 06:00:00,7.11728,7.11962,7.117,7.11742,14662.0,7.1182,14662
2025-09-12 07:00:00,7.11746,7.11903,7.11599,7.11857,14704.0,7.1178,14704
2025-09-12 08:00:00,7.11857,7.12421,7.11857,7.123,15928.0,7.1216,15928
2025-09-12 09:00:00,7.12299,7.12418,7.1217,7.12298,12790.0,7.1231,12790
2025-09-12 10:00:00,7.12297,7.12318,7.12083,7.12126,10913.0,7.1223,10913
2025-09-12 11:00:00,7.12129,7.12472,7.12092,7.1244,11493.0,7.1229,11493
2025-09-12 12:00:00,7.12425,7.12973,7.12415,7.12668,15794.0,7.1266,15794
2025-09-12 13:00:00,7.12658,7.127,7.1248,7.12558,15106.0,7.1259,15106
2025-09-12 14:00:00,7.12559,7.12655,7.1227,7.12564,16890.0,7.1247,16890
2025-09-12 15:00:00,7.12571,7.12809,7.12538,7.12791,13434.0,7.1269,13434
2025-09-12 16:00:00,7.12786,7.12842,7.1138,7.12543,11285.0,7.127,11285
2025-09-12 17:00:00,7.12546,7.12563,7.1238,7.12511,10612.0,7.1247,10612
2025-09-12 18:00:00,7.12516,7.12559,7.12398,7.12431,9184.0,7.1249,9184
2025-09-12 19:00:00,7.12427,7.12459,7.1231,7.12403,7747.0,7.1241,7747
2025-09-12 20:00:00,7.12403,7.12534,7.12244,7.12448,4868.0,7.1245,4868
2025-09-14 21:00:00,7.11906,7.11936,7.11287,7.11927,349.0,7.119,349
2025-09-14 22:00:00,7.11927,7.12496,7.11851,7.12387,477.0,7.1218,477
2025-09-14 23:00:00,7.12388,7.1268,7.12339,7.12397,2077.0,7.1246,2077
2025-09-15 00:00:00,7.12405,7.12598,7.119,7.12312,5059.0,7.1237,5059
2025-09-15 01:00:00,7.12312,7.12421,7.12125,7.122,13901.0,7.1228,13901
2025-09-15 02:00:00,7.12204,7.12377,7.119,7.12129,11994.0,7.1223,11994
2025-09-15 03:00:00,7.12138,7.1216,7.11948,7.12073,9328.0,7.1204,9328
2025-09-15 04:00:00,7.12062,7.12129,7.12029,7.1205,5959.0,7.1206,5959
2025-09-15 05:00:00,7.12064,7.12304,7.12049,7.1227,8587.0,7.1219,8587
2025-09-15 06:00:00,7.12277,7.12635,7.1222,7.12462,13904.0,7.1248,13904
2025-09-15 07:00:00,7.12467,7.12524,7.12149,7.12372,15791.0,7.1231,15791
2025-09-15 08:00:00,7.12359,7.12484,7.12222,7.12412,12429.0,7.1238,12429
2025-09-15 09:00:00,7.1241,7.12465,7.12199,7.12243,10072.0,7.1235,10072
2025-09-15 10:00:00,7.12243,7.12322,7.12097,7.12305,10006.0,7.1225,10006
2025-09-15 11:00:00,7.12306,7.1241,7.1222,7.12325,9659.0,7.1233,9659
2025-09-15 12:00:00,7.12325,7.12375,7.11851,7.1186,14198.0,7.1204,14198
2025-09-15 13:00:00,7.1186,7.12227,7.11816,7.12091,14918.0,7.1206,14918
2025-09-15 14:00:00,7.12086,7.12329,7.1185,7.11941,14888.0,7.1213,14888
2025-09-15 15:00:00,7.11942,7.11993,7.11668,7.1172,12828.0,7.1185,12828
2025-09-15 16:00:00,7.11718,7.11981,7.1168,7.11914,11234.0,7.1187,11234
2025-09-15 17:00:00,7.11924,7.11977,7.1173,7.11807,9628.0,7.1189,9628
2025-09-15 18:00:00,7.11806,7.11928,7.1177,7.11861,8435.0,7.1185,8435
2025-09-15 19:00:00,7.11866,7.11918,7.1175,7.1186,6957.0,7.1186,6957
2025-09-15 20:00:00,7.11849,7.11925,7.1177,7.11887,4108.0,7.1186,4108
2025-09-15 21:00:00,7.11887,7.11936,7.11655,7.11821,798.0,7.1179,798
2025-09-15 22:00:00,7.11732,7.11866,7.11717,7.11833,1140.0,7.118,1140
2025-09-15 23:00:00,7.11785,7.11873,7.1171,7.11825,2282.0,7.1179,2282
2025-09-16 00:00:00,7.11843,7.11955,7.1177,7.11872,5890.0,7.1186,5890
2025-09-16 01:00:00,7.11859,7.11991,7.11528,7.11787,14142.0,7.118,14142
2025-09-16 02:00:00,7.11792,7.11808,7.11557,7.11632,13779.0,7.1167,13779
2025-09-16 03:00:00,7.11623,7.11671,7.11159,7.11435,12066.0,7.1139,12066
2025-09-16 04:00:00,7.1143,7.11511,7.1127,7.11362,8250.0,7.1137,8250
2025-09-16 05:00:00,7.11362,7.11484,7.1121,7.11281,9967.0,7.1136,9967
2025-09-16 06:00:00,7.11285,7.11366,7.10881,7.11127,16338.0,7.1116,16338
2025-09-16 07:00:00,7.1112,7.11335,7.10966,7.11123,15687.0,7.1114,15687
2025-09-16 08:00:00,7.11126,7.11369,7.1102,7.11277,14217.0,7.1121,14217
2025-09-16 09:00:00,7.11276,7.11281,7.1091,7.11069,13916.0,7.1104,13916
2025-09-16 10:00:00,7.1107,7.11273,7.1103,7.11241,12050.0,7.1115,12050
2025-09-16 11:00:00,7.11243,7.11316,7.1094,7.1104,12110.0,7.112,12110
2025-09-16 12:00:00,7.1105,7.11352,7.10963,7.11159,16117.0,7.1115,16117
2025-09-16 13:00:00,7.11159,7.11172,7.10768,7.10812,17633.0,7.1095,17633
2025-09-16 14:00:00,7.10812,7.1087,7.1056,7.10648,18747.0,7.107,18747
2025-09-16 15:00:00,7.10631,7.10904,7.1061,7.1069,14062.0,7.1076,14062
2025-09-16 16:00:00,7.10691,7.10704,7.1044,7.10521,12246.0,7.1056,12246
2025-09-16 17:00:00,7.10514,7.10618,7.1032,7.10448,11585.0,7.1048,11585
2025-09-16 18:00:00,7.10458,7.10461,7.1028,7.10356,10538.0,7.1038,10538
2025-09-16 19:00:00,7.10366,7.10479,7.1029,7.10407,8971.0,7.104,8971
2025-09-16 20:00:00,7.10405,7.10451,7.10277,7.10428,5554.0,7.1037,5554
2025-09-16 21:00:00,7.10428,7.10516,7.1029,7.10359,622.0,7.1044,622
2025-09-16 22:00:00,7.10384,7.10509,7.10303,7.10367,706.0,7.1043,706
2025-09-16 23:00:00,7.10427,7.10534,7.1018,7.10276,2464.0,7.1035,2464
2025-09-17 00:00:00,7.10238,7.1054,7.10028,7.10432,6092.0,7.1028,6092
2025-09-17 01:00:00,7.10451,7.10781,7.10286,7.10428,14021.0,7.105,14021
2025-09-17 02:00:00,7.10419,7.10571,7.10019,7.10254,13674.0,7.1038,13674
2025-09-17 03:00:00,7.10265,7.104,7.10153,7.10344,9404.0,7.1029,9404
2025-09-17 04:00:00,7.1035,7.10399,7.1024,7.10266,5435.0,7.1033,5435
2025-09-17 05:00:00,7.10268,7.10349,7.10159,7.10162,10543.0,7.1027,10543
2025-09-17 06:00:00,7.10162,7.10479,7.1016,7.10417,13757.0,7.1037,13757
2025-09-17 07:00:00,7.10418,7.10638,7.1035,7.10538,13474.0,7.1051,13474
2025-09-17 08:00:00,7.10545,7.10605,7.1019,7.10268,12970.0,7.1037,12970
2025-09-17 09:00:00,7.10277,7.10313,7.09736,7.09913,12247.0,7.1005,12247
2025-09-17 10:00:00,7.09907,7.09942,7.0958,7.09743,11922.0,7.0978,11922
2025-09-17 11:00:00,7.09741,7.09827,7.096,7.0977,10407.0,7.0974,10407
2025-09-17 12:00:00,7.09777,7.09887,7.09656,7.09734,11954.0,7.0977,11954
2025-09-17 13:00:00,7.09744,7.09911,7.0953,7.09583,14910.0,7.0974,14910
2025-09-17 14:00:00,7.09583,7.09677,7.09354,7.09582,15032.0,7.0953,15032
2025-09-17 15:00:00,7.09595,7.104,7.09301,7.09421,11859.0,7.0945,11859
2025-09-17 16:00:00,7.09422,7.09481,7.0931,7.09425,8701.0,7.0942,8701
2025-09-17 17:00:00,7.09434,7.0954,7.0934,7.09403,9763.0,7.0945,9763
2025-09-17 18:00:00,7.09417,7.10117,7.08469,7.09908,23797.0,7.0918,23797
2025-09-17 19:00:00,7.09899,7.10066,7.09479,7.09958,20277.0,7.0973,20277
2025-09-17 20:00:00,7.09951,7.1024,7.09825,7.10137,8907.0,7.0999,8907
2025-09-17 21:00:00,7.10137,7.10229,7.08065,7.099,2129.0,7.0973,2129
2025-09-17 22:00:00,7.09715,7.10329,7.09715,7.10227,1916.0,7.1003,1916
2025-09-17 23:00:00,7.10133,7.10256,7.09993,7.1,3251.0,7.1013,3251
2025-09-18 00:00:00,7.09993,7.10344,7.09977,7.10222,7127.0,7.1019,7127
2025-09-18 01:00:00,7.10232,7.10872,7.10067,7.10562,17099.0,7.1055,17099
2025-09-18 02:00:00,7.10562,7.10717,7.10192,7.10271,14448.0,7.1045,14448
2025-09-18 03:00:00,7.1028,7.1052,7.10204,7.10469,10149.0,7.104,10149
2025-09-18 04:00:00,7.10473,7.10735,7.1033,7.10652,8973.0,7.1054,8973
2025-09-18 05:00:00,7.10652,7.10903,7.1053,7.10854,12355.0,7.1072,12355
2025-09-18 06:00:00,7.10867,7.10951,7.1055,7.10641,17398.0,7.1077,17398
2025-09-18 07:00:00,7.10652,7.10708,7.10243,7.10368,17088.0,7.1039,17088
2025-09-18 08:00:00,7.10359,7.10573,7.10343,7.10455,14998.0,7.1046,14998
2025-09-18 09:00:00,7.10464,7.10524,7.10163,7.10223,14096.0,7.1034,14096
2025-09-18 10:00:00,7.10227,7.10295,7.0997,7.10051,11222.0,7.1018,11222
2025-09-18 11:00:00,7.10049,7.10251,7.09926,7.10191,13468.0,7.1013,13468
2025-09-18 12:00:00,7.10185,7.10531,7.1009,7.10513,16007.0,7.1033,16007
2025-09-18 13:00:00,7.1053,7.11375,7.10457,7.10981,20375.0,7.1082,20375
2025-09-18 14:00:00,7.10971,7.11373,7.1081,7.11259,20290.0,7.1103,20290
2025-09-18 15:00:00,7.11262,7.11304,7.1099,7.11229,16013.0,7.1117,16013
2025-09-18 16:00:00,7.11225,7.11239,7.1091,7.1102,13447.0,7.1112,13447
2025-09-18 17:00:00,7.11028,7.11067,7.1078,7.10933,11891.0,7.1092,11891
2025-09-18 18:00:00,7.10922,7.1103,7.1081,7.10986,10016.0,7.1094,10016
2025-09-18 19:00:00,7.10982,7.11002,7.10778,7.10882,11870.0,7.1085,11870
2025-09-18 20:00:00,7.1088,7.10922,7.10756,7.10904,5668.0,7.1083,5668
2025-09-18 21:00:00,7.10904,7.11013,7.10227,7.10513,1899.0,7.1053,1899
2025-09-18 22:00:00,7.10386,7.1113,7.10285,7.10848,3000.0,7.1064,3000
2025-09-18 23:00:00,7.10738,7.10914,7.10526,7.10738,4491.0,7.1069,4491
2025-09-19 00:00:00,7.10743,7.11108,7.10602,7.11007,8876.0,7.1092,8876
2025-09-19 01:00:00,7.11011,7.11546,7.1099,7.11412,14157.0,7.1129,14157
2025-09-19 02:00:00,7.11435,7.11574,7.11156,7.1118,12776.0,7.114,12776
2025-09-19 03:00:00,7.11181,7.11238,7.10827,7.11019,12765.0,7.1101,12765
2025-09-19 04:00:00,7.11019,7.11147,7.10777,7.11071,13298.0,7.1097,13298
2025-09-19 05:00:00,7.11063,7.11104,7.1093,7.11059,12730.0,7.1103,12730
2025-09-19 06:00:00,7.11057,7.1132,7.10992,7.11277,17878.0,7.1114,17878
2025-09-19 07:00:00,7.11281,7.11427,7.11064,7.11239,17230.0,7.1122,17230
2025-09-19 08:00:00,7.11235,7.11404,7.111,7.11269,14764.0,7.1127,14764
2025-09-19 09:00:00,7.11277,7.11474,7.1118,7.11463,11591.0,7.1134,11591
2025-09-19 10:00:00,7.11464,7.11535,7.1132,7.11488,10004.0,7.1145,10004
2025-09-19 11:00:00,7.11491,7.11878,7.1144,7.11825,12797.0,7.1164,12797
2025-09-19 12:00:00,7.11825,7.11989,7.11706,7.11921,14851.0,7.1188,14851
2025-09-19 13:00:00,7.11922,7.11939,7.1154,7.11665,16934.0,7.1173,16934
2025-09-19 14:00:00,7.11664,7.11742,7.11465,7.1169,16836.0,7.116,16836
2025-09-19 15:00:00,7.11695,7.1183,7.11529,7.11784,16026.0,7.1171,16026
2025-09-19 16:00:00,7.11782,7.11892,7.11734,7.11745,11019.0,7.1181,11019
2025-09-19 17:00:00,7.11736,7.11861,7.1167,7.11835,9916.0,7.1177,9916
2025-09-19 18:00:00,7.11837,7.11951,7.1179,7.11927,8078.0,7.1189,8078
2025-09-19 19:00:00,7.11925,7.11995,7.1183,7.11975,7089.0,7.1194,7089
2025-09-19 20:00:00,7.11975,7.12021,7.11793,7.11927,7007.0,7.1196,7007
2025-09-21 21:00:00,7.10961,7.11316,7.1072,7.11223,702.0,7.1114,702
2025-09-21 22:00:00,7.11143,7.11751,7.11108,7.1148,1596.0,7.1142,1596
2025-09-21 23:00:00,7.1148,7.1192,7.11283,7.11873,3809.0,7.1166,3809
2025-09-22 00:00:00,7.11876,7.11938,7.11744,7.11787,5303.0,7.1185,5303
2025-09-22 01:00:00,7.11798,7.11838,7.11486,7.11696,14699.0,7.1163,14699
2025-09-22 02:00:00,7.11688,7.11699,7.1138,7.11542,12224.0,7.1155,12224
2025-09-22 03:00:00,7.11537,7.11554,7.11331,7.1144,9323.0,7.1145,9323
2025-09-22 04:00:00,7.11452,7.1153,7.11437,7.11487,6205.0,7.1149,6205
2025-09-22 05:00:00,7.11501,7.11521,7.1135,7.11504,9263.0,7.1145,9263
2025-09-22 06:00:00,7.11515,7.11639,7.1135,7.11608,13747.0,7.1147,13747
2025-09-22 07:00:00,7.11604,7.11876,7.11525,7.11847,15849.0,7.1167,15849
2025-09-22 08:00:00,7.1186,7.11885,7.11608,7.11724,14052.0,7.1172,14052
2025-09-22 09:00:00,7.11725,7.1178,7.1151,7.11621,10859.0,7.1166,10859
2025-09-22 10:00:00,7.11619,7.11639,7.11373,7.11492,9663.0,7.1151,9663
2025-09-22 11:00:00,7.11492,7.11529,7.1124,7.11354,9181.0,7.1145,9181
2025-09-22 12:00:00,7.11364,7.1144,7.1126,7.1136,12698.0,7.1136,12698
2025-09-22 13:00:00,7.11361,7.11701,7.113,7.11566,15488.0,7.1152,15488
2025-09-22 14:00:00,7.1158,7.11856,7.11554,7.1168,14687.0,7.1174,14687
2025-09-22 15:00:00,7.11679,7.11821,7.1099,7.11791,12423.0,7.117,12423
2025-09-22 16:00:00,7.11785,7.11824,7.1156,7.11652,11131.0,7.1167,11131
2025-09-22 17:00:00,7.11649,7.11656,7.1147,7.11575,8296.0,7.1158,8296
2025-09-22 18:00:00,7.11578,7.11709,7.1151,7.11702,8561.0,7.1165,8561
2025-09-22 19:00:00,7.11704,7.11724,7.11507,7.11543,7633.0,7.1162,7633
2025-09-22 20:00:00,7.11544,7.11652,7.1146,7.11541,4873.0,7.1156,4873
2025-09-22 21:00:00,7.11541,7.11661,7.11424,7.11638,1004.0,7.1157,1004
2025-09-22 22:00:00,7.11498,7.11687,7.11475,7.11676,1575.0,7.1158,1575
2025-09-22 23:00:00,7.11594,7.11687,7.1146,7.11491,3780.0,7.1157,3780
2025-09-23 00:00:00,7.11516,7.11639,7.1141,7.11503,4302.0,7.1153,4302
2025-09-23 01:00:00,7.11505,7.11667,7.11289,7.11505,14067.0,7.1149,14067
2025-09-23 02:00:00,7.11505,7.1178,7.11434,7.11656,14179.0,7.1165,14179
2025-09-23 03:00:00,7.11657,7.11824,7.1157,7.11627,10073.0,7.1171,10073
2025-09-23 04:00:00,7.11622,7.11679,7.1151,7.11644,6811.0,7.1163,6811
2025-09-23 05:00:00,7.11647,7.11765,7.1142,7.11746,10428.0,7.1158,10428
2025-09-23 06:00:00,7.11743,7.11772,7.11524,7.11622,13998.0,7.1165,13998
2025-09-23 07:00:00,7.11622,7.11874,7.11569,7.11761,16393.0,7.1175,16393
2025-09-23 08:00:00,7.11758,7.11784,7.114,7.11472,13996.0,7.1156,13996
2025-09-23 09:00:00,7.11472,7.11498,7.11178,7.11268,11904.0,7.113,11904
2025-09-23 10:00:00,7.11267,7.11467,7.11136,7.11431,11126.0,7.1135,11126
2025-09-23 11:00:00,7.1143,7.11507,7.1129,7.11404,9777.0,7.1143,9777
2025-09-23 12:00:00,7.11411,7.11475,7.1124,7.11313,12305.0,7.1139,12305
2025-09-23 13:00:00,7.11315,7.11485,7.11177,7.11289,16914.0,7.1134,16914
2025-09-23 14:00:00,7.11291,7.11412,7.1121,7.11387,16737.0,7.1133,16737
2025-09-23 15:00:00,7.11377,7.11484,7.1131,7.11346,12138.0,7.114,12138
2025-09-23 16:00:00,7.11341,7.11409,7.1117,7.11282,12825.0,7.113,12825
2025-09-23 17:00:00,7.11298,7.1162,7.1117,7.11331,12937.0,7.1128,12937
2025-09-23 18:00:00,7.11328,7.11377,7.112,7.11336,11233.0,7.113,11233
2025-09-23 19:00:00,7.11334,7.11378,7.1119,7.11275,10338.0,7.113,10338
2025-09-23 20:00:00,7.11293,7.1138,7.1125,7.11342,4214.0,7.113,4214
2025-09-23 21:00:00,7.11342,7.11346,7.1112,7.11305,1118.0,7.1126,1118
2025-09-23 22:00:00,7.11227,7.11362,7.1113,7.11346,2496.0,7.1126,2496
2025-09-23 23:00:00,7.11288,7.11416,7.11174,7.11218,3115.0,7.1129,3115
2025-09-24 00:00:00,7.11225,7.11487,7.11187,7.11393,4769.0,7.1135,4769
2025-09-24 01:00:00,7.11396,7.11806,7.11285,7.11739,14340.0,7.1155,14340
2025-09-24 02:00:00,7.11744,7.11985,7.11728,7.11943,12497.0,7.1185,12497
2025-09-24 03:00:00,7.11951,7.12101,7.1184,7.11922,10142.0,7.1198,10142
2025-09-24 04:00:00,7.11925,7.11961,7.1181,7.11924,6889.0,7.119,6889
2025-09-24 05:00:00,7.11924,7.12103,7.11889,7.12062,9973.0,7.1199,9973
2025-09-24 06:00:00,7.12062,7.125,7.12,7.12361,14145.0,7.1227,14145
2025-09-24 07:00:00,7.12362,7.12445,7.12242,7.12412,14264.0,7.1236,14264
2025-09-24 08:00:00,7.12407,7.12809,7.12391,7.12627,14612.0,7.1265,14612
2025-09-24 09:00:00,7.12615,7.12852,7.1249,7.12787,12136.0,7.1267,12136
2025-09-24 10:00:00,7.12792,7.13015,7.12696,7.12974,11300.0,7.1292,11300
2025-09-24 11:00:00,7.12973,7.13157,7.12961,7.13134,10795.0,7.1308,10795
2025-09-24 12:00:00,7.13125,7.1352,7.129,7.13399,11922.0,7.132,11922
2025-09-24 13:00:00,7.13399,7.13751,7.13282,7.13664,18845.0,7.1355,18845
2025-09-24 14:00:00,7.13666,7.14025,7.13626,7.1387,19106.0,7.1381,19106
2025-09-24 15:00:00,7.13876,7.1393,7.137,7.13805,15779.0,7.1384,15779
2025-09-24 16:00:00,7.13804,7.13928,7.1129,7.13889,12588.0,7.1383,12588
2025-09-24 17:00:00,7.13887,7.13896,7.137,7.13761,9351.0,7.1381,9351
2025-09-24 18:00:00,7.13761,7.13832,7.1368,7.13753,9601.0,7.1376,9601
2025-09-24 19:00:00,7.13756,7.13818,7.1366,7.13734,8448.0,7.1374,8448
2025-09-24 20:00:00,7.13738,7.13844,7.1367,7.13788,4411.0,7.1376,4411
2025-09-24 21:00:00,7.13788,7.13788,7.13592,7.13678,1015.0,7.1368,1015
2025-09-24 22:00:00,7.13644,7.13736,7.13537,7.13642,1450.0,7.1365,1450
2025-09-24 23:00:00,7.13585,7.13717,7.13487,7.13555,3529.0,7.1359,3529
2025-09-25 00:00:00,7.13569,7.1361,7.13214,7.13243,7901.0,7.1342,7901
2025-09-25 01:00:00,7.13237,7.13452,7.13096,7.13299,15148.0,7.1328,15148
2025-09-25 02:00:00,7.13307,7.13307,7.1296,7.13084,13756.0,7.1313,13756
2025-09-25 03:00:00,7.13085,7.13167,7.1277,7.12821,10348.0,7.13,10348
2025-09-25 04:00:00,7.12821,7.12922,7.1274,7.12855,7745.0,7.1284,7745
2025-09-25 05:00:00,7.12847,7.13089,7.12843,7.13065,10901.0,7.1296,10901
2025-09-25 06:00:00,7.13078,7.13211,7.1292,7.13164,14778.0,7.1306,14778
2025-09-25 07:00:00,7.13172,7.13315,7.13134,7.1321,16268.0,7.1324,16268
2025-09-25 08:00:00,7.13206,7.13231,7.12831,7.12849,15227.0,7.1309,15227
2025-09-25 09:00:00,7.12852,7.13023,7.1279,7.12991,12816.0,7.1291,12816
2025-09-25 10:00:00,7.12992,7.1308,7.1277,7.13065,10938.0,7.1296,10938
2025-09-25 11:00:00,7.13061,7.1322,7.13053,7.13174,13344.0,7.1316,13344
2025-09-25 12:00:00,7.13185,7.13898,7.13136,7.13737,18585.0,7.1346,18585
2025-09-25 13:00:00,7.13735,7.14095,7.13593,7.14002,20585.0,7.1378,20585
2025-09-25 14:00:00,7.14003,7.14415,7.13907,7.14379,20386.0,7.1415,20386
2025-09-25 15:00:00,7.14378,7.14576,7.14363,7.14417,16614.0,7.1447,16614
2025-09-25 16:00:00,7.14423,7.14531,7.14327,7.14457,12782.0,7.1442,12782
2025-09-25 17:00:00,7.1446,7.14776,7.1443,7.14705,13781.0,7.1462,13781
2025-09-25 18:00:00,7.14705,7.14827,7.1457,7.14657,12690.0,7.1469,12690
2025-09-25 19:00:00,7.1465,7.14684,7.1447,7.14528,10767.0,7.1458,10767
2025-09-25 20:00:00,7.14527,7.14557,7.14396,7.14512,6328.0,7.1448,6328
2025-09-25 21:00:00,7.14512,7.14526,7.1433,7.14395,1220.0,7.1445,1220
2025-09-25 22:00:00,7.1449,7.14492,7.1435,7.1443,1785.0,7.1441,1785
2025-09-25 23:00:00,7.14396,7.14555,7.14354,7.14355,2852.0,7.1445,2852
2025-09-26 00:00:00,7.14379,7.14518,7.14217,7.14307,5677.0,7.1438,5677
2025-09-26 01:00:00,7.14318,7.14565,7.14166,7.14487,12697.0,7.1432,12697
2025-09-26 02:00:00,7.14494,7.1455,7.1409,7.14228,12827.0,7.1431,12827
2025-09-26 03:00:00,7.14208,7.14279,7.13966,7.141,9228.0,7.1417,9228
2025-09-26 04:00:00,7.14103,7.14173,7.14,7.14111,8082.0,7.1412,8082
2025-09-26 05:00:00,7.14109,7.14195,7.1405,7.14155,10801.0,7.1413,10801
2025-09-26 06:00:00,7.14144,7.14455,7.14129,7.14349,15446.0,7.1434,15446
2025-09-26 07:00:00,7.1435,7.14405,7.14225,7.14239,15166.0,7.1433,15166
2025-09-26 08:00:00,7.14238,7.1442,7.14062,7.14161,14221.0,7.1423,14221
2025-09-26 09:00:00,7.14163,7.14374,7.14118,7.14336,12514.0,7.1424,12514
2025-09-26 10:00:00,7.14324,7.14615,7.14269,7.14533,11551.0,7.1446,11551
2025-09-26 11:00:00,7.1452,7.14665,7.1443,7.14617,11334.0,7.1455,11334
2025-09-26 12:00:00,7.14623,7.14679,7.14362,7.14426,15950.0,7.1454,15950
2025-09-26 13:00:00,7.14427,7.14726,7.1423,7.14641,19113.0,7.1445,19113
2025-09-26 14:00:00,7.14643,7.14659,7.14015,7.14122,19019.0,7.1437,19019
2025-09-26 15:00:00,7.14123,7.14292,7.13998,7.14194,15275.0,7.1417,15275
2025-09-26 16:00:00,7.14198,7.14266,7.1399,7.14037,12058.0,7.141,12058
2025-09-26 17:00:00,7.14034,7.1465,7.1395,7.14046,9626.0,7.1404,9626
2025-09-26 18:00:00,7.14047,7.14152,7.1395,7.14028,9523.0,7.1408,9523
2025-09-26 19:00:00,7.1403,7.1413,7.1399,7.14072,8919.0,7.1408,8919
2025-09-26 20:00:00,7.14077,7.14242,7.13862,7.14207,6571.0,7.1409,6571
2025-09-28 21:00:00,7.14012,7.14016,7.13848,7.13982,578.0,7.1397,578
2025-09-28 22:00:00,7.13982,7.14059,7.13974,7.14007,463.0,7.1401,463
2025-09-28 23:00:00,7.14006,7.14174,7.13711,7.13835,3634.0,7.1392,3634
2025-09-29 00:00:00,7.13804,7.13837,7.13518,7.13585,5720.0,7.1368,5720
2025-09-29 01:00:00,7.13617,7.13641,7.108,7.1273,16147.0,7.131,16147
2025-09-29 02:00:00,7.12729,7.12758,7.11954,7.12054,15273.0,7.1225,15273
2025-09-29 03:00:00,7.12055,7.12384,7.12014,7.1236,9493.0,7.1221,9493
2025-09-29 04:00:00,7.12373,7.12435,7.12226,7.1233,6646.0,7.1232,6646
2025-09-29 05:00:00,7.12321,7.12376,7.1217,7.12269,11327.0,7.1228,11327
2025-09-29 06:00:00,7.12263,7.1233,7.1216,7.12277,13929.0,7.1225,13929
2025-09-29 07:00:00,7.12282,7.1238,7.1184,7.1192,15404.0,7.1216,15404
2025-09-29 08:00:00,7.11919,7.12336,7.11895,7.12107,13345.0,7.1213,13345
2025-09-29 09:00:00,7.12107,7.12443,7.12046,7.12426,12411.0,7.1224,12411
2025-09-29 10:00:00,7.12426,7.12591,7.1234,7.12556,9229.0,7.1247,9229
2025-09-29 11:00:00,7.12557,7.12711,7.125,7.12552,10557.0,7.1262,10557
2025-09-29 12:00:00,7.12565,7.12766,7.1253,7.12568,14549.0,7.1265,14549
2025-09-29 13:00:00,7.12568,7.1272,7.1247,7.12518,16685.0,7.1261,16685
2025-09-29 14:00:00,7.12534,7.12712,7.1238,7.12548,16911.0,7.1253,16911
2025-09-29 15:00:00,7.1255,7.1412,7.12528,7.12741,12329.0,7.127,12329
2025-09-29 16:00:00,7.12737,7.12779,7.1257,7.12676,8244.0,7.1269,8244
2025-09-29 17:00:00,7.12674,7.1279,7.12608,7.1276,7875.0,7.1273,7875
2025-09-29 18:00:00,7.12782,7.12794,7.1262,7.12687,7152.0,7.1271,7152
2025-09-29 19:00:00,7.12687,7.12862,7.12682,7.12841,7247.0,7.1279,7247
2025-09-29 20:00:00,7.12841,7.12996,7.12693,7.12934,4542.0,7.1282,4542
2025-09-29 21:00:00,7.12934,7.12954,7.12604,7.12732,1516.0,7.1276,1516
2025-09-29 22:00:00,7.12845,7.12894,7.1272,7.12787,2306.0,7.1279,2306
2025-09-29 23:00:00,7.12786,7.12912,7.1257,7.12689,4277.0,7.1273,4277
2025-09-30 00:00:00,7.12695,7.12834,7.12501,7.1264,5812.0,7.1269,5812
2025-09-30 01:00:00,7.12642,7.12978,7.1239,7.12907,14642.0,7.1269,14642
2025-09-30 02:00:00,7.12885,7.13242,7.128,7.13104,12587.0,7.1302,12587
2025-09-30 03:00:00,7.13107,7.13226,7.12986,7.13151,9953.0,7.1312,9953
2025-09-30 04:00:00,7.13153,7.13298,7.131,7.13195,8988.0,7.1321,8988
2025-09-30 05:00:00,7.13192,7.13244,7.13,7.13133,12337.0,7.1313,12337
2025-09-30 06:00:00,7.13135,7.13149,7.12825,7.12953,15539.0,7.1297,15539
2025-09-30 07:00:00,7.1296,7.13034,7.12772,7.12834,14653.0,7.1291,14653
2025-09-30 08:00:00,7.12832,7.12862,7.1256,7.12651,16154.0,7.127,16154
2025-09-30 09:00:00,7.12648,7.12801,7.1253,7.12679,11836.0,7.1269,11836
2025-09-30 10:00:00,7.12673,7.1281,7.1261,7.12761,9919.0,7.1272,9919
2025-09-30 11:00:00,7.1276,7.12855,7.1267,7.12719,9217.0,7.1277,9217
2025-09-30 12:00:00,7.12735,7.12852,7.1262,7.1282,11534.0,7.1276,11534
2025-09-30 13:00:00,7.12831,7.12988,7.1264,7.12715,14653.0,7.1287,14653
2025-09-30 14:00:00,7.12727,7.1281,7.1248,7.12738,18361.0,7.1265,18361
2025-09-30 15:00:00,7.12731,7.13037,7.1266,7.12969,14945.0,7.1289,14945
2025-09-30 16:00:00,7.12969,7.13013,7.12646,7.1268,8739.0,7.1283,8739
2025-09-30 17:00:00,7.1268,7.12823,7.1263,7.12783,11207.0,7.1271,11207
2025-09-30 18:00:00,7.1278,7.12886,7.1269,7.12781,9693.0,7.128,9693
2025-09-30 19:00:00,7.12776,7.12833,7.1272,7.12801,10281.0,7.1279,10281
2025-09-30 20:00:00,7.12801,7.12909,7.12715,7.12853,5782.0,7.1283,5782
2025-09-30 21:00:00,7.12853,7.1286,7.12254,7.12526,2532.0,7.125,2532
2025-09-30 22:00:00,7.12496,7.12822,7.12401,7.12643,1217.0,7.1269,1217
2025-09-30 23:00:00,7.12643,7.12902,7.12474,7.12871,4286.0,7.1271,4286
2025-10-01 00:00:00,7.12884,7.13086,7.12846,7.13019,4566.0,7.1295,4566
2025-10-01 01:00:00,7.13006,7.13163,7.12915,7.12983,9491.0,7.1302,9491
2025-10-01 02:00:00,7.12985,7.13774,7.1297,7.13585,10495.0,7.134,10495
2025-10-01 03:00:00,7.13585,7.13971,7.13476,7.13756,9886.0,7.137,9886
2025-10-01 04:00:00,7.13755,7.1384,7.13334,7.13347,9962.0,7.1365,9962
2025-10-01 05:00:00,7.13334,7.13477,7.13139,7.13452,12646.0,7.1332,12646
2025-10-01 06:00:00,7.1345,7.1349,7.12799,7.12824,15019.0,7.1315,15019
2025-10-01 07:00:00,7.12818,7.1283,7.12264,7.12652,18031.0,7.1254,18031
2025-10-01 08:00:00,7.12648,7.12665,7.1235,7.12616,15477.0,7.1249,15477
2025-10-01 09:00:00,7.12618,7.12684,7.12408,7.12653,12993.0,7.1257,12993
2025-10-01 10:00:00,7.12652,7.12932,7.12619,7.12849,12111.0,7.1278,12111
2025-10-01 11:00:00,7.12846,7.12861,7.1264,7.12731,10210.0,7.1277,10210
2025-10-01 12:00:00,7.12734,7.12877,7.12239,7.12356,18675.0,7.1244,18675
2025-10-01 13:00:00,7.1236,7.12494,7.12205,7.12447,15982.0,7.1236,15982
2025-10-01 14:00:00,7.12429,7.12873,7.12336,7.12677,17214.0,7.126,17214
2025-10-01 15:00:00,7.12678,7.12965,7.1262,7.12946,14971.0,7.1284,14971
2025-10-01 16:00:00,7.1295,7.13053,7.1286,7.12942,11175.0,7.1298,11175
2025-10-01 17:00:00,7.12936,7.12954,7.1274,7.12813,8659.0,7.1284,8659
2025-10-01 18:00:00,7.12811,7.12868,7.1255,7.12655,9738.0,7.1268,9738
2025-10-01 19:00:00,7.12656,7.12736,7.1259,7.12707,7674.0,7.1268,7674
2025-10-01 20:00:00,7.12693,7.12831,7.12683,7.12802,5026.0,7.1276,5026
2025-10-01 21:00:00,7.12802,7.12861,7.1227,7.12797,2637.0,7.1252,2637
2025-10-01 22:00:00,7.12452,7.12821,7.1229,7.12549,1208.0,7.1257,1208
2025-10-01 23:00:00,7.12441,7.12696,7.12332,7.12658,3785.0,7.1258,3785
2025-10-02 00:00:00,7.12658,7.1307,7.12641,7.12941,4573.0,7.1294,4573
2025-10-02 01:00:00,7.12929,7.13011,7.12514,7.12558,10403.0,7.1277,10403
2025-10-02 02:00:00,7.12556,7.12803,7.12456,7.12726,9138.0,7.1265,9138
2025-10-02 03:00:00,7.12728,7.13251,7.12721,7.13204,7576.0,7.1304,7576
2025-10-02 04:00:00,7.13209,7.13316,7.1316,7.13229,5911.0,7.1325,5911
2025-10-02 05:00:00,7.1323,7.13289,7.1309,7.13195,7569.0,7.1322,7569
2025-10-02 06:00:00,7.13197,7.13439,7.1308,7.13315,13504.0,7.1325,13504
2025-10-02 07:00:00,7.13315,7.13431,7.1313,7.13279,14453.0,7.133,14453
2025-10-02 08:00:00,7.13279,7.13365,7.12844,7.12916,13269.0,7.1314,13269
2025-10-02 09:00:00,7.12914,7.12951,7.1273,7.12838,10707.0,7.1286,10707
2025-10-02 10:00:00,7.1284,7.13023,7.1279,7.12942,9564.0,7.129,9564
2025-10-02 11:00:00,7.12946,7.13163,7.1284,7.13104,9952.0,7.1301,9952
2025-10-02 12:00:00,7.1312,7.1338,7.1292,7.13303,12692.0,7.1317,12692
2025-10-02 13:00:00,7.13312,7.13496,7.13098,7.13465,15623.0,7.1331,15623
2025-10-02 14:00:00,7.13467,7.1357,7.1322,7.13549,17019.0,7.1344,17019
2025-10-02 15:00:00,7.13561,7.1372,7.13433,7.13521,15238.0,7.1355,15238
2025-10-02 16:00:00,7.13522,7.13557,7.13248,7.13264,10793.0,7.1337,10793
2025-10-02 17:00:00,7.13268,7.13311,7.1309,7.13273,8782.0,7.1324,8782
2025-10-02 18:00:00,7.13263,7.13293,7.1314,7.13151,7488.0,7.1323,7488
2025-10-02 19:00:00,7.13152,7.13199,7.1302,7.13173,7260.0,7.1312,7260
2025-10-02 20:00:00,7.13155,7.1329,7.13002,7.13236,4384.0,7.1315,4384
2025-10-02 21:00:00,7.13236,7.13561,7.12674,7.13336,1095.0,7.1311,1095
2025-10-02 22:00:00,7.13062,7.13569,7.12759,7.13445,1414.0,7.1309,1414
2025-10-02 23:00:00,7.13336,7.13491,7.12907,7.13204,2174.0,7.1318,2174
2025-10-03 00:00:00,7.13209,7.1345,7.13186,7.13406,4616.0,7.1336,4616
2025-10-03 01:00:00,7.13409,7.13678,7.13309,7.13462,11862.0,7.1352,11862
2025-10-03 02:00:00,7.13465,7.13785,7.13457,7.13694,8203.0,7.1363,8203
2025-10-03 03:00:00,7.13694,7.13873,7.13679,7.13681,7003.0,7.1377,7003
2025-10-03 04:00:00,7.13689,7.13772,7.13604,7.13739,5399.0,7.137,5399
2025-10-03 05:00:00,7.13741,7.13861,7.1361,7.13835,8629.0,7.1373,8629
2025-10-03 06:00:00,7.1383,7.13919,7.13459,7.13561,11802.0,7.1364,11802
2025-10-03 07:00:00,7.13574,7.13666,7.1337,7.13469,11505.0,7.1351,11505
2025-10-03 08:00:00,7.1347,7.13495,7.1326,7.13338,11482.0,7.1336,11482
2025-10-03 09:00:00,7.13343,7.13514,7.1315,7.13231,8831.0,7.1337,8831
2025-10-03 10:00:00,7.1323,7.13546,7.13205,7.13471,8130.0,7.1342,8130
2025-10-03 11:00:00,7.13467,7.13605,7.1338,7.13495,9765.0,7.1352,9765
2025-10-03 12:00:00,7.13494,7.13579,7.13184,7.13359,11533.0,7.1347,11533
2025-10-03 13:00:00,7.13356,7.13534,7.132,7.13474,13708.0,7.1339,13708
2025-10-03 14:00:00,7.13455,7.13676,7.13195,7.13568,18084.0,7.1349,18084
2025-10-03 15:00:00,7.13564,7.13615,7.1321,7.13306,13273.0,7.1342,13273
2025-10-03 16:00:00,7.13299,7.13568,7.1323,7.13514,8886.0,7.1339,8886
2025-10-03 17:00:00,7.13529,7.13674,7.1322,7.13625,8559.0,7.1356,8559
2025-10-03 18:00:00,7.13629,7.13709,7.1348,7.13531,7803.0,7.1359,7803
2025-10-03 19:00:00,7.13532,7.1363,7.1349,7.13564,7103.0,7.1357,7103
2025-10-03 20:00:00,7.13563,7.13602,7.13312,7.13594,4017.0,7.1353,4017
2025-10-05 21:00:00,7.13665,7.13665,7.13443,7.1351,163.0,7.1357,163
2025-10-05 22:00:00,7.13487,7.13723,7.13414,7.13665,426.0,7.1359,426
2025-10-05 23:00:00,7.13665,7.14116,7.13665,7.14044,3863.0,7.1387,3863
2025-10-06 00:00:00,7.14043,7.14455,7.13965,7.14235,6064.0,7.1424,6064
2025-10-06 01:00:00,7.14236,7.14304,7.1216,7.13936,11206.0,7.1413,11206
2025-10-06 02:00:00,7.13924,7.14315,7.13906,7.14247,9243.0,7.1416,9243
2025-10-06 03:00:00,7.14245,7.14472,7.14201,7.14418,7531.0,7.1436,7531
2025-10-06 04:00:00,7.14415,7.14646,7.14308,7.146,8486.0,7.1446,8486
2025-10-06 05:00:00,7.14611,7.14741,7.1455,7.14566,8957.0,7.1465,8957
2025-10-06 06:00:00,7.14569,7.14761,7.14503,7.14696,13809.0,7.1466,13809
2025-10-06 07:00:00,7.147,7.14736,7.1446,7.1467,17011.0,7.1464,17011
2025-10-06 08:00:00,7.14671,7.15005,7.1462,7.14813,15167.0,7.1483,15167
2025-10-06 09:00:00,7.14816,7.14875,7.1457,7.14608,11442.0,7.1473,11442
2025-10-06 10:00:00,7.14607,7.14751,7.14581,7.14712,11178.0,7.1469,11178
2025-10-06 11:00:00,7.14706,7.14773,7.1446,7.14558,10963.0,7.1462,10963
2025-10-06 12:00:00,7.14559,7.14589,7.14083,7.14178,15586.0,7.1438,15586
2025-10-06 13:00:00,7.14177,7.14459,7.14119,7.14308,15098.0,7.143,15098
2025-10-06 14:00:00,7.14304,7.14432,7.1419,7.14305,15339.0,7.1435,15339
2025-10-06 15:00:00,7.14306,7.1435,7.1415,7.14278,11898.0,7.1428,11898
2025-10-06 16:00:00,7.14281,7.1434,7.1422,7.14263,8584.0,7.1429,8584
2025-10-06 17:00:00,7.14273,7.143,7.141,7.14192,8062.0,7.142,8062
2025-10-06 18:00:00,7.14191,7.14255,7.1409,7.14206,7386.0,7.1419,7386
2025-10-06 19:00:00,7.14207,7.14239,7.1406,7.14158,7590.0,7.1414,7590
2025-10-06 20:00:00,7.14139,7.14226,7.14053,7.14218,3827.0,7.1413,3827
2025-10-06 21:00:00,7.14218,7.14462,7.13947,7.14366,981.0,7.1413,981
2025-10-06 22:00:00,7.1398,7.14404,7.13965,7.14276,1393.0,7.1423,1393
2025-10-06 23:00:00,7.14204,7.14402,7.14043,7.14318,4748.0,7.1425,4748
2025-10-07 00:00:00,7.14316,7.14401,7.1411,7.14263,5845.0,7.1426,5845
2025-10-07 01:00:00,7.14274,7.14356,7.14046,7.14176,9677.0,7.1421,9677
2025-10-07 02:00:00,7.14173,7.14182,7.1366,7.13805,8863.0,7.1387,8863
2025-10-07 03:00:00,7.13804,7.13814,7.1354,7.13683,6726.0,7.1366,6726
2025-10-07 04:00:00,7.13677,7.13808,7.13599,7.1379,6462.0,7.1368,6462
2025-10-07 05:00:00,7.13783,7.13925,7.1369,7.13874,8017.0,7.1385,8017
2025-10-07 06:00:00,7.13874,7.14129,7.13868,7.14072,12271.0,7.1404,12271
2025-10-07 07:00:00,7.14072,7.14287,7.1398,7.14226,13012.0,7.1414,13012
2025-10-07 08:00:00,7.14228,7.14406,7.14128,7.14376,11845.0,7.1425,11845
2025-10-07 09:00:00,7.14376,7.14636,7.1423,7.14554,10785.0,7.1448,10785
2025-10-07 10:00:00,7.14547,7.14635,7.1448,7.14617,9666.0,7.1457,9666
2025-10-07 11:00:00,7.14617,7.14893,7.14597,7.14741,10743.0,7.1479,10743
2025-10-07 12:00:00,7.14739,7.14794,7.1462,7.14629,13182.0,7.1472,13182
2025-10-07 13:00:00,7.1463,7.14683,7.143,7.1443,15090.0,7.1449,15090
2025-10-07 14:00:00,7.14431,7.14499,7.1431,7.14409,14831.0,7.1443,14831
2025-10-07 15:00:00,7.14411,7.14442,7.1418,7.14297,14222.0,7.143,14222
2025-10-07 16:00:00,7.14298,7.14393,7.1421,7.14314,11437.0,7.143,11437
2025-10-07 17:00:00,7.14324,7.14499,7.14252,7.14438,10469.0,7.144,10469
2025-10-07 18:00:00,7.14416,7.14594,7.1438,7.14544,10683.0,7.1451,10683
2025-10-07 19:00:00,7.14545,7.14687,7.145,7.14633,8871.0,7.146,8871
2025-10-07 20:00:00,7.14626,7.14693,7.14493,7.14577,4365.0,7.1463,4365
2025-10-07 21:00:00,7.14577,7.14595,7.13975,7.14545,1142.0,7.1444,1142
2025-10-07 22:00:00,7.1439,7.14642,7.1425,7.14398,1215.0,7.1448,1215
2025-10-07 23:00:00,7.14396,7.14778,7.14368,7.14732,4171.0,7.1458,4171
2025-10-08 00:00:00,7.14714,7.14962,7.1468,7.14788,4897.0,7.1481,4897
2025-10-08 01:00:00,7.14803,7.15346,7.146,7.15213,14708.0,7.1495,14708
2025-10-08 02:00:00,7.15214,7.15293,7.14568,7.14659,10794.0,7.1495,10794
2025-10-08 03:00:00,7.14656,7.1477,7.14401,7.14526,8031.0,7.1463,8031
2025-10-08 04:00:00,7.14534,7.14747,7.14484,7.14684,7179.0,7.1465,7179
2025-10-08 05:00:00,7.14672,7.14852,7.1459,7.14771,9176.0,7.1474,9176
2025-10-08 06:00:00,7.14773,7.14965,7.14646,7.14859,14496.0,7.1486,14496
2025-10-08 07:00:00,7.14857,7.14945,7.14618,7.14746,15182.0,7.1479,15182
2025-10-08 08:00:00,7.14755,7.15005,7.14648,7.14978,12969.0,7.1483,12969
2025-10-08 09:00:00,7.14975,7.15305,7.14938,7.15245,12397.0,7.1511,12397
2025-10-08 10:00:00,7.15245,7.15289,7.14979,7.15042,10240.0,7.1513,10240
2025-10-08 11:00:00,7.15035,7.1515,7.1498,7.15048,10470.0,7.1508,10470
2025-10-08 12:00:00,7.15048,7.15098,7.1482,7.14919,12226.0,7.1496,12226
2025-10-08 13:00:00,7.14922,7.1499,7.14704,7.14961,15745.0,7.1484,15745
2025-10-08 14:00:00,7.14975,7.15131,7.14872,7.15076,14707.0,7.1497,14707
2025-10-08 15:00:00,7.15064,7.15314,7.1429,7.15259,12941.0,7.1518,12941
2025-10-08 16:00:00,7.15246,7.15285,7.1508,7.15117,8853.0,7.1521,8853
2025-10-08 17:00:00,7.15114,7.15157,7.1502,7.15058,8283.0,7.151,8283
2025-10-08 18:00:00,7.15067,7.15222,7.14972,7.15012,12520.0,7.1507,12520
2025-10-08 19:00:00,7.15002,7.15036,7.1489,7.14976,9677.0,7.1498,9677
2025-10-08 20:00:00,7.14979,7.1504,7.1489,7.14972,3971.0,7.1497,3971
2025-10-08 21:00:00,7.14972,7.15048,7.14715,7.14917,1050.0,7.1486,1050
2025-10-08 22:00:00,7.14806,7.14998,7.1475,7.14804,1122.0,7.1485,1122
2025-10-08 23:00:00,7.14833,7.15006,7.1476,7.14914,3066.0,7.1489,3066
2025-10-09 00:00:00,7.14902,7.14956,7.14326,7.14438,4820.0,7.1459,4820
2025-10-09 01:00:00,7.14429,7.14437,7.1362,7.13762,18755.0,7.1386,18755
2025-10-09 02:00:00,7.13764,7.13855,7.1298,7.13142,13914.0,7.1345,13914
2025-10-09 03:00:00,7.13148,7.13328,7.128,7.13036,10719.0,7.1314,10719
2025-10-09 04:00:00,7.13045,7.13139,7.12917,7.12957,6554.0,7.1304,6554
2025-10-09 05:00:00,7.12965,7.13306,7.12836,7.13252,10881.0,7.1306,10881
2025-10-09 06:00:00,7.13272,7.13664,7.13235,7.1344,17948.0,7.1347,17948
2025-10-09 07:00:00,7.1344,7.13485,7.13222,7.13327,15841.0,7.1338,15841
2025-10-09 08:00:00,7.13329,7.13428,7.12981,7.13097,14431.0,7.1323,14431
2025-10-09 09:00:00,7.13096,7.13236,7.12932,7.12995,13776.0,7.1308,13776
2025-10-09 10:00:00,7.12995,7.13035,7.128,7.12845,10203.0,7.1293,10203
2025-10-09 11:00:00,7.12852,7.13075,7.12812,7.13027,9985.0,7.1293,9985
2025-10-09 12:00:00,7.13024,7.13075,7.12511,7.1258,14332.0,7.1279,14332
2025-10-09 13:00:00,7.12583,7.1304,7.12393,7.12902,20651.0,7.1277,20651
2025-10-09 14:00:00,7.1291,7.13487,7.12895,7.13458,20449.0,7.1329,20449
2025-10-09 15:00:00,7.13454,7.1376,7.1339,7.13569,17993.0,7.1359,17993
2025-10-09 16:00:00,7.13566,7.13868,7.13483,7.13741,15376.0,7.1369,15376
2025-10-09 17:00:00,7.13731,7.13857,7.1352,7.13776,15402.0,7.1371,15402
2025-10-09 18:00:00,7.13768,7.13872,7.1372,7.13824,11126.0,7.138,11126
2025-10-09 19:00:00,7.13821,7.1386,7.137,7.13766,10157.0,7.138,10157
2025-10-09 20:00:00,7.13765,7.1384,7.1363,7.1384,5935.0,7.1373,5935
2025-10-09 21:00:00,7.1384,7.13846,7.13305,7.13627,1175.0,7.1367,1175
2025-10-09 22:00:00,7.1362,7.13854,7.13353,7.1377,3903.0,7.1354,3903
2025-10-09 23:00:00,7.13574,7.13925,7.13433,7.13805,8228.0,7.1366,8228
2025-10-10 00:00:00,7.13805,7.13898,7.13484,7.1356,5601.0,7.1374,5601
2025-10-10 01:00:00,7.13555,7.13639,7.12841,7.1317,14019.0,7.1321,14019
2025-10-10 02:00:00,7.13169,7.13296,7.12925,7.13096,11623.0,7.1312,11623
2025-10-10 03:00:00,7.131,7.13135,7.12739,7.12893,10908.0,7.1289,10908
2025-10-10 04:00:00,7.12896,7.12995,7.1281,7.12897,6535.0,7.1292,6535
2025-10-10 05:00:00,7.12896,7.12988,7.12778,7.12935,10348.0,7.1289,10348
2025-10-10 06:00:00,7.1293,7.13028,7.12643,7.12947,16380.0,7.1285,16380
2025-10-10 07:00:00,7.1294,7.1331,7.12795,7.12882,16058.0,7.13,16058
2025-10-10 08:00:00,7.12887,7.12966,7.12621,7.12767,14724.0,7.1276,14724
2025-10-10 09:00:00,7.12767,7.1288,7.1268,7.1276,11649.0,7.1279,11649
2025-10-10 10:00:00,7.12756,7.12827,7.1239,7.12774,11480.0,7.1264,11480
2025-10-10 11:00:00,7.12781,7.12835,7.1255,7.12675,11186.0,7.1273,11186
2025-10-10 12:00:00,7.12686,7.12713,7.1252,7.12642,13505.0,7.1264,13505
2025-10-10 13:00:00,7.12642,7.12815,7.12571,7.12734,17692.0,7.1271,17692
2025-10-10 14:00:00,7.1272,7.13534,7.12585,7.13486,16826.0,7.1278,16826
2025-10-10 15:00:00,7.13473,7.1482,7.13328,7.14141,22494.0,7.1412,22494
2025-10-10 16:00:00,7.14155,7.1445,7.14075,7.14233,18937.0,7.1425,18937
2025-10-10 17:00:00,7.14243,7.14373,7.1397,7.14046,14835.0,7.1412,14835
2025-10-10 18:00:00,7.14045,7.14113,7.13851,7.13972,12696.0,7.1397,12696
2025-10-10 19:00:00,7.13988,7.14046,7.1382,7.13934,12007.0,7.1394,12007
2025-10-10 20:00:00,7.13928,7.14947,7.13555,7.147,8436.0,7.1395,8436
2025-10-12 21:00:00,7.13594,7.14126,7.13234,7.13654,276.0,7.1369,276
2025-10-12 22:00:00,7.13644,7.14313,7.13589,7.13675,1432.0,7.1392,1432
2025-10-12 23:00:00,7.13773,7.14136,7.13645,7.14022,3554.0,7.1393,3554
2025-10-13 00:00:00,7.14022,7.14095,7.13614,7.13669,8342.0,7.138,8342
2025-10-13 01:00:00,7.13661,7.13745,7.1313,7.13526,18683.0,7.1344,18683
2025-10-13 02:00:00,7.13539,7.13656,7.13356,7.13485,13108.0,7.1351,13108
2025-10-13 03:00:00,7.13475,7.13977,7.13363,7.13882,11339.0,7.1371,11339
2025-10-13 04:00:00,7.1389,7.13899,7.13743,7.13778,6313.0,7.138,6313
2025-10-13 05:00:00,7.13775,7.13818,7.13508,7.13599,12597.0,7.1367,12597
2025-10-13 06:00:00,7.13599,7.138,7.1347,7.13725,15563.0,7.1365,15563
2025-10-13 07:00:00,7.13725,7.14108,7.13672,7.13921,16273.0,7.1393,16273
2025-10-13 08:00:00,7.13928,7.14285,7.13838,7.14095,14784.0,7.141,14784
2025-10-13 09:00:00,7.1409,7.14125,7.13841,7.14002,10209.0,7.1394,10209
2025-10-13 10:00:00,7.14002,7.14094,7.1391,7.13969,8982.0,7.14,8982
2025-10-13 11:00:00,7.13971,7.13983,7.13753,7.13938,11648.0,7.1391,11648
2025-10-13 12:00:00,7.13938,7.13941,7.13663,7.13712,11627.0,7.138,11627
2025-10-13 13:00:00,7.1369,7.13785,7.1346,7.13583,15914.0,7.1362,15914
2025-10-13 14:00:00,7.13584,7.13815,7.13544,7.13629,17164.0,7.1366,17164
2025-10-13 15:00:00,7.13644,7.13716,7.13386,7.13651,13327.0,7.1356,13327
2025-10-13 16:00:00,7.1365,7.1372,7.1351,7.13575,10534.0,7.1362,10534
2025-10-13 17:00:00,7.13564,7.13758,7.1351,7.13728,8710.0,7.1366,8710
2025-10-13 18:00:00,7.13733,7.13836,7.1363,7.13758,8677.0,7.1374,8677
2025-10-13 19:00:00,7.13761,7.13799,7.1359,7.13721,7535.0,7.1371,7535
2025-10-13 20:00:00,7.1372,7.1388,7.13645,7.13816,3720.0,7.1379,3720
2025-10-13 21:00:00,7.13816,7.13833,7.13315,7.13558,1149.0,7.136,1149
2025-10-13 22:00:00,7.13379,7.13785,7.13379,7.13698,1008.0,7.1371,1008
2025-10-13 23:00:00,7.13676,7.13972,7.13646,7.13892,2971.0,7.1378,2971
2025-10-14 00:00:00,7.13892,7.14035,7.13581,7.13711,6046.0,7.1383,6046
2025-10-14 01:00:00,7.13705,7.13992,7.13501,7.13876,16882.0,7.1378,16882
2025-10-14 02:00:00,7.1388,7.14173,7.1376,7.14168,13410.0,7.1393,13410
2025-10-14 03:00:00,7.14156,7.14376,7.14073,7.14211,12517.0,7.1422,12517
2025-10-14 04:00:00,7.14204,7.14284,7.1404,7.14123,11965.0,7.1419,11965
2025-10-14 05:00:00,7.14135,7.14365,7.14099,7.1429,16477.0,7.1425,16477
2025-10-14 06:00:00,7.14304,7.14473,7.14168,7.14362,18536.0,7.1432,18536
2025-10-14 07:00:00,7.14363,7.14951,7.14119,7.14817,19726.0,7.1455,19726
2025-10-14 08:00:00,7.14829,7.1486,7.14632,7.14765,15512.0,7.1476,15512
2025-10-14 09:00:00,7.14757,7.14858,7.1438,7.14607,12654.0,7.1464,12654
2025-10-14 10:00:00,7.14624,7.1486,7.14575,7.1478,13458.0,7.1471,13458
2025-10-14 11:00:00,7.14776,7.14915,7.1461,7.14767,12645.0,7.1476,12645
2025-10-14 12:00:00,7.14769,7.1479,7.1455,7.14689,15310.0,7.1468,15310
2025-10-14 13:00:00,7.14704,7.14873,7.1441,7.14532,19275.0,7.1462,19275
2025-10-14 14:00:00,7.14531,7.14597,7.14158,7.14261,17764.0,7.1434,17764
2025-10-14 15:00:00,7.1427,7.14447,7.1402,7.14039,16850.0,7.143,16850
2025-10-14 16:00:00,7.14047,7.14171,7.1392,7.14116,15518.0,7.1407,15518
2025-10-14 17:00:00,7.1411,7.14183,7.1387,7.13957,12313.0,7.1406,12313
2025-10-14 18:00:00,7.13947,7.14089,7.13938,7.13969,9443.0,7.1401,9443
2025-10-14 19:00:00,7.13979,7.14053,7.1384,7.13967,11773.0,7.1395,11773
2025-10-14 20:00:00,7.13968,7.14076,7.13891,7.13997,4866.0,7.14,4866
2025-10-14 21:00:00,7.13997,7.14104,7.13845,7.14056,860.0,7.1398,860
2025-10-14 22:00:00,7.13873,7.14102,7.1385,7.14099,845.0,7.1403,845
2025-10-14 23:00:00,7.14003,7.14166,7.1395,7.13973,2514.0,7.1405,2514
2025-10-15 00:00:00,7.13994,7.14329,7.13793,7.13846,6400.0,7.1406,6400
2025-10-15 01:00:00,7.13851,7.1399,7.12689,7.12967,16779.0,7.1315,16779
2025-10-15 02:00:00,7.12944,7.1299,7.12566,7.12828,14663.0,7.1274,14663
2025-10-15 03:00:00,7.12828,7.1291,7.1269,7.12887,10013.0,7.1282,10013
2025-10-15 04:00:00,7.12896,7.13029,7.128,7.13009,6530.0,7.1292,6530
2025-10-15 05:00:00,7.13002,7.1309,7.12705,7.12825,11872.0,7.129,11872
2025-10-15 06:00:00,7.12816,7.12842,7.12452,7.12636,16208.0,7.1262,16208
2025-10-15 07:00:00,7.12634,7.12935,7.12576,7.12823,15085.0,7.128,15085
2025-10-15 08:00:00,7.12831,7.12865,7.1257,7.12786,13621.0,7.1275,13621
2025-10-15 09:00:00,7.12771,7.13052,7.12771,7.12947,12430.0,7.1292,12430
2025-10-15 10:00:00,7.12946,7.13245,7.12898,7.13098,9994.0,7.1313,9994
2025-10-15 11:00:00,7.13099,7.13172,7.1296,7.13153,9778.0,7.1309,9778
2025-10-15 12:00:00,7.13153,7.1326,7.1309,7.13211,15106.0,7.1319,15106
2025-10-15 13:00:00,7.1321,7.13293,7.12997,7.13022,17219.0,7.1319,17219
2025-10-15 14:00:00,7.13028,7.13235,7.12963,7.1314,15140.0,7.1311,15140
2025-10-15 15:00:00,7.13139,7.1415,7.12869,7.13024,15664.0,7.1302,15664
2025-10-15 16:00:00,7.13015,7.13093,7.1289,7.12966,12724.0,7.1301,12724
2025-10-15 17:00:00,7.12968,7.13304,7.12963,7.13163,14832.0,7.1318,14832
2025-10-15 18:00:00,7.13151,7.13216,7.1306,7.13178,9871.0,7.1316,9871
2025-10-15 19:00:00,7.13171,7.13216,7.1309,7.13142,8839.0,7.1316,8839
2025-10-15 20:00:00,7.13141,7.13169,7.12874,7.12994,4808.0,7.1305,4808
2025-10-15 21:00:00,7.12994,7.13101,7.1243,7.13066,1527.0,7.1287,1527
2025-10-15 22:00:00,7.12937,7.13095,7.12667,7.12771,1221.0,7.1292,1221
2025-10-15 23:00:00,7.12771,7.12994,7.1276,7.12873,3754.0,7.1288,3754
2025-10-16 00:00:00,7.12872,7.13016,7.12484,7.1264,6919.0,7.1271,6919
2025-10-16 01:00:00,7.1264,7.12778,7.10846,7.12307,17405.0,7.1241,17405
2025-10-16 02:00:00,7.12308,7.12835,7.12191,7.12585,14634.0,7.1255,14634
2025-10-16 03:00:00,7.12582,7.12959,7.1257,7.12869,11473.0,7.128,11473
2025-10-16 04:00:00,7.12872,7.13054,7.1283,7.12996,7488.0,7.1295,7488
2025-10-16 05:00:00,7.12993,7.13141,7.12908,7.12997,14059.0,7.1305,14059
2025-10-16 06:00:00,7.12999,7.13025,7.1278,7.12963,16365.0,7.1293,16365
2025-10-16 07:00:00,7.12962,7.12982,7.12632,7.12791,17017.0,7.1278,17017
2025-10-16 08:00:00,7.12799,7.12871,7.12618,7.12679,13997.0,7.1272,13997
2025-10-16 09:00:00,7.12675,7.12914,7.1266,7.12805,9960.0,7.128,9960
2025-10-16 10:00:00,7.12806,7.1301,7.12721,7.12729,10121.0,7.1284,10121
2025-10-16 11:00:00,7.12742,7.1293,7.1262,7.12764,11276.0,7.128,11276
2025-10-16 12:00:00,7.12764,7.12928,7.12709,7.12803,14368.0,7.1281,14368
2025-10-16 13:00:00,7.12801,7.1301,7.1273,7.12845,17705.0,7.1287,17705
2025-10-16 14:00:00,7.12849,7.12878,7.1249,7.12524,17873.0,7.1268,17873
2025-10-16 15:00:00,7.12531,7.1295,7.125,7.12771,15437.0,7.1265,15437
2025-10-16 16:00:00,7.12767,7.12802,7.1255,7.12616,16328.0,7.1271,16328
2025-10-16 17:00:00,7.12599,7.12644,7.12373,7.12386,15679.0,7.1245,15679
2025-10-16 18:00:00,7.12403,7.12603,7.1237,7.12412,14284.0,7.1248,14284
2025-10-16 19:00:00,7.12413,7.12453,7.1231,7.12391,11410.0,7.124,11410
2025-10-16 20:00:00,7.12393,7.12463,7.1232,7.12458,5366.0,7.1239,5366
2025-10-16 21:00:00,7.12458,7.12564,7.12255,7.12551,1438.0,7.1241,1438
2025-10-16 22:00:00,7.12374,7.12609,7.12198,7.12371,1109.0,7.1238,1109
2025-10-16 23:00:00,7.12262,7.12419,7.12192,7.12247,3089.0,7.1229,3089
2025-10-17 00:00:00,7.12218,7.12311,7.11646,7.11849,6617.0,7.1202,6617
2025-10-17 01:00:00,7.11846,7.12415,7.1163,7.12376,18244.0,7.1202,18244
2025-10-17 02:00:00,7.12387,7.12771,7.12386,7.12595,14779.0,7.1258,14779
2025-10-17 03:00:00,7.12598,7.1266,7.1242,7.12577,9180.0,7.1258,9180
2025-10-17 04:00:00,7.12578,7.12598,7.1234,7.1243,7988.0,7.125,7988
2025-10-17 05:00:00,7.12433,7.12506,7.12183,7.1235,12505.0,7.1239,12505
2025-10-17 06:00:00,7.12348,7.12939,7.12218,7.12894,17873.0,7.1243,17873
2025-10-17 07:00:00,7.12895,7.13255,7.12865,7.129,20521.0,7.1302,20521
2025-10-17 08:00:00,7.12901,7.12945,7.12755,7.12843,17290.0,7.1286,17290
2025-10-17 09:00:00,7.12846,7.13007,7.12739,7.12775,13534.0,7.1289,13534
2025-10-17 10:00:00,7.12754,7.12875,7.12663,7.12717,13602.0,7.1276,13602
2025-10-17 11:00:00,7.12717,7.12758,7.1215,7.12448,17711.0,7.1243,17711
2025-10-17 12:00:00,7.12447,7.1284,7.12414,7.12641,18090.0,7.1265,18090
2025-10-17 13:00:00,7.12628,7.12845,7.1255,7.12815,19010.0,7.127,19010
2025-10-17 14:00:00,7.12815,7.13065,7.12795,7.12927,20553.0,7.1291,20553
2025-10-17 15:00:00,7.12924,7.12935,7.1269,7.12745,16270.0,7.128,16270
2025-10-17 16:00:00,7.12738,7.12787,7.1258,7.12762,13972.0,7.1273,13972
2025-10-17 17:00:00,7.12756,7.12827,7.1254,7.12685,14020.0,7.1271,14020
2025-10-17 18:00:00,7.12683,7.12749,7.12573,7.12618,11717.0,7.1265,11717
2025-10-17 19:00:00,7.12617,7.12662,7.1252,7.1259,10345.0,7.1261,10345
2025-10-17 20:00:00,7.12581,7.12742,7.12335,7.12701,6478.0,7.1262,6478
2025-10-19 21:00:00,7.12393,7.1261,7.12208,7.12394,941.0,7.1245,941
2025-10-19 22:00:00,7.12403,7.12425,7.12017,7.12399,645.0,7.1226,645
2025-10-19 23:00:00,7.12464,7.12588,7.1157,7.12573,2891.0,7.1249,2891
2025-10-20 00:00:00,7.12575,7.12682,7.12391,7.12445,7463.0,7.1253,7463
2025-10-20 01:00:00,7.12444,7.12889,7.12282,7.12739,17054.0,7.1264,17054
2025-10-20 02:00:00,7.12739,7.12763,7.12377,7.12544,13907.0,7.1253,13907
2025-10-20 03:00:00,7.12544,7.1273,7.12453,7.12506,10882.0,7.1258,10882
2025-10-20 04:00:00,7.12506,7.12528,7.12435,7.12463,7706.0,7.1248,7706
2025-10-20 05:00:00,7.12477,7.12531,7.12252,7.12323,11623.0,7.1238,11623
2025-10-20 06:00:00,7.12323,7.1251,7.1229,7.1236,17532.0,7.124,17532
2025-10-20 07:00:00,7.1236,7.12863,7.12358,7.12474,18880.0,7.1255,18880
2025-10-20 08:00:00,7.12476,7.12618,7.12421,7.12425,14856.0,7.1253,14856
2025-10-20 09:00:00,7.12427,7.12607,7.12351,7.12591,14739.0,7.1246,14739
2025-10-20 10:00:00,7.12578,7.12711,7.1252,7.12654,12215.0,7.1263,12215
2025-10-20 11:00:00,7.12654,7.12832,7.1263,7.12742,14289.0,7.1274,14289
2025-10-20 12:00:00,7.12742,7.12765,7.1247,7.12544,16581.0,7.1265,16581
2025-10-20 13:00:00,7.12561,7.12651,7.12458,7.12614,16420.0,7.1256,16420
2025-10-20 14:00:00,7.12606,7.12653,7.1223,7.12356,16249.0,7.124,16249
2025-10-20 15:00:00,7.12355,7.12398,7.1214,7.12338,14922.0,7.1228,14922
2025-10-20 16:00:00,7.12339,7.12458,7.1225,7.1244,11199.0,7.1234,11199
2025-10-20 17:00:00,7.12435,7.12484,7.12337,7.1245,9409.0,7.1242,9409
2025-10-20 18:00:00,7.12453,7.12471,7.1234,7.12401,8818.0,7.1243,8818
2025-10-20 19:00:00,7.124,7.12471,7.1229,7.12436,8310.0,7.124,8310
2025-10-20 20:00:00,7.12439,7.12467,7.12263,7.12342,4462.0,7.1241,4462
2025-10-20 21:00:00,7.12342,7.12429,7.12034,7.12099,893.0,7.1225,893
2025-10-20 22:00:00,7.12034,7.12322,7.12034,7.12264,859.0,7.1221,859
2025-10-20 23:00:00,7.12156,7.12327,7.12059,7.12262,3217.0,7.1222,3217
2025-10-21 00:00:00,7.12299,7.12371,7.12046,7.12146,6025.0,7.1224,6025
2025-10-21 01:00:00,7.12152,7.1225,7.11841,7.11943,14701.0,7.1208,14701
2025-10-21 02:00:00,7.11931,7.12064,7.11595,7.11895,14677.0,7.1184,14677
2025-10-21 03:00:00,7.11898,7.11911,7.11725,7.11871,9799.0,7.1183,9799
2025-10-21 04:00:00,7.11871,7.11998,7.1184,7.11889,8027.0,7.1193,8027
2025-10-21 05:00:00,7.11888,7.121,7.1186,7.12071,14752.0,7.1199,14752
2025-10-21 06:00:00,7.12088,7.12232,7.119,7.12017,16379.0,7.1211,16379
2025-10-21 07:00:00,7.12022,7.12074,7.11769,7.1193,17301.0,7.1194,17301
2025-10-21 08:00:00,7.1193,7.12165,7.1182,7.12082,17132.0,7.1199,17132
2025-10-21 09:00:00,7.12081,7.12139,7.11915,7.12101,13067.0,7.1207,13067
2025-10-21 10:00:00,7.12107,7.12336,7.1207,7.12143,14847.0,7.1222,14847
2025-10-21 11:00:00,7.12141,7.12151,7.11945,7.12097,16131.0,7.1205,16131
2025-10-21 12:00:00,7.12097,7.123,7.12017,7.12213,18445.0,7.1218,18445
2025-10-21 13:00:00,7.12214,7.12581,7.1211,7.12407,19919.0,7.1229,19919
2025-10-21 14:00:00,7.12407,7.1252,7.122,7.1238,19449.0,7.1233,19449
2025-10-21 15:00:00,7.12387,7.12395,7.1219,7.1234,14779.0,7.1231,14779
2025-10-21 16:00:00,7.12341,7.12688,7.12258,7.12588,13486.0,7.1244,13486
2025-10-21 17:00:00,7.12581,7.12646,7.1243,7.12537,12009.0,7.1256,12009
2025-10-21 18:00:00,7.12531,7.126,7.1245,7.12566,9661.0,7.1253,9661
2025-10-21 19:00:00,7.12566,7.1262,7.1248,7.12589,7898.0,7.1257,7898
2025-10-21 20:00:00,7.12596,7.12717,7.1253,7.12679,4251.0,7.1262,4251
2025-10-21 21:00:00,7.12679,7.12691,7.12435,7.12569,904.0,7.1256,904
2025-10-21 22:00:00,7.12435,7.12607,7.11964,7.12568,1175.0,7.125,1175
2025-10-21 23:00:00,7.12475,7.12724,7.12428,7.12683,3305.0,7.1255,3305
2025-10-22 00:00:00,7.12685,7.12729,7.1241,7.12548,7163.0,7.1259,7163
2025-10-22 01:00:00,7.12564,7.12916,7.12396,7.12715,15522.0,7.1266,15522
2025-10-22 02:00:00,7.12714,7.12729,7.12422,7.12655,11747.0,7.1253,11747
2025-10-22 03:00:00,7.12655,7.12844,7.126,7.12687,12373.0,7.1271,12373
2025-10-22 04:00:00,7.12689,7.12792,7.1264,7.12693,7600.0,7.1272,7600
2025-10-22 05:00:00,7.12693,7.12732,7.1244,7.1269,11521.0,7.126,11521
2025-10-22 06:00:00,7.12689,7.12805,7.12366,7.12527,16544.0,7.1258,16544
2025-10-22 07:00:00,7.12518,7.128,7.12496,7.12727,16319.0,7.1268,16319
2025-10-22 08:00:00,7.1274,7.12936,7.12715,7.12736,16035.0,7.1283,16035
2025-10-22 09:00:00,7.12733,7.12777,7.1263,7.12686,11506.0,7.1272,11506
2025-10-22 10:00:00,7.1269,7.1288,7.12606,7.12855,11438.0,7.1279,11438
2025-10-22 11:00:00,7.12855,7.12952,7.1276,7.12886,12500.0,7.1287,12500
2025-10-22 12:00:00,7.12884,7.1291,7.1273,7.12875,14616.0,7.1283,14616
2025-10-22 13:00:00,7.12875,7.12986,7.12732,7.12874,17197.0,7.1288,17197
2025-10-22 14:00:00,7.12874,7.12974,7.1283,7.12896,18194.0,7.1291,18194
2025-10-22 15:00:00,7.12895,7.12905,7.1233,7.12703,15862.0,7.1271,15862
2025-10-22 16:00:00,7.127,7.12975,7.1255,7.12634,14703.0,7.1272,14703
2025-10-22 17:00:00,7.12626,7.12808,7.1261,7.12633,14060.0,7.127,14060
2025-10-22 18:00:00,7.12635,7.12699,7.1254,7.12657,11288.0,7.1265,11288
2025-10-22 19:00:00,7.12655,7.12705,7.1256,7.12671,11631.0,7.1266,11631
2025-10-22 20:00:00,7.1267,7.12712,7.12445,7.12477,4605.0,7.1262,4605
2025-10-22 21:00:00,7.12477,7.1268,7.12295,7.12412,1350.0,7.1247,1350
2025-10-22 22:00:00,7.12361,7.12674,7.12335,7.12436,1032.0,7.1251,1032
2025-10-22 23:00:00,7.12522,7.12705,7.1243,7.12622,3758.0,7.1256,3758
2025-10-23 00:00:00,7.12647,7.12834,7.1259,7.1267,5066.0,7.1272,5066
2025-10-23 01:00:00,7.12674,7.12835,7.12431,7.12809,14329.0,7.1264,14329
2025-10-23 02:00:00,7.12825,7.1289,7.1263,7.12789,11441.0,7.1276,11441
2025-10-23 03:00:00,7.12797,7.12808,7.1264,7.12758,8648.0,7.1274,8648
2025-10-23 04:00:00,7.12758,7.12791,7.1265,7.1268,4999.0,7.1273,4999
2025-10-23 05:00:00,7.12694,7.12776,7.1262,7.12718,8850.0,7.1271,8850
2025-10-23 06:00:00,7.12718,7.1274,7.1244,7.1259,15795.0,7.1257,15795
2025-10-23 07:00:00,7.1259,7.12667,7.1227,7.12493,15327.0,7.125,15327
2025-10-23 08:00:00,7.1247,7.12575,7.1222,7.12473,12953.0,7.1244,12953
2025-10-23 09:00:00,7.12487,7.12575,7.1235,7.12511,10291.0,7.1248,10291
2025-10-23 10:00:00,7.1251,7.12725,7.1245,7.12696,8752.0,7.1259,8752
2025-10-23 11:00:00,7.12704,7.12725,7.1257,7.12672,9681.0,7.1268,9681
2025-10-23 12:00:00,7.12671,7.12755,7.12532,7.12599,14182.0,7.1263,14182
2025-10-23 13:00:00,7.12591,7.12591,7.1225,7.12395,18158.0,7.1239,18158
2025-10-23 14:00:00,7.12383,7.12468,7.1227,7.12417,16128.0,7.1237,16128
2025-10-23 15:00:00,7.12418,7.12595,7.1228,7.12493,14951.0,7.1247,14951
2025-10-23 16:00:00,7.1249,7.12585,7.1242,7.12553,11348.0,7.1251,11348
2025-10-23 17:00:00,7.12552,7.12642,7.12302,7.12351,11252.0,7.1246,11252
2025-10-23 18:00:00,7.12353,7.12432,7.1226,7.12393,10499.0,7.1236,10499
2025-10-23 19:00:00,7.12393,7.12456,7.12347,7.12402,8999.0,7.124,8999
2025-10-23 20:00:00,7.12403,7.12474,7.12268,7.12465,4815.0,7.1242,4815
2025-10-23 21:00:00,7.12465,7.12626,7.12285,7.12515,426.0,7.124,426
2025-10-23 22:00:00,7.12285,7.12506,7.1224,7.12295,355.0,7.1237,355
2025-10-23 23:00:00,7.12295,7.1252,7.12295,7.12415,2917.0,7.1241,2917
2025-10-24 00:00:00,7.12433,7.12548,7.12246,7.1235,4639.0,7.1243,4639
2025-10-24 01:00:00,7.12356,7.1291,7.1228,7.12642,13579.0,7.1263,13579
2025-10-24 02:00:00,7.12619,7.12915,7.1258,7.12873,11823.0,7.1276,11823
2025-10-24 03:00:00,7.12868,7.1289,7.1276,7.12815,7249.0,7.1283,7249
2025-10-24 04:00:00,7.1281,7.12841,7.127,7.1278,5404.0,7.128,5404
2025-10-24 05:00:00,7.12779,7.12782,7.12541,7.12579,10616.0,7.1267,10616
2025-10-24 06:00:00,7.12569,7.12687,7.12454,7.12462,13228.0,7.126,13228
2025-10-24 07:00:00,7.1246,7.12646,7.1234,7.12506,14892.0,7.1248,14892
2025-10-24 08:00:00,7.12502,7.12688,7.12436,7.12536,13876.0,7.1256,13876
2025-10-24 09:00:00,7.12538,7.12609,7.1244,7.12512,10448.0,7.1254,10448
2025-10-24 10:00:00,7.12509,7.1257,7.1244,7.12555,8397.0,7.1252,8397
2025-10-24 11:00:00,7.12556,7.12634,7.1243,7.12548,11325.0,7.1256,11325
2025-10-24 12:00:00,7.12539,7.12617,7.12048,7.12435,17475.0,7.124,17475
2025-10-24 13:00:00,7.12436,7.1284,7.1243,7.12728,19512.0,7.1262,19512
2025-10-24 14:00:00,7.12728,7.12846,7.12587,7.12781,18434.0,7.1273,18434
2025-10-24 15:00:00,7.1277,7.12784,7.12408,7.1262,14858.0,7.1259,14858
2025-10-24 16:00:00,7.1261,7.12709,7.1251,7.12629,9399.0,7.1264,9399
2025-10-24 17:00:00,7.12633,7.12689,7.1251,7.12648,9449.0,7.126,9449
2025-10-24 18:00:00,7.12664,7.12672,7.1253,7.12572,7498.0,7.1262,7498
2025-10-24 19:00:00,7.12572,7.1263,7.1249,7.12534,7194.0,7.1257,7194
2025-10-24 20:00:00,7.12531,7.12604,7.12263,7.12549,4922.0,7.1249,4922
2025-10-26 21:00:00,7.11444,7.11615,7.11292,7.11515,316.0,7.1149,316
2025-10-26 22:00:00,7.11504,7.11617,7.11383,7.11614,650.0,7.1152,650
2025-10-26 23:00:00,7.11619,7.11764,7.11578,7.11753,931.0,7.1171,931
2025-10-27 00:00:00,7.11787,7.11802,7.11476,7.11532,5438.0,7.1165,5438
2025-10-27 01:00:00,7.11529,7.11764,7.10836,7.11066,7481.0,7.1119,7481
2025-10-27 02:00:00,7.11072,7.11426,7.11042,7.11297,11444.0,7.1125,11444
2025-10-27 03:00:00,7.11297,7.1144,7.11139,7.11415,9577.0,7.1129,9577
2025-10-27 04:00:00,7.11416,7.11589,7.11401,7.11482,7222.0,7.1149,7222
2025-10-27 05:00:00,7.11477,7.11558,7.11203,7.11243,10478.0,7.1139,10478
2025-10-27 06:00:00,7.11243,7.11329,7.1099,7.11257,13176.0,7.1116,13176
2025-10-27 07:00:00,7.11255,7.11427,7.11158,7.11395,13896.0,7.1132,13896
2025-10-27 08:00:00,7.11395,7.11426,7.1073,7.10831,15107.0,7.111,15107
2025-10-27 09:00:00,7.10836,7.10836,7.10271,7.1044,15179.0,7.1056,15179
2025-10-27 10:00:00,7.10438,7.10495,7.1023,7.10353,10849.0,7.1039,10849
2025-10-27 11:00:00,7.10337,7.10476,7.1024,7.10367,12417.0,7.1036,12417
2025-10-27 12:00:00,7.1037,7.10663,7.1023,7.10636,12667.0,7.1046,12667
2025-10-27 13:00:00,7.1061,7.10955,7.10582,7.10846,14893.0,7.1077,14893
2025-10-27 14:00:00,7.10841,7.11105,7.10754,7.11045,17213.0,7.1092,17213
2025-10-27 15:00:00,7.11053,7.11225,7.1083,7.10894,14324.0,7.1102,14324
2025-10-27 16:00:00,7.10892,7.10931,7.10767,7.1078,10989.0,7.1085,10989
2025-10-27 17:00:00,7.10778,7.10886,7.10703,7.1081,10261.0,7.1079,10261
2025-10-27 18:00:00,7.10811,7.10951,7.107,7.10763,9740.0,7.1085,9740
2025-10-27 19:00:00,7.10758,7.10944,7.10754,7.10858,9866.0,7.1088,9866
2025-10-27 20:00:00,7.1086,7.10942,7.10798,7.10922,5671.0,7.1086,5671
2025-10-27 21:00:00,7.10922,7.10935,7.09908,7.10501,1726.0,7.1062,1726
2025-10-27 22:00:00,7.10586,7.10904,7.10465,7.1085,1523.0,7.107,1523
2025-10-27 23:00:00,7.1072,7.10884,7.10587,7.10816,2649.0,7.1072,2649
2025-10-28 00:00:00,7.10833,7.1094,7.1038,7.10443,5725.0,7.1063,5725
2025-10-28 01:00:00,7.10447,7.10769,7.1024,7.10378,6822.0,7.1056,6822
2025-10-28 02:00:00,7.10373,7.10425,7.0981,7.10243,13876.0,7.1019,13876
2025-10-28 03:00:00,7.10245,7.10311,7.09823,7.09868,11475.0,7.1014,11475
2025-10-28 04:00:00,7.09872,7.09872,7.09486,7.09571,11732.0,7.0969,11732
2025-10-28 05:00:00,7.09598,7.10036,7.0955,7.09857,12408.0,7.0978,12408
2025-10-28 06:00:00,7.09852,7.10076,7.09657,7.0984,14293.0,7.0983,14293
2025-10-28 07:00:00,7.09833,7.10184,7.09788,7.09871,15036.0,7.0998,15036
2025-10-28 08:00:00,7.09872,7.10011,7.09556,7.09873,16141.0,7.0988,16141
2025-10-28 09:00:00,7.09859,7.09936,7.09569,7.09686,13270.0,7.0978,13270
2025-10-28 10:00:00,7.09685,7.09761,7.0958,7.09683,10630.0,7.0969,10630
2025-10-28 11:00:00,7.09675,7.09871,7.0964,7.09785,10495.0,7.0979,10495
2025-10-28 12:00:00,7.09786,7.09989,7.09722,7.09955,13597.0,7.0985,13597
2025-10-28 13:00:00,7.09967,7.10166,7.09946,7.09996,15670.0,7.1007,15670
2025-10-28 14:00:00,7.0999,7.10039,7.09326,7.09368,15802.0,7.0968,15802
2025-10-28 15:00:00,7.09368,7.09652,7.0912,7.09605,14431.0,7.0934,14431
2025-10-28 16:00:00,7.09611,7.09745,7.09308,7.0947,14810.0,7.0956,14810
2025-10-28 17:00:00,7.0947,7.09516,7.09327,7.09394,9145.0,7.0942,9145
2025-10-28 18:00:00,7.09393,7.09493,7.09323,7.09325,7586.0,7.094,7586
2025-10-28 19:00:00,7.09324,7.09512,7.09305,7.09487,8503.0,7.0941,8503
2025-10-28 20:00:00,7.09489,7.09621,7.09082,7.0951,4550.0,7.0951,4550
2025-10-28 21:00:00,7.0951,7.09576,7.08552,7.0952,1128.0,7.094,1128
2025-10-28 22:00:00,7.09284,7.09655,7.09275,7.09554,1165.0,7.0951,1165
2025-10-28 23:00:00,7.09444,7.09688,7.09357,7.09365,1612.0,7.0956,1612
2025-10-29 00:00:00,7.09401,7.09443,7.09056,7.09244,6251.0,7.0927,6251
2025-10-29 01:00:00,7.09261,7.09847,7.09247,7.09808,6527.0,7.0957,6527
2025-10-29 02:00:00,7.09811,7.10086,7.0972,7.09832,11053.0,7.0994,11053
2025-10-29 03:00:00,7.09831,7.09922,7.0967,7.09897,9070.0,7.0983,9070
2025-10-29 04:00:00,7.09903,7.10017,7.0988,7.09913,7631.0,7.0996,7631
2025-10-29 05:00:00,7.09917,7.09952,7.0973,7.09823,10376.0,7.0986,10376
2025-10-29 06:00:00,7.09836,7.09995,7.0982,7.09894,12803.0,7.0991,12803
2025-10-29 07:00:00,7.09892,7.09955,7.0958,7.09746,15063.0,7.0977,15063
2025-10-29 08:00:00,7.09755,7.0999,7.09715,7.09965,13439.0,7.0984,13439
2025-10-29 09:00:00,7.09977,7.10061,7.0979,7.0986,12618.0,7.0991,12618
2025-10-29 10:00:00,7.0986,7.09953,7.0963,7.09719,11299.0,7.098,11299
2025-10-29 11:00:00,7.09727,7.09915,7.09681,7.09829,10892.0,7.098,10892
2025-10-29 12:00:00,7.09835,7.09945,7.0977,7.09821,13358.0,7.0985,13358
2025-10-29 13:00:00,7.09806,7.09824,7.0952,7.09727,16416.0,7.0968,16416
2025-10-29 14:00:00,7.09724,7.0977,7.09426,7.09445,14630.0,7.0962,14630
2025-10-29 15:00:00,7.09432,7.09445,7.0883,7.08935,14872.0,7.0923,14872
2025-10-29 16:00:00,7.08932,7.09064,7.0882,7.0899,11899.0,7.0893,11899
2025-10-29 17:00:00,7.08984,7.09174,7.0877,7.08794,13008.0,7.0904,13008
2025-10-29 18:00:00,7.08794,7.10082,7.08763,7.09564,20309.0,7.0945,20309
2025-10-29 19:00:00,7.09566,7.10028,7.09438,7.09734,19499.0,7.0983,19499
2025-10-29 20:00:00,7.09735,7.09933,7.08068,7.09652,10794.0,7.0977,10794
2025-10-29 21:00:00,7.09652,7.09791,7.0403,7.09092,1703.0,7.0945,1703
2025-10-29 22:00:00,7.09379,7.09663,7.08954,7.09418,1093.0,7.0948,1093
2025-10-29 23:00:00,7.0941,7.09681,7.09201,7.09641,2294.0,7.0957,2294
2025-10-30 00:00:00,7.09669,7.09803,7.09425,7.09619,5809.0,7.096,5809
2025-10-30 01:00:00,7.09624,7.09785,7.0925,7.09486,7353.0,7.0955,7353
2025-10-30 02:00:00,7.09488,7.0958,7.0908,7.09522,14182.0,7.0939,14182
2025-10-30 03:00:00,7.09515,7.09594,7.09347,7.09469,13441.0,7.0946,13441
2025-10-30 04:00:00,7.09463,7.09677,7.0913,7.09589,15946.0,7.0954,15946
2025-10-30 05:00:00,7.09583,7.1035,7.09583,7.10215,15767.0,7.1004,15767
2025-10-30 06:00:00,7.10215,7.10785,7.10185,7.10688,17217.0,7.1049,17217
2025-10-30 07:00:00,7.10687,7.10775,7.10294,7.10681,17452.0,7.1061,17452
2025-10-30 08:00:00,7.10675,7.11081,7.10572,7.1091,15741.0,7.1087,15741
2025-10-30 09:00:00,7.10909,7.11209,7.10734,7.1113,13597.0,7.109,13597
2025-10-30 10:00:00,7.1114,7.11382,7.1097,7.11362,12933.0,7.112,12933
2025-10-30 11:00:00,7.11357,7.11458,7.11154,7.11406,13146.0,7.1129,13146
2025-10-30 12:00:00,7.11409,7.1168,7.1135,7.11654,15510.0,7.1148,15510
2025-10-30 13:00:00,7.11658,7.11778,7.11284,7.11284,18720.0,7.1153,18720
2025-10-30 14:00:00,7.11318,7.11318,7.1094,7.11173,19521.0,7.1117,19521
2025-10-30 15:00:00,7.1116,7.11335,7.10995,7.11309,15491.0,7.1116,15491
2025-10-30 16:00:00,7.1131,7.11421,7.092,7.11288,12521.0,7.1133,12521
2025-10-30 17:00:00,7.11295,7.11397,7.11206,7.11245,11133.0,7.113,11133
2025-10-30 18:00:00,7.11252,7.11293,7.1103,7.11167,10918.0,7.1118,10918
2025-10-30 19:00:00,7.11171,7.11181,7.1099,7.11118,10962.0,7.1109,10962
2025-10-30 20:00:00,7.11113,7.11172,7.1092,7.11015,5816.0,7.1106,5816
2025-10-30 21:00:00,7.11015,7.11196,7.10737,7.11153,1043.0,7.1105,1043
2025-10-30 22:00:00,7.10984,7.11239,7.10965,7.10995,1304.0,7.1106,1304
2025-10-30 23:00:00,7.11,7.11113,7.10935,7.10969,1591.0,7.1103,1591
2025-10-31 00:00:00,7.11006,7.11093,7.1074,7.10887,5305.0,7.1091,5305
2025-10-31 01:00:00,7.10895,7.11288,7.10804,7.11069,6557.0,7.1104,6557
2025-10-31 02:00:00,7.11071,7.1117,7.10807,7.11093,12414.0,7.1105,12414
2025-10-31 03:00:00,7.11093,7.11243,7.11069,7.11134,9961.0,7.1114,9961
2025-10-31 04:00:00,7.1114,7.11192,7.11022,7.11161,6435.0,7.1111,6435
2025-10-31 05:00:00,7.1117,7.11274,7.1105,7.11176,10062.0,7.1119,10062
2025-10-31 06:00:00,7.11172,7.11505,7.1104,7.11482,12745.0,7.1122,12745
2025-10-31 07:00:00,7.1149,7.11796,7.11459,7.11662,15184.0,7.1166,15184
2025-10-31 08:00:00,7.1166,7.11815,7.1153,7.11601,12929.0,7.1167,12929
2025-10-31 09:00:00,7.11605,7.11721,7.11484,7.11563,11381.0,7.1162,11381
2025-10-31 10:00:00,7.11564,7.11762,7.11518,7.11707,10679.0,7.1167,10679
2025-10-31 11:00:00,7.117,7.11985,7.11664,7.11862,10375.0,7.1181,10375
2025-10-31 12:00:00,7.11859,7.12096,7.1181,7.12041,13007.0,7.1194,13007
2025-10-31 13:00:00,7.1203,7.12353,7.1196,7.12152,15641.0,7.1217,15641
2025-10-31 14:00:00,7.1216,7.12458,7.12109,7.12315,15763.0,7.123,15763
2025-10-31 15:00:00,7.12324,7.12412,7.1129,7.12219,15549.0,7.1223,15549
2025-10-31 16:00:00,7.12218,7.12456,7.12183,7.1241,14692.0,7.1235,14692
2025-10-31 17:00:00,7.12409,7.12471,7.1235,7.12432,11227.0,7.1242,11227
2025-10-31 18:00:00,7.12432,7.12588,7.1233,7.12427,10996.0,7.1244,10996
2025-10-31 19:00:00,7.12427,7.12455,7.123,7.12333,9210.0,7.1239,9210
2025-10-31 20:00:00,7.1235,7.12394,7.09692,7.12232,5205.0,7.1228,5205
2025-11-02 22:00:00,7.11934,7.12056,7.11711,7.12002,1674.0,7.1196,1674
2025-11-02 23:00:00,7.12072,7.12245,7.11839,7.1201,2039.0,7.1202,2039
2025-11-03 00:00:00,7.12022,7.12291,7.11983,7.12264,3636.0,7.1218,3636
2025-11-03 01:00:00,7.12272,7.12481,7.12047,7.12116,6822.0,7.1227,6822
2025-11-03 02:00:00,7.1212,7.1214,7.105,7.11866,12998.0,7.119,12998
2025-11-03 03:00:00,7.11864,7.12014,7.1183,7.11833,8474.0,7.1191,8474
2025-11-03 04:00:00,7.11831,7.11843,7.1168,7.11689,6444.0,7.1173,6444
2025-11-03 05:00:00,7.11687,7.11867,7.11646,7.11726,8369.0,7.1178,8369
2025-11-03 06:00:00,7.11723,7.11851,7.11591,7.11772,9792.0,7.1173,9792
2025-11-03 07:00:00,7.11785,7.12058,7.1136,7.11999,14766.0,7.1179,14766
2025-11-03 08:00:00,7.12002,7.12687,7.12001,7.12522,15400.0,7.1237,15400
2025-11-03 09:00:00,7.12522,7.12584,7.1235,7.12532,11904.0,7.1248,11904
2025-11-03 10:00:00,7.12532,7.12548,7.1232,7.12475,9611.0,7.1247,9611
2025-11-03 11:00:00,7.12469,7.12563,7.1239,7.12547,10048.0,7.125,10048
2025-11-03 12:00:00,7.12544,7.12598,7.1242,7.12491,9252.0,7.1251,9252
2025-11-03 13:00:00,7.12491,7.1262,7.12452,7.12583,13663.0,7.1254,13663
2025-11-03 14:00:00,7.12587,7.1276,7.12518,7.12679,15466.0,7.1263,15466
2025-11-03 15:00:00,7.12558,7.12901,7.12479,7.12855,17510.0,7.1279,17510
2025-11-03 16:00:00,7.12853,7.12869,7.12655,7.12693,14234.0,7.1276,14234
2025-11-03 17:00:00,7.12688,7.12742,7.1246,7.12584,11251.0,7.1261,11251
2025-11-03 18:00:00,7.12583,7.12655,7.1246,7.12594,10440.0,7.1259,10440
2025-11-03 19:00:00,7.12597,7.12643,7.1253,7.12617,11413.0,7.1261,11413
2025-11-03 20:00:00,7.1261,7.12653,7.1252,7.12613,7991.0,7.1261,7991
2025-11-03 21:00:00,7.12612,7.12668,7.1241,7.12564,4000.0,7.1262,4000
2025-11-03 22:00:00,7.12564,7.12699,7.12345,7.12639,920.0,7.126,920
2025-11-03 23:00:00,7.12541,7.12767,7.12431,7.12738,1959.0,7.1262,1959
2025-11-04 00:00:00,7.12722,7.12872,7.12611,7.12749,4686.0,7.1274,4686
2025-11-04 01:00:00,7.12747,7.12968,7.1253,7.12765,5608.0,7.1279,5608
2025-11-04 02:00:00,7.12765,7.12884,7.1269,7.12769,12506.0,7.128,12506
2025-11-04 03:00:00,7.12764,7.12869,7.12643,7.12855,11571.0,7.1275,11571
2025-11-04 04:00:00,7.12855,7.1297,7.1279,7.12957,9633.0,7.1291,9633
2025-11-04 05:00:00,7.12963,7.13214,7.1287,7.13002,14054.0,7.1305,14054
2025-11-04 06:00:00,7.12993,7.13054,7.12618,7.12719,16429.0,7.1279,16429
2025-11-04 07:00:00,7.12716,7.1274,7.1244,7.12675,15367.0,7.1263,15367
2025-11-04 08:00:00,7.12674,7.12745,7.12401,7.1261,16278.0,7.1258,16278
2025-11-04 09:00:00,7.1261,7.12733,7.1246,7.12724,14279.0,7.126,14279
2025-11-04 10:00:00,7.12718,7.12782,7.12616,7.12743,13053.0,7.1268,13053
2025-11-04 11:00:00,7.12742,7.12955,7.1267,7.12909,12701.0,7.1283,12701
2025-11-04 12:00:00,7.1291,7.12958,7.12804,7.12842,13594.0,7.1289,13594
2025-11-04 13:00:00,7.12838,7.13077,7.12798,7.13027,15715.0,7.1301,15715
2025-11-04 14:00:00,7.13023,7.13451,7.13008,7.13365,16765.0,7.1323,16765
2025-11-04 15:00:00,7.13338,7.13511,7.13329,7.13454,16190.0,7.1343,16190
2025-11-04 16:00:00,7.13453,7.13498,7.13252,7.13285,13768.0,7.1337,13768
2025-11-04 17:00:00,7.13292,7.13454,7.1323,7.13438,10559.0,7.1337,10559
2025-11-04 18:00:00,7.1344,7.13496,7.1332,7.13403,9983.0,7.1343,9983
2025-11-04 19:00:00,7.134,7.13514,7.133,7.13488,10717.0,7.1342,10717
2025-11-04 20:00:00,7.13488,7.13598,7.1341,7.13497,10275.0,7.1351,10275
2025-11-04 21:00:00,7.13497,7.13587,7.13333,7.13458,4628.0,7.1353,4628
2025-11-04 22:00:00,7.13458,7.13524,7.1326,7.13473,1107.0,7.1342,1107
2025-11-04 23:00:00,7.13388,7.13494,7.13325,7.1344,1272.0,7.1343,1272
2025-11-05 00:00:00,7.13441,7.13594,7.13275,7.13277,4146.0,7.1342,4146
2025-11-05 01:00:00,7.13283,7.13822,7.13274,7.1335,7521.0,7.1348,7521
2025-11-05 02:00:00,7.13359,7.13453,7.13126,7.13222,15572.0,7.1328,15572
2025-11-05 03:00:00,7.13218,7.13365,7.1302,7.13212,13835.0,7.1321,13835
2025-11-05 04:00:00,7.13218,7.13353,7.1317,7.13305,8982.0,7.1329,8982
2025-11-05 05:00:00,7.13299,7.13333,7.13096,7.13185,11646.0,7.1322,11646
2025-11-05 06:00:00,7.13192,7.1324,7.13009,7.13191,13132.0,7.1312,13132
2025-11-05 07:00:00,7.13192,7.13365,7.131,7.13159,12878.0,7.132,12878
2025-11-05 08:00:00,7.1316,7.1319,7.12831,7.12982,15131.0,7.1299,15131
2025-11-05 09:00:00,7.12981,7.13185,7.12875,7.13159,12770.0,7.1304,12770
2025-11-05 10:00:00,7.13151,7.13333,7.1304,7.13147,11908.0,7.1321,11908
2025-11-05 11:00:00,7.13149,7.13224,7.12976,7.13094,11450.0,7.1311,11450
2025-11-05 12:00:00,7.13086,7.13174,7.1301,7.13121,12113.0,7.1311,12113
2025-11-05 13:00:00,7.13121,7.13346,7.1305,7.13338,14905.0,7.1324,14905
2025-11-05 14:00:00,7.1334,7.13404,7.13245,7.13321,14675.0,7.1335,14675
2025-11-05 15:00:00,7.13331,7.13467,7.13063,7.13126,18647.0,7.1324,18647
2025-11-05 16:00:00,7.13125,7.13294,7.12993,7.13028,15853.0,7.1317,15853
2025-11-05 17:00:00,7.13028,7.13191,7.1292,7.13129,10740.0,7.1308,10740
2025-11-05 18:00:00,7.13126,7.1346,7.1304,7.13138,9676.0,7.1314,9676
2025-11-05 19:00:00,7.1313,7.13189,7.1304,7.13056,8065.0,7.1312,8065
2025-11-05 20:00:00,7.13052,7.13068,7.1292,7.13023,7629.0,7.1301,7629
2025-11-05 21:00:00,7.13025,7.13144,7.1294,7.13125,3544.0,7.1304,3544
2025-11-05 22:00:00,7.13125,7.13137,7.12845,7.13045,994.0,7.13,994
2025-11-05 23:00:00,7.12932,7.13043,7.12845,7.12893,2368.0,7.1294,2368
2025-11-06 00:00:00,7.12897,7.12978,7.1276,7.12837,3326.0,7.1289,3326
2025-11-06 01:00:00,7.1284,7.12926,7.1246,7.12664,5437.0,7.1271,5437
2025-11-06 02:00:00,7.12662,7.12857,7.1254,7.12813,12325.0,7.1269,12325
2025-11-06 03:00:00,7.12813,7.12817,7.1259,7.12715,9825.0,7.1273,9825
2025-11-06 04:00:00,7.12713,7.12883,7.126,7.12763,7466.0,7.1277,7466
2025-11-06 05:00:00,7.12768,7.12876,7.12732,7.1276,9071.0,7.128,9071
2025-11-06 06:00:00,7.12762,7.12865,7.1262,7.12752,10526.0,7.1275,10526
2025-11-06 07:00:00,7.12746,7.12765,7.1249,7.12644,13627.0,7.1262,13627
2025-11-06 08:00:00,7.12647,7.12698,7.12403,7.12441,14160.0,7.1261,14160
2025-11-06 09:00:00,7.12438,7.12615,7.1228,7.12348,13990.0,7.1248,13990
2025-11-06 10:00:00,7.1236,7.12634,7.12301,7.12593,11492.0,7.1251,11492
2025-11-06 11:00:00,7.12578,7.12591,7.1233,7.12425,8182.0,7.1251,8182
2025-11-06 12:00:00,7.12428,7.12475,7.12156,7.12225,10363.0,7.1233,10363
2025-11-06 13:00:00,7.12219,7.12383,7.12079,7.12188,15824.0,7.1223,15824
2025-11-06 14:00:00,7.12186,7.12426,7.1206,7.12418,16874.0,7.1225,16874
2025-11-06 15:00:00,7.12418,7.1251,7.12127,7.12249,18814.0,7.1233,18814
2025-11-06 16:00:00,7.12244,7.12363,7.1218,7.12248,16500.0,7.1227,16500
2025-11-06 17:00:00,7.12249,7.12325,7.1206,7.12151,14533.0,7.1219,14533
2025-11-06 18:00:00,7.12149,7.12245,7.1202,7.12109,12023.0,7.1215,12023
2025-11-06 19:00:00,7.1211,7.12167,7.11927,7.12131,10528.0,7.1209,10528
2025-11-06 20:00:00,7.1214,7.12223,7.1204,7.12175,11282.0,7.1216,11282
2025-11-06 21:00:00,7.1218,7.12207,7.12011,7.12082,4128.0,7.1215,4128
2025-11-06 22:00:00,7.1209,7.12426,7.11995,7.12019,1372.0,7.1213,1372
2025-11-06 23:00:00,7.12011,7.1226,7.11996,7.12207,1329.0,7.1212,1329
2025-11-07 00:00:00,7.12225,7.12373,7.12149,7.12313,3339.0,7.1229,3339
2025-11-07 01:00:00,7.12313,7.12544,7.12056,7.12275,5637.0,7.1231,5637
2025-11-07 02:00:00,7.12274,7.12601,7.12225,7.1254,13020.0,7.1246,13020
2025-11-07 03:00:00,7.12547,7.1268,7.12443,7.12541,10298.0,7.1259,10298
2025-11-07 04:00:00,7.12541,7.12596,7.1238,7.1245,8635.0,7.1249,8635
2025-11-07 05:00:00,7.1245,7.12742,7.1233,7.12664,11602.0,7.1252,11602
2025-11-07 06:00:00,7.12667,7.12724,7.1253,7.12629,11653.0,7.1263,11653
2025-11-07 07:00:00,7.1264,7.127,7.1243,7.12558,12839.0,7.1257,12839
2025-11-07 08:00:00,7.12559,7.12678,7.1241,7.12634,13482.0,7.1257,13482
2025-11-07 09:00:00,7.12629,7.1272,7.125,7.12641,11509.0,7.1262,11509
2025-11-07 10:00:00,7.12637,7.12648,7.12389,7.12462,11239.0,7.125,11239
2025-11-07 11:00:00,7.12461,7.12508,7.1224,7.12263,11713.0,7.124,11713
2025-11-07 12:00:00,7.12264,7.12442,7.1217,7.12433,11752.0,7.1233,11752
2025-11-07 13:00:00,7.12426,7.12633,7.12334,7.12604,15700.0,7.1248,15700
2025-11-07 14:00:00,7.12596,7.12625,7.1237,7.12463,15934.0,7.1253,15934
2025-11-07 15:00:00,7.12504,7.12691,7.1233,7.12684,17025.0,7.125,17025
2025-11-07 16:00:00,7.1267,7.12682,7.12421,7.12532,14500.0,7.1256,14500
2025-11-07 17:00:00,7.12535,7.12702,7.1245,7.12517,13859.0,7.126,13859
2025-11-07 18:00:00,7.12523,7.12585,7.1241,7.12532,11437.0,7.1252,11437
2025-11-07 19:00:00,7.12533,7.12635,7.124,7.12616,10969.0,7.1254,10969
2025-11-07 20:00:00,7.12624,7.12669,7.12449,7.12457,10917.0,7.1259,10917
2025-11-07 21:00:00,7.12461,7.12531,7.12369,7.12508,3842.0,7.1248,3842
2025-11-09 22:00:00,7.12194,7.12515,7.12008,7.12492,1042.0,7.1248,1042
2025-11-09 23:00:00,7.12405,7.12678,7.12228,7.12662,1267.0,7.1253,1267
2025-11-10 00:00:00,7.12668,7.12678,7.12261,7.12343,3970.0,7.1242,3970
2025-11-10 01:00:00,7.12338,7.12509,7.12136,7.12175,6239.0,7.1228,6239
2025-11-10 02:00:00,7.12173,7.12357,7.12127,7.12225,12245.0,7.1225,12245
2025-11-10 03:00:00,7.12225,7.12374,7.12176,7.12312,10554.0,7.1229,10554
2025-11-10 04:00:00,7.1231,7.12314,7.12091,7.12226,9565.0,7.122,9565
2025-11-10 05:00:00,7.12227,7.12256,7.12029,7.12102,11797.0,7.1214,11797
2025-11-10 06:00:00,7.1211,7.12165,7.11969,7.12148,12058.0,7.1206,12058
2025-11-10 07:00:00,7.1215,7.12197,7.11836,7.12112,14193.0,7.1203,14193
2025-11-10 08:00:00,7.12107,7.12169,7.1184,7.12132,14620.0,7.1202,14620
2025-11-10 09:00:00,7.12138,7.12322,7.12119,7.12271,13285.0,7.1224,13285
2025-11-10 10:00:00,7.12268,7.12431,7.1222,7.12418,9680.0,7.1234,9680
2025-11-10 11:00:00,7.12417,7.12441,7.1215,7.12223,8722.0,7.1231,8722
2025-11-10 12:00:00,7.12214,7.12287,7.1207,7.1222,11517.0,7.1219,11517
2025-11-10 13:00:00,7.12218,7.12221,7.12,7.12175,12576.0,7.1215,12576
2025-11-10 14:00:00,7.12164,7.12412,7.12159,7.12273,14680.0,7.1232,14680
2025-11-10 15:00:00,7.12262,7.12424,7.1218,7.12405,10260.0,7.1228,10260
2025-11-10 16:00:00,7.12404,7.12409,7.1221,7.12302,9106.0,7.1234,9106
2025-11-10 17:00:00,7.12299,7.12349,7.12118,7.12144,11399.0,7.1225,11399
2025-11-10 18:00:00,7.12144,7.12181,7.1206,7.1216,8540.0,7.1214,8540
2025-11-10 19:00:00,7.12161,7.12182,7.1206,7.12128,8081.0,7.1215,8081
2025-11-10 20:00:00,7.12131,7.12176,7.1205,7.1211,8338.0,7.1212,8338
2025-11-10 21:00:00,7.12109,7.12256,7.1204,7.12254,3789.0,7.1213,3789
2025-11-10 22:00:00,7.12254,7.12268,7.12015,7.12045,1120.0,7.1211,1120
2025-11-10 23:00:00,7.12045,7.12212,7.12045,7.12183,1468.0,7.121,1468
2025-11-11 00:00:00,7.12164,7.12346,7.12046,7.12224,3127.0,7.1219,3127
2025-11-11 01:00:00,7.12215,7.1257,7.12139,7.12386,5971.0,7.1238,5971
2025-11-11 02:00:00,7.12388,7.12666,7.1233,7.12584,11661.0,7.1248,11661
2025-11-11 03:00:00,7.12584,7.12595,7.1237,7.1244,9093.0,7.1248,9093
2025-11-11 04:00:00,7.1244,7.12539,7.1237,7.12497,4637.0,7.1247,4637
2025-11-11 05:00:00,7.12498,7.12532,7.1236,7.12443,10982.0,7.1245,10982
2025-11-11 06:00:00,7.1245,7.12478,7.1228,7.12424,10782.0,7.1241,10782
2025-11-11 07:00:00,7.1242,7.1248,7.12248,7.12309,13893.0,7.1234,13893
2025-11-11 08:00:00,7.12315,7.1239,7.1224,7.1234,13202.0,7.1234,13202
2025-11-11 09:00:00,7.12342,7.12367,7.1211,7.12187,11300.0,7.1224,11300
2025-11-11 10:00:00,7.12181,7.12255,7.1207,7.12156,9472.0,7.1218,9472
2025-11-11 11:00:00,7.12164,7.1223,7.121,7.12197,8469.0,7.1219,8469
2025-11-11 12:00:00,7.12197,7.122,7.1201,7.12174,8526.0,7.1213,8526
2025-11-11 13:00:00,7.12167,7.12168,7.11736,7.11851,15532.0,7.1195,15532
2025-11-11 14:00:00,7.11851,7.11965,7.11714,7.11787,13979.0,7.1183,13979
2025-11-11 15:00:00,7.1178,7.12035,7.1178,7.11979,15574.0,7.1192,15574
2025-11-11 16:00:00,7.11969,7.1206,7.1187,7.11987,12738.0,7.1198,12738
2025-11-11 17:00:00,7.11981,7.12049,7.1189,7.11969,9876.0,7.1198,9876
2025-11-11 18:00:00,7.11965,7.12072,7.1191,7.12036,8154.0,7.1201,8154
2025-11-11 19:00:00,7.1204,7.1219,7.1196,7.12166,9303.0,7.1207,9303
2025-11-11 20:00:00,7.12165,7.12219,7.121,7.12194,9146.0,7.1217,9146
2025-11-11 21:00:00,7.12186,7.12249,7.1214,7.12242,4750.0,7.1221,4750
2025-11-11 22:00:00,7.12242,7.12254,7.11765,7.1205,1098.0,7.121,1098
2025-11-11 23:00:00,7.12056,7.12176,7.1202,7.12114,1953.0,7.1209,1953
2025-11-12 00:00:00,7.12101,7.12196,7.11926,7.12181,2637.0,7.1212,2637
2025-11-12 01:00:00,7.12181,7.12297,7.11853,7.12017,6695.0,7.1205,6695
2025-11-12 02:00:00,7.12017,7.12205,7.1189,7.12175,11614.0,7.1207,11614
2025-11-12 03:00:00,7.12175,7.12275,7.1194,7.12088,8617.0,7.1214,8617
2025-11-12 04:00:00,7.12087,7.12278,7.1207,7.12253,8130.0,7.1217,8130
2025-11-12 05:00:00,7.1226,7.1229,7.1203,7.12187,11045.0,7.1218,11045
2025-11-12 06:00:00,7.12187,7.12204,7.12,7.12113,10120.0,7.1212,10120
2025-11-12 07:00:00,7.12109,7.12117,7.11878,7.11966,12662.0,7.1197,12662
2025-11-12 08:00:00,7.11989,7.12038,7.11793,7.11906,15557.0,7.1191,15557
2025-11-12 09:00:00,7.11905,7.12033,7.1178,7.11994,13108.0,7.1192,13108
2025-11-12 10:00:00,7.11988,7.12091,7.1193,7.11985,10933.0,7.1202,10933
2025-11-12 11:00:00,7.11986,7.12052,7.1187,7.11915,9399.0,7.1198,9399
2025-11-12 12:00:00,7.11916,7.11975,7.11828,7.1189,11759.0,7.119,11759
2025-11-12 13:00:00,7.1189,7.11917,7.11741,7.11784,13149.0,7.1185,13149
2025-11-12 14:00:00,7.1179,7.11856,7.11514,7.11608,15559.0,7.1175,15559
2025-11-12 15:00:00,7.1161,7.1164,7.11246,7.11378,16277.0,7.1145,16277
2025-11-12 16:00:00,7.11384,7.11394,7.1113,7.11215,14214.0,7.1124,14214
2025-11-12 17:00:00,7.11217,7.11233,7.11046,7.11165,11893.0,7.1115,11893
2025-11-12 18:00:00,7.11159,7.11229,7.1108,7.11124,9788.0,7.1116,9788
2025-11-12 19:00:00,7.11119,7.11229,7.11084,7.11185,8873.0,7.1117,8873
2025-11-12 20:00:00,7.11185,7.11264,7.111,7.11214,5887.0,7.1118,5887
2025-11-12 21:00:00,7.11204,7.11301,7.1113,7.11262,1288.0,7.1122,1288
2025-11-12 22:00:00,7.11262,7.11262,7.10986,7.112,1043.0,7.1118,1043
2025-11-12 23:00:00,7.11138,7.11232,7.1106,7.11137,1936.0,7.1115,1936
2025-11-13 00:00:00,7.11109,7.11225,7.10997,7.11163,4103.0,7.1113,4103
2025-11-13 01:00:00,7.11161,7.11516,7.11087,7.11241,6432.0,7.1135,6432
2025-11-13 02:00:00,7.11246,7.11382,7.11008,7.1104,5950.0,7.1124,5950
2025-11-13 03:00:00,7.11035,7.11069,7.10294,7.10382,6318.0,7.1068,6318
2025-11-13 04:00:00,7.10377,7.10447,7.10176,7.10275,4278.0,7.1034,4278
2025-11-13 05:00:00,7.10271,7.10494,7.1019,7.10456,5000.0,7.1035,5000
2025-11-13 06:00:00,7.10456,7.10573,7.10295,7.10462,5571.0,7.1043,5571
2025-11-13 07:00:00,7.10463,7.10622,7.0945,7.09642,8059.0,7.1006,8059
2025-11-13 08:00:00,7.09639,7.09842,7.09393,7.09639,7784.0,7.0964,7784
2025-11-13 09:00:00,7.09646,7.09925,7.0947,7.09812,6151.0,7.0973,6151
2025-11-13 10:00:00,7.09812,7.09948,7.09731,7.09909,4263.0,7.0985,4263
2025-11-13 11:00:00,7.09907,7.09953,7.09623,7.09706,5265.0,7.0975,5265
2025-11-13 12:00:00,7.09701,7.09782,7.094,7.09499,4989.0,7.0962,4989
2025-11-13 13:00:00,7.09495,7.09929,7.09479,7.09744,6408.0,7.0977,6408
2025-11-13 14:00:00,7.0974,7.09852,7.0927,7.09349,7669.0,7.0962,7669
2025-11-13 15:00:00,7.09353,7.09458,7.09188,7.09223,7350.0,7.0932,7350
2025-11-13 16:00:00,7.09228,7.0941,7.09151,7.09318,6013.0,7.0927,6013
2025-11-13 17:00:00,7.09328,7.09399,7.09173,7.09348,5827.0,7.093,5827
2025-11-13 18:00:00,7.09339,7.09744,7.0925,7.09682,5370.0,7.0954,5370
2025-11-13 19:00:00,7.09678,7.0976,7.0961,7.09715,4093.0,7.0969,4093
2025-11-13 20:00:00,7.09707,7.112,7.0965,7.09783,4205.0,7.0975,4205
2025-11-13 21:00:00,7.09785,7.09813,7.09519,7.09681,1666.0,7.0975,1666
2025-11-13 22:00:00,7.09681,7.09702,7.0908,7.09507,1733.0,7.0941,1733
2025-11-13 23:00:00,7.09417,7.09844,7.09246,7.09808,2879.0,7.0962,2879
2025-11-14 00:00:00,7.09826,7.099,7.0959,7.09737,3855.0,7.0972,3855
2025-11-14 01:00:00,7.09733,7.09865,7.09048,7.09399,6985.0,7.0953,6985
2025-11-14 02:00:00,7.09382,7.09783,7.0925,7.09568,13141.0,7.0959,13141
2025-11-14 03:00:00,7.09575,7.096,7.0941,7.09444,10233.0,7.095,10233
2025-11-14 04:00:00,7.09442,7.09449,7.0924,7.093,7747.0,7.0936,7747
2025-11-14 05:00:00,7.09291,7.09623,7.09277,7.09547,10708.0,7.0947,10708
2025-11-14 06:00:00,7.09549,7.09813,7.0944,7.09754,12256.0,7.0965,12256
2025-11-14 07:00:00,7.09761,7.10127,7.09686,7.09917,14283.0,7.0988,14283
2025-11-14 08:00:00,7.09921,7.10237,7.09822,7.09864,16975.0,7.1001,16975
2025-11-14 09:00:00,7.09868,7.09988,7.09757,7.09845,11216.0,7.099,11216
2025-11-14 10:00:00,7.0984,7.09999,7.09814,7.09968,9690.0,7.0991,9690
2025-11-14 11:00:00,7.09965,7.10079,7.0981,7.09829,10951.0,7.0997,10951
2025-11-14 12:00:00,7.09819,7.09864,7.09222,7.09256,14985.0,7.0966,14985
2025-11-14 13:00:00,7.09253,7.09718,7.09086,7.09625,18430.0,7.0941,18430
2025-11-14 14:00:00,7.09618,7.09816,7.0944,7.09519,17203.0,7.0966,17203
2025-11-14 15:00:00,7.0952,7.09841,7.09513,7.09736,14293.0,7.097,14293
2025-11-14 16:00:00,7.09727,7.09951,7.09694,7.09929,8295.0,7.0981,8295
2025-11-14 17:00:00,7.09927,7.10035,7.09899,7.09954,10320.0,7.0996,10320
2025-11-14 18:00:00,7.09953,7.10193,7.09941,7.10052,10737.0,7.1006,10737
2025-11-14 19:00:00,7.10053,7.10083,7.0993,7.10044,9485.0,7.1002,9485
2025-11-14 20:00:00,7.10047,7.10152,7.0992,7.10073,7514.0,7.1005,7514
2025-11-14 21:00:00,7.10061,7.10156,7.09631,7.10018,3607.0,7.1002,3607
2025-11-16 22:00:00,7.08413,7.09655,7.08239,7.09389,2499.0,7.0932,2499
2025-11-16 23:00:00,7.09381,7.09886,7.09228,7.09851,2475.0,7.0961,2475
2025-11-17 00:00:00,7.09841,7.10198,7.09841,7.10015,3192.0,7.1006,3192
2025-11-17 01:00:00,7.10015,7.10701,7.09801,7.10673,7092.0,7.1023,7092
2025-11-17 02:00:00,7.10673,7.10798,7.10472,7.10558,12785.0,7.106,12785
2025-11-17 03:00:00,7.10565,7.10754,7.10534,7.10682,9566.0,7.1064,9566
2025-11-17 04:00:00,7.10687,7.10702,7.10557,7.10625,6106.0,7.1061,6106
2025-11-17 05:00:00,7.10626,7.1066,7.10384,7.1052,10537.0,7.1056,10537
2025-11-17 06:00:00,7.10514,7.10709,7.104,7.10529,11660.0,7.1059,11660
2025-11-17 07:00:00,7.1054,7.10757,7.10459,7.10616,10085.0,7.1059,10085
2025-11-17 08:00:00,7.10619,7.11034,7.1057,7.10957,9797.0,7.1079,9797
2025-11-17 09:00:00,7.10953,7.11126,7.10856,7.10888,12319.0,7.1101,12319
2025-11-17 10:00:00,7.10894,7.11025,7.107,7.11012,10823.0,7.1089,10823
2025-11-17 11:00:00,7.11011,7.11059,7.10834,7.10886,9579.0,7.1095,9579
2025-11-17 12:00:00,7.10888,7.10962,7.1075,7.10891,10100.0,7.1087,10100
2025-11-17 13:00:00,7.1089,7.11048,7.10837,7.10968,13636.0,7.1096,13636
2025-11-17 14:00:00,7.10974,7.11047,7.1085,7.10956,13940.0,7.1095,13940
2025-11-17 15:00:00,7.10966,7.11044,7.10834,7.10837,15586.0,7.1096,15586
2025-11-17 16:00:00,7.10839,7.10908,7.1065,7.10786,12221.0,7.108,12221
2025-11-17 17:00:00,7.10795,7.10891,7.1072,7.10838,9229.0,7.1082,9229
2025-11-17 18:00:00,7.10844,7.10918,7.1078,7.10886,9910.0,7.1087,9910
2025-11-17 19:00:00,7.10876,7.11071,7.1082,7.11049,9729.0,7.1096,9729
2025-11-17 20:00:00,7.1106,7.11085,7.10828,7.10872,10385.0,7.1094,10385
2025-11-17 21:00:00,7.10865,7.10893,7.10679,7.10806,2919.0,7.1083,2919
2025-11-17 22:00:00,7.10806,7.10943,7.10635,7.10766,1226.0,7.108,1226
2025-11-17 23:00:00,7.1077,7.10881,7.1065,7.10676,1906.0,7.1076,1906
2025-11-18 00:00:00,7.10712,7.11022,7.1068,7.1098,3652.0,7.1088,3652
2025-11-18 01:00:00,7.1098,7.11155,7.1066,7.10903,6449.0,7.1094,6449
2025-11-18 02:00:00,7.109,7.11124,7.1066,7.11089,11711.0,7.1097,11711
2025-11-18 03:00:00,7.11092,7.11325,7.10994,7.11284,10457.0,7.1115,10457
2025-11-18 04:00:00,7.11299,7.11425,7.1123,7.11395,10425.0,7.1135,10425
2025-11-18 05:00:00,7.11395,7.11573,7.112,7.11387,11170.0,7.1141,11170
2025-11-18 06:00:00,7.11366,7.11495,7.11227,7.11462,12893.0,7.1135,12893
2025-11-18 07:00:00,7.11461,7.11698,7.11414,7.11531,15018.0,7.1155,15018
2025-11-18 08:00:00,7.11531,7.11545,7.11271,7.11408,14907.0,7.1141,14907
2025-11-18 09:00:00,7.11418,7.11459,7.1115,7.11264,12456.0,7.1132,12456
2025-11-18 10:00:00,7.11272,7.11444,7.11207,7.11389,9259.0,7.1134,9259
2025-11-18 11:00:00,7.11395,7.11398,7.112,7.11312,8679.0,7.1132,8679
2025-11-18 12:00:00,7.11323,7.11384,7.1114,7.11178,10564.0,7.1127,10564
2025-11-18 13:00:00,7.11186,7.11272,7.10913,7.11087,16219.0,7.1107,16219
2025-11-18 14:00:00,7.11076,7.11173,7.1095,7.11003,15194.0,7.1108,15194
2025-11-18 15:00:00,7.11012,7.1109,7.1082,7.11046,18311.0,7.1096,18311
2025-11-18 16:00:00,7.1104,7.112,7.11024,7.11158,16880.0,7.1113,16880
2025-11-18 17:00:00,7.11148,7.11212,7.1097,7.11056,7921.0,7.1114,7921
2025-11-18 18:00:00,7.1105,7.11093,7.1078,7.10924,5688.0,7.1095,5688
2025-11-18 19:00:00,7.10923,7.10942,7.1076,7.10827,9543.0,7.1089,9543
2025-11-18 20:00:00,7.10824,7.11052,7.1073,7.10984,8708.0,7.1088,8708
2025-11-18 21:00:00,7.10993,7.11087,7.10785,7.11087,3579.0,7.1098,3579
2025-11-18 22:00:00,7.11087,7.11183,7.10765,7.11141,1708.0,7.1099,1708
2025-11-18 23:00:00,7.11038,7.11297,7.10807,7.10985,2547.0,7.1102,2547
2025-11-19 00:00:00,7.10991,7.11226,7.10956,7.11101,3380.0,7.1105,3380
2025-11-19 01:00:00,7.11102,7.11421,7.10973,7.11368,6535.0,7.1119,6535
2025-11-19 02:00:00,7.11366,7.1141,7.10976,7.11122,12666.0,7.1118,12666
2025-11-19 03:00:00,7.11135,7.11229,7.11023,7.11095,10909.0,7.1112,10909
2025-11-19 04:00:00,7.11114,7.11215,7.1103,7.11102,6788.0,7.1113,6788
2025-11-19 05:00:00,7.11114,7.11239,7.1095,7.11124,10753.0,7.1113,10753
2025-11-19 06:00:00,7.11132,7.11213,7.10929,7.11152,10774.0,7.1107,10774
2025-11-19 07:00:00,7.11152,7.11268,7.1097,7.11168,13568.0,7.1113,13568
2025-11-19 08:00:00,7.11176,7.11304,7.11026,7.11238,13899.0,7.1119,13899
2025-11-19 09:00:00,7.11247,7.11409,7.1114,7.11275,12409.0,7.1128,12409
2025-11-19 10:00:00,7.11277,7.11479,7.1121,7.11424,11014.0,7.1138,11014
2025-11-19 11:00:00,7.11416,7.11453,7.1125,7.11286,9979.0,7.1135,9979
2025-11-19 12:00:00,7.11285,7.11419,7.11177,7.11385,9610.0,7.1132,9610
2025-11-19 13:00:00,7.11384,7.11388,7.111,7.11297,11891.0,7.1125,11891
2025-11-19 14:00:00,7.113,7.11499,7.1127,7.1143,15082.0,7.1139,15082
2025-11-19 15:00:00,7.11445,7.1179,7.1129,7.11717,17496.0,7.1156,17496
2025-11-19 16:00:00,7.11726,7.12046,7.11712,7.11763,14715.0,7.1188,14715
2025-11-19 17:00:00,7.11764,7.119,7.1174,7.11807,13309.0,7.1183,13309
2025-11-19 18:00:00,7.11799,7.11816,7.1161,7.11701,10070.0,7.1173,10070
2025-11-19 19:00:00,7.11669,7.11868,7.11627,7.11833,12268.0,7.1177,12268
2025-11-19 20:00:00,7.11825,7.11868,7.1171,7.11796,9664.0,7.1179,9664
2025-11-19 21:00:00,7.11797,7.11851,7.11625,7.11739,4155.0,7.1177,4155
2025-11-19 22:00:00,7.11739,7.1188,7.11535,7.11838,578.0,7.1173,578
2025-11-19 23:00:00,7.11838,7.11887,7.1154,7.11575,2004.0,7.1165,2004
2025-11-20 00:00:00,7.11575,7.11767,7.11568,7.11713,3324.0,7.1165,3324
2025-11-20 01:00:00,7.11713,7.11851,7.11496,7.11799,6937.0,7.1166,6937
2025-11-20 02:00:00,7.11791,7.12053,7.1156,7.11955,13894.0,7.1196,13894
2025-11-20 03:00:00,7.11956,7.11963,7.11575,7.11915,11185.0,7.1183,11185
2025-11-20 04:00:00,7.11907,7.11948,7.1179,7.11858,5641.0,7.1189,5641
2025-11-20 05:00:00,7.1187,7.11924,7.1178,7.11826,8243.0,7.1186,8243
2025-11-20 06:00:00,7.11826,7.11895,7.11616,7.11697,11812.0,7.1173,11812
2025-11-20 07:00:00,7.11685,7.1192,7.1163,7.11877,13356.0,7.1178,13356
2025-11-20 08:00:00,7.11886,7.12045,7.118,7.11938,14443.0,7.1192,14443
2025-11-20 09:00:00,7.11945,7.1198,7.11678,7.11701,12238.0,7.118,12238
2025-11-20 10:00:00,7.11686,7.11745,7.1156,7.11722,10490.0,7.1169,10490
2025-11-20 11:00:00,7.11723,7.11857,7.1166,7.11834,10937.0,7.1179,10937
2025-11-20 12:00:00,7.11823,7.1192,7.1176,7.11854,10713.0,7.1185,10713
2025-11-20 13:00:00,7.11861,7.12006,7.1141,7.11484,17419.0,7.1166,17419
2025-11-20 14:00:00,7.11479,7.11517,7.11207,7.11348,19534.0,7.1136,19534
2025-11-20 15:00:00,7.11334,7.11836,7.11334,7.11788,16510.0,7.1162,16510
2025-11-20 16:00:00,7.11788,7.11991,7.11649,7.11971,18355.0,7.1179,18355
2025-11-20 17:00:00,7.1197,7.11986,7.11847,7.11871,18215.0,7.1192,18215
2025-11-20 18:00:00,7.1188,7.11899,7.1168,7.11746,14817.0,7.1177,14817
2025-11-20 19:00:00,7.11738,7.11774,7.1158,7.11687,12211.0,7.1169,12211
2025-11-20 20:00:00,7.11688,7.11835,7.1165,7.11815,10587.0,7.1176,10587
2025-11-20 21:00:00,7.11812,7.11945,7.11675,7.11762,3974.0,7.1187,3974
2025-11-20 22:00:00,7.11762,7.11806,7.11565,7.11765,1258.0,7.1172,1258
2025-11-20 23:00:00,7.11645,7.1181,7.11587,7.11696,2352.0,7.117,2352
2025-11-21 00:00:00,7.11728,7.1181,7.11501,7.11647,4424.0,7.1166,4424
2025-11-21 01:00:00,7.11644,7.11693,7.113,7.11401,6707.0,7.1152,6707
2025-11-21 02:00:00,7.11401,7.11505,7.11231,7.11413,13920.0,7.1141,13920
2025-11-21 03:00:00,7.11413,7.11539,7.11393,7.11515,10045.0,7.1148,10045
2025-11-21 04:00:00,7.11506,7.11523,7.1132,7.11369,8177.0,7.1142,8177
2025-11-21 05:00:00,7.11373,7.11567,7.1118,7.11525,11448.0,7.114,11448
2025-11-21 06:00:00,7.11525,7.11609,7.11354,7.11562,12989.0,7.1151,12989
2025-11-21 07:00:00,7.11572,7.11643,7.11416,7.11449,13987.0,7.1153,13987
2025-11-21 08:00:00,7.11444,7.11502,7.1096,7.11107,16332.0,7.1122,16332
2025-11-21 09:00:00,7.11108,7.11291,7.10933,7.11253,14899.0,7.1114,14899
2025-11-21 10:00:00,7.11254,7.11463,7.1122,7.11289,14616.0,7.1134,14616
2025-11-21 11:00:00,7.11286,7.11461,7.11093,7.11398,13390.0,7.1128,13390
2025-11-21 12:00:00,7.11399,7.11531,7.11106,7.11131,17876.0,7.1131,17876
2025-11-21 13:00:00,7.11125,7.1134,7.11066,7.11114,15617.0,7.1121,15617
2025-11-21 14:00:00,7.11114,7.11335,7.1106,7.11171,16140.0,7.1123,16140
2025-11-21 15:00:00,7.11155,7.11238,7.10938,7.11047,19889.0,7.1109,19889
2025-11-21 16:00:00,7.11045,7.1184,7.1041,7.10511,18407.0,7.1087,18407
2025-11-21 17:00:00,7.10499,7.10724,7.10464,7.10654,15614.0,7.1062,15614
2025-11-21 18:00:00,7.1065,7.10789,7.10538,7.10635,13812.0,7.1069,13812
2025-11-21 19:00:00,7.10648,7.10658,7.1039,7.1054,11515.0,7.1054,11515
2025-11-21 20:00:00,7.10535,7.10641,7.10446,7.10454,11031.0,7.1056,11031
2025-11-21 21:00:00,7.10466,7.10569,7.10326,7.10501,4693.0,7.1042,4693
2025-11-23 22:00:00,7.10274,7.10674,7.10076,7.10483,2278.0,7.1041,2278
2025-11-23 23:00:00,7.10482,7.1073,7.1025,7.10278,2406.0,7.1048,2406
2025-11-24 00:00:00,7.10282,7.10746,7.10278,7.10568,2547.0,7.1051,2547
2025-11-24 01:00:00,7.10567,7.10964,7.10457,7.10959,5720.0,7.1071,5720
2025-11-24 02:00:00,7.10959,7.112,7.10826,7.10966,12119.0,7.1093,12119
2025-11-24 03:00:00,7.1097,7.11048,7.1087,7.10942,9257.0,7.1095,9257
2025-11-24 04:00:00,7.10936,7.10992,7.10884,7.10905,6235.0,7.1094,6235
2025-11-24 05:00:00,7.10904,7.10924,7.1055,7.10648,11214.0,7.107,11214
2025-11-24 06:00:00,7.10649,7.10846,7.1057,7.10741,10084.0,7.1068,10084
2025-11-24 07:00:00,7.10733,7.1095,7.10632,7.10855,12373.0,7.1078,12373
2025-11-24 08:00:00,7.10854,7.1089,7.1061,7.10774,15114.0,7.1073,15114
2025-11-24 09:00:00,7.10776,7.10926,7.10624,7.10923,11757.0,7.1076,11757
2025-11-24 10:00:00,7.10904,7.1094,7.10694,7.10707,11358.0,7.108,11358
2025-11-24 11:00:00,7.10709,7.10753,7.1049,7.10595,10072.0,7.1067,10072
2025-11-24 12:00:00,7.10605,7.10695,7.103,7.10412,11030.0,7.105,11030
2025-11-24 13:00:00,7.10402,7.10553,7.10337,7.1047,10903.0,7.1046,10903
2025-11-24 14:00:00,7.10485,7.10664,7.1045,7.10457,11922.0,7.1055,11922
2025-11-24 15:00:00,7.1045,7.10855,7.1044,7.10648,12597.0,7.1063,12597
2025-11-24 16:00:00,7.10648,7.10767,7.1052,7.10739,9926.0,7.1066,9926
2025-11-24 17:00:00,7.10741,7.10836,7.1061,7.10664,9485.0,7.1073,9485
2025-11-24 18:00:00,7.10662,7.10703,7.1046,7.1051,8224.0,7.106,8224
2025-11-24 19:00:00,7.10511,7.10553,7.1038,7.10455,6753.0,7.105,6753
2025-11-24 20:00:00,7.10457,7.1052,7.104,7.10436,7433.0,7.1046,7433
2025-11-24 21:00:00,7.10455,7.10686,7.10324,7.10598,3345.0,7.1047,3345
2025-11-24 22:00:00,7.10598,7.10668,7.10235,7.10422,916.0,7.1045,916
2025-11-24 23:00:00,7.1043,7.10677,7.10367,7.10388,2541.0,7.1052,2541
2025-11-25 00:00:00,7.1042,7.10582,7.10301,7.10347,3288.0,7.1049,3288
2025-11-25 01:00:00,7.10353,7.10358,7.09716,7.09883,7392.0,7.1006,7392
2025-11-25 02:00:00,7.09881,7.09896,7.093,7.09444,15420.0,7.0965,15420
2025-11-25 03:00:00,7.09449,7.09585,7.09196,7.09535,12882.0,7.0941,12882
2025-11-25 04:00:00,7.09523,7.09603,7.0941,7.09499,7203.0,7.0954,7203
2025-11-25 05:00:00,7.09498,7.09571,7.09358,7.0944,9898.0,7.095,9898
2025-11-25 06:00:00,7.09445,7.09597,7.09419,7.09533,9125.0,7.0951,9125
2025-11-25 07:00:00,7.09539,7.0974,7.09304,7.09466,14000.0,7.095,14000
2025-11-25 08:00:00,7.09462,7.09503,7.09192,7.09214,15035.0,7.0933,15035
2025-11-25 09:00:00,7.09213,7.09275,7.08338,7.08647,15694.0,7.0876,15694
2025-11-25 10:00:00,7.0864,7.08675,7.0818,7.085,11116.0,7.0844,11116
2025-11-25 11:00:00,7.08507,7.08709,7.0849,7.08641,10120.0,7.0859,10120
2025-11-25 12:00:00,7.08637,7.08683,7.08249,7.08362,11680.0,7.0853,11680
2025-11-25 13:00:00,7.08352,7.08558,7.08163,7.0824,13230.0,7.0836,13230
2025-11-25 14:00:00,7.08238,7.0834,7.08031,7.08106,12119.0,7.0822,12119
2025-11-25 15:00:00,7.08094,7.1065,7.07931,7.07952,12128.0,7.0806,12128
2025-11-25 16:00:00,7.0796,7.08408,7.0788,7.08241,10864.0,7.0813,10864
2025-11-25 17:00:00,7.08249,7.08261,7.07936,7.08104,11232.0,7.0812,11232
2025-11-25 18:00:00,7.08092,7.08307,7.07949,7.0828,11114.0,7.0815,11114
2025-11-25 19:00:00,7.08273,7.08306,7.08164,7.08172,8997.0,7.0825,8997
2025-11-25 20:00:00,7.08167,7.08523,7.0811,7.08461,9818.0,7.0834,9818
2025-11-25 21:00:00,7.08461,7.08484,7.0819,7.08282,4028.0,7.0838,4028
2025-11-25 22:00:00,7.08282,7.08282,7.07925,7.08037,1505.0,7.0808,1505
2025-11-25 23:00:00,7.08098,7.08597,7.08039,7.0852,2813.0,7.0837,2813
2025-11-26 00:00:00,7.08517,7.0854,7.0792,7.08226,4567.0,7.0827,4567
2025-11-26 01:00:00,7.08224,7.08439,7.07967,7.08223,7520.0,7.0819,7520
2025-11-26 02:00:00,7.08218,7.08435,7.0807,7.08252,14620.0,7.0822,14620
2025-11-26 03:00:00,7.08253,7.0829,7.07824,7.0788,11909.0,7.0808,11909
2025-11-26 04:00:00,7.0788,7.0796,7.0775,7.07881,8312.0,7.0788,8312
2025-11-26 05:00:00,7.07881,7.07939,7.07626,7.0767,10364.0,7.0781,10364
2025-11-26 06:00:00,7.0767,7.08065,7.07631,7.08013,13863.0,7.0787,13863
2025-11-26 07:00:00,7.08001,7.08056,7.0763,7.07845,15269.0,7.0789,15269
2025-11-26 08:00:00,7.07846,7.08087,7.07521,7.07974,15680.0,7.0782,15680
2025-11-26 09:00:00,7.07979,7.0799,7.07583,7.07673,13697.0,7.0783,13697
2025-11-26 10:00:00,7.07655,7.07916,7.07516,7.07858,11791.0,7.0772,11791
2025-11-26 11:00:00,7.07869,7.07945,7.07667,7.07775,12212.0,7.0779,12212
2025-11-26 12:00:00,7.07787,7.07959,7.07673,7.07678,13134.0,7.0782,13134
2025-11-26 13:00:00,7.07677,7.07846,7.0725,7.07765,15298.0,7.0758,15298
2025-11-26 14:00:00,7.07757,7.07785,7.07294,7.07315,13877.0,7.0754,13877
2025-11-26 15:00:00,7.07319,7.07365,7.06921,7.0695,13563.0,7.0717,13563
2025-11-26 16:00:00,7.06956,7.06959,7.0664,7.06921,11705.0,7.0685,11705
2025-11-26 17:00:00,7.06914,7.0718,7.0685,7.07014,9715.0,7.0702,9715
2025-11-26 18:00:00,7.07014,7.07149,7.069,7.06987,8891.0,7.0705,8891
2025-11-26 19:00:00,7.06982,7.06991,7.0677,7.06868,8322.0,7.0689,8322
2025-11-26 20:00:00,7.06856,7.0699,7.0683,7.0695,7066.0,7.0693,7066
2025-11-26 21:00:00,7.06946,7.06975,7.068,7.06922,2805.0,7.0692,2805
2025-11-26 22:00:00,7.06922,7.06982,7.0663,7.06691,1410.0,7.0679,1410
2025-11-26 23:00:00,7.06677,7.06947,7.066,7.06677,1955.0,7.0674,1955
2025-11-27 00:00:00,7.06656,7.06774,7.06446,7.06758,3100.0,7.0664,3100
2025-11-27 01:00:00,7.06755,7.07483,7.06724,7.07276,6908.0,7.0715,6908
2025-11-27 02:00:00,7.07272,7.07725,7.0718,7.07679,12092.0,7.0747,12092
2025-11-27 03:00:00,7.07679,7.07726,7.0752,7.07603,10509.0,7.0764,10509
2025-11-27 04:00:00,7.07611,7.07655,7.0749,7.07631,6917.0,7.076,6917
2025-11-27 05:00:00,7.07622,7.07685,7.0743,7.07632,9780.0,7.0757,9780
2025-11-27 06:00:00,7.07631,7.0787,7.0754,7.0786,12554.0,7.0773,12554
2025-11-27 07:00:00,7.07849,7.07945,7.077,7.07794,10823.0,7.0784,10823
2025-11-27 08:00:00,7.07809,7.07956,7.0775,7.07861,11957.0,7.0785,11957
2025-11-27 09:00:00,7.0786,7.08181,7.07854,7.07939,12655.0,7.0802,12655
2025-11-27 10:00:00,7.0793,7.08075,7.07922,7.07956,11031.0,7.0801,11031
2025-11-27 11:00:00,7.07951,7.08133,7.07911,7.08055,8704.0,7.0803,8704
2025-11-27 12:00:00,7.08042,7.08107,7.0795,7.08085,7189.0,7.0805,7189
2025-11-27 13:00:00,7.08076,7.08091,7.0775,7.07865,9800.0,7.0792,9800
2025-11-27 14:00:00,7.07849,7.07934,7.0773,7.07836,9533.0,7.0785,9533
2025-11-27 15:00:00,7.07842,7.07853,7.0733,7.07416,10520.0,7.0756,10520
2025-11-27 16:00:00,7.07411,7.07615,7.07401,7.0755,6611.0,7.0753,6611
2025-11-27 17:00:00,7.07544,7.0766,7.0751,7.076,4112.0,7.076,4112
2025-11-27 18:00:00,7.07598,7.07619,7.0748,7.07567,2637.0,7.0758,2637
2025-11-27 19:00:00,7.07561,7.07583,7.0747,7.0753,2321.0,7.0755,2321
2025-11-27 20:00:00,7.07517,7.07543,7.073,7.07371,7534.0,7.0742,7534
2025-11-27 21:00:00,7.07381,7.07427,7.073,7.0739,3057.0,7.0737,3057
2025-11-27 22:00:00,7.0739,7.07557,7.0729,7.07389,1216.0,7.0739,1216
2025-11-27 23:00:00,7.07336,7.07528,7.0729,7.07406,1722.0,7.0739,1722
2025-11-28 00:00:00,7.07408,7.07625,7.07331,7.07541,3144.0,7.0752,3144
2025-11-28 01:00:00,7.07541,7.07962,7.07516,7.07768,5569.0,7.0776,5569
2025-11-28 02:00:00,7.07766,7.0779,7.0716,7.07297,16632.0,7.0752,16632
2025-11-28 03:00:00,7.07322,7.07336,7.07031,7.07109,16578.0,7.0718,16578
2025-11-28 04:00:00,7.07113,7.07213,7.07038,7.0715,16496.0,7.0712,16496
2025-11-28 05:00:00,7.07153,7.07335,7.07037,7.07254,17252.0,7.0718,17252
2025-11-28 06:00:00,7.07256,7.07495,7.07227,7.07381,18666.0,7.0735,18666
2025-11-28 07:00:00,7.074,7.0762,7.07303,7.07508,21827.0,7.0746,21827
2025-11-28 08:00:00,7.07498,7.07587,7.0729,7.0731,21882.0,7.0747,21882
2025-11-28 09:00:00,7.07306,7.07332,7.071,7.07195,20281.0,7.0721,20281
2025-11-28 10:00:00,7.07188,7.0738,7.0716,7.07232,7270.0,7.0724,7270
2025-11-28 11:00:00,7.0724,7.07292,7.0716,7.07212,11550.0,7.0725,11550
2025-11-28 12:00:00,7.07217,7.07924,6.67419,7.07076,15184.0,7.0707,15184
2025-11-28 13:00:00,7.07071,7.07138,7.06758,7.06803,18855.0,7.0697,18855
2025-11-28 14:00:00,7.06795,7.06856,7.0663,7.06736,13059.0,7.0676,13059
2025-11-28 15:00:00,7.06751,7.06948,7.0666,7.06899,16608.0,7.0682,16608
2025-11-28 16:00:00,7.06858,7.07114,7.0679,7.06925,14248.0,7.0697,14248
2025-11-28 17:00:00,7.06917,7.07012,7.06837,7.06898,9971.0,7.0692,9971
2025-11-28 18:00:00,7.06897,7.0702,7.0678,7.06848,6630.0,7.0688,6630
2025-11-28 19:00:00,7.06849,7.06896,7.0677,7.06843,4177.0,7.0684,4177
2025-11-28 20:00:00,7.06854,7.0705,7.06586,7.06959,11650.0,7.0689,11650
2025-11-28 21:00:00,7.06954,7.0727,7.0646,7.07139,10487.0,7.0698,10487
2025-11-30 22:00:00,7.06594,7.06808,7.06494,7.06755,3720.0,7.0669,3720
2025-11-30 23:00:00,7.0674,7.0705,7.06656,7.06791,2176.0,7.0676,2176
2025-12-01 00:00:00,7.06792,7.06886,7.06651,7.06774,4414.0,7.0679,4414
2025-12-01 01:00:00,7.06775,7.0706,7.06416,7.06793,8019.0,7.0674,8019
2025-12-01 02:00:00,7.068,7.07232,7.06795,7.07115,15272.0,7.0709,15272
2025-12-01 03:00:00,7.07115,7.07172,7.06967,7.07141,9714.0,7.0707,9714
2025-12-01 04:00:00,7.07141,7.07232,7.07061,7.07193,7567.0,7.0715,7567
2025-12-01 05:00:00,7.07194,7.0723,7.07064,7.07095,10291.0,7.0716,10291
2025-12-01 06:00:00,7.07095,7.0717,7.06978,7.0699,11719.0,7.0707,11719
2025-12-01 07:00:00,7.06988,7.07003,7.06701,7.06807,14368.0,7.0686,14368
2025-12-01 08:00:00,7.06801,7.06913,7.06682,7.0678,15190.0,7.0682,15190
2025-12-01 09:00:00,7.06781,7.06939,7.0672,7.06888,13353.0,7.0685,13353
2025-12-01 10:00:00,7.06896,7.06928,7.06787,7.06806,12295.0,7.0684,12295
2025-12-01 11:00:00,7.06802,7.06935,7.0676,7.0681,11287.0,7.0686,11287
2025-12-01 12:00:00,7.06813,7.06921,7.0643,7.06513,13222.0,7.0673,13222
2025-12-01 13:00:00,7.06521,7.06688,7.06452,7.06621,17379.0,7.0656,17379
2025-12-01 14:00:00,7.06621,7.0689,7.0661,7.06775,17422.0,7.0675,17422
2025-12-01 15:00:00,7.06596,7.07097,7.06527,7.07006,16313.0,7.0694,16313
2025-12-01 16:00:00,7.07001,7.07091,7.069,7.07019,15081.0,7.0701,15081
2025-12-01 17:00:00,7.07019,7.07062,7.0689,7.07008,11161.0,7.0701,11161
2025-12-01 18:00:00,7.07012,7.07145,7.0691,7.07142,9052.0,7.0707,9052
2025-12-01 19:00:00,7.07137,7.07266,7.0706,7.07234,9189.0,7.0721,9189
2025-12-01 20:00:00,7.07231,7.07291,7.0718,7.07258,7530.0,7.0724,7530
2025-12-01 21:00:00,7.07255,7.07331,7.06973,7.07227,3439.0,7.0725,3439
2025-12-01 22:00:00,7.07227,7.07253,7.07024,7.07109,1295.0,7.0715,1295
2025-12-01 23:00:00,7.07154,7.07321,7.071,7.07321,1853.0,7.0719,1853
2025-12-02 00:00:00,7.07278,7.07422,7.07176,7.07317,3307.0,7.0734,3307
2025-12-02 01:00:00,7.07319,7.07673,7.0725,7.07336,6611.0,7.0745,6611
2025-12-02 02:00:00,7.07336,7.0749,7.07267,7.07407,11569.0,7.0737,11569
2025-12-02 03:00:00,7.07408,7.07506,7.0708,7.07195,9837.0,7.0735,9837
2025-12-02 04:00:00,7.072,7.07264,7.07,7.07116,7395.0,7.071,7395
2025-12-02 05:00:00,7.07123,7.07301,7.0704,7.07155,9268.0,7.0716,9268
2025-12-02 06:00:00,7.07155,7.07312,7.06896,7.06973,11353.0,7.0711,11353
2025-12-02 07:00:00,7.06976,7.07122,7.06583,7.06646,14895.0,7.0676,14895
2025-12-02 08:00:00,7.06639,7.06849,7.06531,7.06715,14798.0,7.0668,14798
2025-12-02 09:00:00,7.06715,7.06827,7.06501,7.06656,12557.0,7.067,12557
2025-12-02 10:00:00,7.06654,7.06792,7.0664,7.06716,11698.0,7.0672,11698
2025-12-02 11:00:00,7.06708,7.06813,7.0663,7.06795,10364.0,7.0673,10364
2025-12-02 12:00:00,7.06794,7.06929,7.067,7.06803,11989.0,7.0686,11989
2025-12-02 13:00:00,7.06813,7.06891,7.06704,7.0671,13972.0,7.068,13972
2025-12-02 14:00:00,7.06713,7.06854,7.06672,7.06706,16065.0,7.0674,16065
2025-12-02 15:00:00,7.06706,7.0701,7.06702,7.06928,17766.0,7.0691,17766
2025-12-02 16:00:00,7.06935,7.0701,7.0685,7.0695,14489.0,7.0695,14489
2025-12-02 17:00:00,7.06947,7.06988,7.0669,7.06781,11750.0,7.0687,11750
2025-12-02 18:00:00,7.0677,7.06807,7.0667,7.06763,10422.0,7.0676,10422
2025-12-02 19:00:00,7.06756,7.06784,7.06566,7.06684,8846.0,7.0672,8846
2025-12-02 20:00:00,7.06683,7.06715,7.0658,7.06673,8605.0,7.0668,8605
2025-12-02 21:00:00,7.06674,7.06709,7.066,7.06677,2682.0,7.0668,2682
2025-12-02 22:00:00,7.06677,7.06766,7.0647,7.06526,1312.0,7.066,1312
2025-12-02 23:00:00,7.06533,7.06695,7.0642,7.06429,1971.0,7.0653,1971
2025-12-03 00:00:00,7.06437,7.06558,7.06309,7.06527,3041.0,7.0648,3041
2025-12-03 01:00:00,7.06524,7.06524,7.0608,7.06342,6981.0,7.0632,6981
2025-12-03 02:00:00,7.06342,7.0639,7.05991,7.06165,13560.0,7.0619,13560
2025-12-03 03:00:00,7.06159,7.06368,7.0593,7.06037,10214.0,7.0618,10214
2025-12-03 04:00:00,7.0605,7.0625,7.05866,7.06023,8501.0,7.0604,8501
2025-12-03 05:00:00,7.06024,7.06169,7.0582,7.06069,10968.0,7.0597,10968
2025-12-03 06:00:00,7.06068,7.06081,7.05661,7.05907,13852.0,7.0586,13852
2025-12-03 07:00:00,7.05909,7.06141,7.05815,7.05985,14064.0,7.0598,14064
2025-12-03 08:00:00,7.05984,7.06124,7.0581,7.05911,13974.0,7.0598,13974
2025-12-03 09:00:00,7.05914,7.05989,7.05779,7.05833,13037.0,7.0588,13037
2025-12-03 10:00:00,7.05839,7.05875,7.05606,7.05745,11673.0,7.0575,11673
2025-12-03 11:00:00,7.05745,7.05788,7.0561,7.05689,11039.0,7.0572,11039
2025-12-03 12:00:00,7.05691,7.05705,7.0553,7.05658,10387.0,7.0564,10387
2025-12-03 13:00:00,7.05656,7.05755,7.05539,7.05655,16282.0,7.0565,16282
2025-12-03 14:00:00,7.05655,7.05785,7.05562,7.05704,18046.0,7.0567,18046
2025-12-03 15:00:00,7.0569,7.05806,7.0538,7.0552,18114.0,7.0554,18114
2025-12-03 16:00:00,7.05516,7.069,7.0537,7.05676,14794.0,7.0552,14794
2025-12-03 17:00:00,7.05667,7.05696,7.0546,7.05544,10918.0,7.056,10918
2025-12-03 18:00:00,7.05532,7.0568,7.05498,7.05668,9936.0,7.0559,9936
2025-12-03 19:00:00,7.05653,7.05706,7.0553,7.05666,7130.0,7.0566,7130
2025-12-03 20:00:00,7.05673,7.0592,7.0559,7.05893,7954.0,7.0579,7954
2025-12-03 21:00:00,7.05903,7.05936,7.0575,7.05861,3861.0,7.0587,3861
2025-12-03 22:00:00,7.05861,7.05861,7.05435,7.05531,1013.0,7.0563,1013
2025-12-03 23:00:00,7.05551,7.05747,7.0553,7.05637,3190.0,7.0564,3190
2025-12-04 00:00:00,7.05609,7.05762,7.05546,7.05693,3111.0,7.0566,3111
2025-12-04 01:00:00,7.05681,7.0661,7.0559,7.06586,6302.0,7.0613,6302
2025-12-04 02:00:00,7.06581,7.06645,7.06311,7.0642,12806.0,7.065,12806
2025-12-04 03:00:00,7.06409,7.06685,7.06407,7.0653,10756.0,7.0654,10756
2025-12-04 04:00:00,7.06537,7.06597,7.0641,7.06577,7712.0,7.0655,7712
2025-12-04 05:00:00,7.06569,7.06625,7.063,7.06425,12230.0,7.0649,12230
2025-12-04 06:00:00,7.06425,7.06585,7.0632,7.06352,12501.0,7.0649,12501
2025-12-04 07:00:00,7.06349,7.06426,7.06175,7.0624,13380.0,7.0629,13380
2025-12-04 08:00:00,7.06241,7.06469,7.06111,7.06442,16988.0,7.0628,16988
2025-12-04 09:00:00,7.06435,7.06799,7.06433,7.06675,15314.0,7.0661,15314
2025-12-04 10:00:00,7.06668,7.06725,7.0652,7.0667,11099.0,7.0664,11099
2025-12-04 11:00:00,7.06667,7.06823,7.0656,7.06703,12953.0,7.0669,12953
2025-12-04 12:00:00,7.06703,7.06916,7.0659,7.06831,12735.0,7.0679,12735
2025-12-04 13:00:00,7.06835,7.0703,7.06629,7.06828,17721.0,7.0682,17721
2025-12-04 14:00:00,7.06841,7.06914,7.06671,7.06833,17326.0,7.0682,17326
2025-12-04 15:00:00,7.06845,7.07075,7.06814,7.06938,17830.0,7.0699,17830
2025-12-04 16:00:00,7.06928,7.0706,7.0554,7.06959,14763.0,7.0699,14763
2025-12-04 17:00:00,7.0697,7.0702,7.0689,7.06915,10836.0,7.0697,10836
2025-12-04 18:00:00,7.06921,7.06975,7.0679,7.0689,10138.0,7.069,10138
2025-12-04 19:00:00,7.06898,7.06966,7.0683,7.06929,8939.0,7.0692,8939
2025-12-04 20:00:00,7.06926,7.07135,7.0691,7.07108,9664.0,7.0703,9664
2025-12-04 21:00:00,7.07105,7.07171,7.0704,7.07146,3136.0,7.0711,3136
2025-12-04 22:00:00,7.07146,7.07166,7.06734,7.06887,1387.0,7.0692,1387
2025-12-04 23:00:00,7.06875,7.07203,7.068,7.07091,2249.0,7.0694,2249
2025-12-05 00:00:00,7.07091,7.07126,7.06836,7.07029,2562.0,7.0698,2562
2025-12-05 01:00:00,7.07015,7.07075,7.06591,7.06638,5481.0,7.0685,5481
2025-12-05 02:00:00,7.06636,7.06867,7.0661,7.06774,11612.0,7.0673,11612
2025-12-05 03:00:00,7.06773,7.06907,7.0665,7.06816,9334.0,7.0679,9334
2025-12-05 04:00:00,7.0681,7.06962,7.0671,7.06904,8393.0,7.0687,8393
2025-12-05 05:00:00,7.06904,7.06954,7.06621,7.06651,11035.0,7.0678,11035
2025-12-05 06:00:00,7.0665,7.06802,7.06411,7.06571,12767.0,7.0661,12767
2025-12-05 07:00:00,7.06569,7.06763,7.06287,7.06665,13830.0,7.0654,13830
2025-12-05 08:00:00,7.06665,7.06823,7.06588,7.06723,14750.0,7.067,14750
2025-12-05 09:00:00,7.06723,7.06838,7.06649,7.06685,10973.0,7.0676,10973
2025-12-05 10:00:00,7.06677,7.06817,7.06296,7.06751,10035.0,7.0671,10035
2025-12-05 11:00:00,7.06752,7.06908,7.06741,7.06856,9940.0,7.0685,9940
2025-12-05 12:00:00,7.06863,7.06928,7.06733,7.06914,10628.0,7.0685,10628
2025-12-05 13:00:00,7.06915,7.07082,7.06846,7.0707,13849.0,7.0698,13849
2025-12-05 14:00:00,7.0707,7.07096,7.068,7.06897,15236.0,7.0698,15236
2025-12-05 15:00:00,7.0691,7.07055,7.06628,7.06743,18135.0,7.0681,18135
2025-12-05 16:00:00,7.06785,7.0716,7.06759,7.07068,14650.0,7.0706,14650
2025-12-05 17:00:00,7.07058,7.07092,7.0684,7.06965,12428.0,7.0698,12428
2025-12-05 18:00:00,7.06965,7.0706,7.0693,7.07028,9215.0,7.07,9215
2025-12-05 19:00:00,7.07036,7.0708,7.0693,7.06991,8540.0,7.0703,8540
2025-12-05 20:00:00,7.06999,7.07108,7.0693,7.07021,8727.0,7.0706,8727
2025-12-05 21:00:00,7.07039,7.07098,7.06784,7.06909,4129.0,7.0699,4129
2025-12-07 22:00:00,7.06844,7.0685,7.06715,7.06841,730.0,7.0682,730
2025-12-07 23:00:00,7.06841,7.0691,7.06768,7.06887,373.0,7.0682,373
2025-12-08 00:00:00,7.06886,7.06966,7.06804,7.06814,2855.0,7.0686,2855
2025-12-08 01:00:00,7.06817,7.06852,7.06436,7.06743,6355.0,7.0666,6355
2025-12-08 02:00:00,7.0674,7.06936,7.06656,7.06808,12351.0,7.0681,12351
2025-12-08 03:00:00,7.06812,7.0687,7.06631,7.06639,10108.0,7.0673,10108
2025-12-08 04:00:00,7.06641,7.06742,7.06588,7.06647,6445.0,7.0666,6445
2025-12-08 05:00:00,7.06657,7.06784,7.06599,7.06691,8658.0,7.0668,8658
2025-12-08 06:00:00,7.06698,7.06783,7.06583,7.06701,12666.0,7.0667,12666
2025-12-08 07:00:00,7.06687,7.06899,7.0661,7.0685,12725.0,7.0682,12725
2025-12-08 08:00:00,7.06837,7.06935,7.0669,7.06783,12992.0,7.0685,12992
2025-12-08 09:00:00,7.06784,7.06918,7.06584,7.06666,12860.0,7.0676,12860
2025-12-08 10:00:00,7.06666,7.06709,7.06536,7.06571,10547.0,7.0662,10547
2025-12-08 11:00:00,7.06564,7.06706,7.06544,7.06635,5854.0,7.0661,5854
2025-12-08 12:00:00,7.06622,7.06731,7.0652,7.06614,8762.0,7.0665,8762
2025-12-08 13:00:00,7.06614,7.06853,7.0658,7.06787,13012.0,7.0673,13012
2025-12-08 14:00:00,7.06783,7.06958,7.06546,7.06928,15734.0,7.0675,15734
2025-12-08 15:00:00,7.06929,7.07236,7.06923,7.07129,16412.0,7.0708,16412
2025-12-08 16:00:00,7.07131,7.07296,7.07112,7.07247,15107.0,7.072,15107
2025-12-08 17:00:00,7.07246,7.07285,7.0703,7.0709,12327.0,7.0719,12327
2025-12-08 18:00:00,7.0709,7.07132,7.0699,7.07105,10392.0,7.0707,10392
2025-12-08 19:00:00,7.071,7.07126,7.07,7.07092,8999.0,7.0709,8999
2025-12-08 20:00:00,7.07088,7.07145,7.0699,7.07078,7536.0,7.0709,7536
2025-12-08 21:00:00,7.07072,7.0719,7.06999,7.07187,3584.0,7.0711,3584
2025-12-08 22:00:00,7.07187,7.07193,7.06925,7.07062,1251.0,7.0706,1251
2025-12-08 23:00:00,7.07012,7.07074,7.0694,7.07012,1673.0,7.0703,1673
2025-12-09 00:00:00,7.07022,7.07172,7.06806,7.07143,2508.0,7.0695,2508
2025-12-09 01:00:00,7.07142,7.07212,7.06735,7.06802,5198.0,7.0699,5198
2025-12-09 02:00:00,7.06795,7.06945,7.067,7.06826,10984.0,7.0684,10984
2025-12-09 03:00:00,7.06825,7.06973,7.06634,7.06727,10644.0,7.0681,10644
2025-12-09 04:00:00,7.06735,7.06883,7.06704,7.06828,8410.0,7.0683,8410
2025-12-09 05:00:00,7.06828,7.06925,7.0674,7.069,10809.0,7.0686,10809
2025-12-09 06:00:00,7.06903,7.07105,7.06811,7.069,12604.0,7.07,12604
2025-12-09 07:00:00,7.06915,7.07031,7.0681,7.06931,11871.0,7.0694,11871
2025-12-09 08:00:00,7.06926,7.06961,7.06592,7.06619,14157.0,7.0682,14157
2025-12-09 09:00:00,7.06614,7.06709,7.062,7.06245,14657.0,7.064,14657
2025-12-09 10:00:00,7.06239,7.06545,7.06135,7.06364,12454.0,7.0638,12454
2025-12-09 11:00:00,7.0637,7.06508,7.0633,7.06452,11042.0,7.0644,11042
2025-12-09 12:00:00,7.06446,7.06555,7.0638,7.0646,11369.0,7.0649,11369
2025-12-09 13:00:00,7.06452,7.06457,7.06104,7.06214,14913.0,7.063,14913
2025-12-09 14:00:00,7.06227,7.0629,7.06067,7.06142,16784.0,7.0619,16784
2025-12-09 15:00:00,7.06152,7.06532,7.06002,7.06143,19514.0,7.063,19514
2025-12-09 16:00:00,7.06143,7.071,7.05986,7.06035,13907.0,7.0613,13907
2025-12-09 17:00:00,7.06035,7.06245,7.0596,7.06207,11419.0,7.0613,11419
2025-12-09 18:00:00,7.06222,7.06256,7.06152,7.06188,9076.0,7.062,9076
2025-12-09 19:00:00,7.06187,7.0623,7.0608,7.06177,9118.0,7.0618,9118
2025-12-09 20:00:00,7.06182,7.06239,7.0607,7.06197,7984.0,7.0619,7984
2025-12-09 21:00:00,7.06196,7.06302,7.05879,7.06095,4013.0,7.0617,4013
2025-12-09 22:00:00,7.06095,7.0633,7.05925,7.06273,1146.0,7.0615,1146
2025-12-09 23:00:00,7.0618,7.06372,7.06024,7.0623,3103.0,7.0616,3103
2025-12-10 00:00:00,7.06197,7.06279,7.06113,7.06237,3016.0,7.0619,3016
2025-12-10 01:00:00,7.06247,7.06591,7.06123,7.06168,6228.0,7.0629,6228
2025-12-10 02:00:00,7.06168,7.0625,7.05896,7.06157,13125.0,7.0609,13125
2025-12-10 03:00:00,7.06162,7.06272,7.05916,7.06073,9981.0,7.0603,9981
2025-12-10 04:00:00,7.06073,7.06215,7.0583,7.05924,6751.0,7.0598,6751
2025-12-10 05:00:00,7.05928,7.06068,7.0584,7.05902,9580.0,7.0594,9580
2025-12-10 06:00:00,7.05909,7.06019,7.0572,7.05943,11676.0,7.0584,11676
2025-12-10 07:00:00,7.05936,7.06103,7.0587,7.05971,12436.0,7.0599,12436
2025-12-10 08:00:00,7.05973,7.06164,7.05883,7.06074,14016.0,7.0601,14016
2025-12-10 09:00:00,7.06068,7.06313,7.06011,7.06296,12562.0,7.0616,12562
2025-12-10 10:00:00,7.06293,7.06329,7.06223,7.06245,10863.0,7.0628,10863
2025-12-10 11:00:00,7.06255,7.06265,7.06157,7.06159,9786.0,7.0622,9786
2025-12-10 12:00:00,7.06166,7.06228,7.0604,7.06208,9241.0,7.0616,9241
2025-12-10 13:00:00,7.06201,7.06382,7.0615,7.06235,14246.0,7.0625,14246
2025-12-10 14:00:00,7.06234,7.06429,7.0612,7.06383,16333.0,7.0626,16333
2025-12-10 15:00:00,7.06383,7.0709,7.06324,7.06856,16654.0,7.0673,16654
2025-12-10 16:00:00,7.0686,7.06873,7.0651,7.06629,12172.0,7.0669,12172
2025-12-10 17:00:00,7.06631,7.06727,7.0612,7.0664,10445.0,7.0667,10445
2025-12-10 18:00:00,7.06641,7.06774,7.0657,7.0667,9272.0,7.0669,9272
2025-12-10 19:00:00,7.0657,7.06731,7.06162,7.06219,21278.0,7.0647,21278
2025-12-10 20:00:00,7.06217,7.06299,7.05767,7.05918,18418.0,7.0595,18418
2025-12-10 21:00:00,7.05914,7.06091,7.05906,7.06091,5519.0,7.0597,5519
2025-12-10 22:00:00,7.06091,7.0633,7.05728,7.05975,1625.0,7.0599,1625
2025-12-10 23:00:00,7.05975,7.06336,7.05695,7.05738,3601.0,7.0591,3601
2025-12-11 00:00:00,7.05747,7.05975,7.05606,7.05902,4619.0,7.058,4619
2025-12-11 01:00:00,7.05902,7.05966,7.05375,7.05857,7381.0,7.057,7381
2025-12-11 02:00:00,7.05852,7.05991,7.0565,7.05963,14338.0,7.0589,14338
2025-12-11 03:00:00,7.05963,7.06204,7.05864,7.06078,12963.0,7.0605,12963
2025-12-11 04:00:00,7.06078,7.06131,7.0601,7.06084,8733.0,7.0609,8733
2025-12-11 05:00:00,7.06094,7.06156,7.0605,7.06118,11141.0,7.0611,11141
2025-12-11 06:00:00,7.06125,7.06193,7.0591,7.0594,12501.0,7.0603,12501
2025-12-11 07:00:00,7.05931,7.06029,7.05733,7.05762,14241.0,7.0584,14241
2025-12-11 08:00:00,7.0578,7.05861,7.05293,7.05475,16868.0,7.0552,16868
2025-12-11 09:00:00,7.0546,7.05739,7.05408,7.05457,14829.0,7.0553,14829
2025-12-11 10:00:00,7.05457,7.05615,7.05431,7.05543,11426.0,7.0555,11426
2025-12-11 11:00:00,7.05537,7.05566,7.0542,7.05533,9893.0,7.055,9893
2025-12-11 12:00:00,7.05531,7.05607,7.0542,7.05533,11142.0,7.0554,11142
2025-12-11 13:00:00,7.05534,7.05614,7.05206,7.05298,15701.0,7.0545,15701
2025-12-11 14:00:00,7.05297,7.05422,7.0514,7.0539,17644.0,7.0526,17644
2025-12-11 15:00:00,7.0539,7.0547,7.0501,7.05099,18497.0,7.0521,18497
2025-12-11 16:00:00,7.05088,7.05182,7.05001,7.05018,15535.0,7.051,15535
2025-12-11 17:00:00,7.05027,7.067,7.04782,7.04976,13894.0,7.0497,13894
2025-12-11 18:00:00,7.0497,7.05008,7.0481,7.04969,10620.0,7.0493,10620
2025-12-11 19:00:00,7.0497,7.0511,7.0492,7.05098,11739.0,7.0503,11739
2025-12-11 20:00:00,7.05098,7.05149,7.0494,7.05055,10561.0,7.0508,10561
2025-12-11 21:00:00,7.0505,7.05143,7.0498,7.05114,3995.0,7.0507,3995
2025-12-11 22:00:00,7.05114,7.05229,7.04865,7.0502,1146.0,7.0498,1146
2025-12-11 23:00:00,7.04926,7.05178,7.04896,7.05129,1830.0,7.0503,1830
2025-12-12 00:00:00,7.05127,7.05262,7.05001,7.05192,3176.0,7.0513,3176
2025-12-12 01:00:00,7.05182,7.05325,7.05002,7.05209,6227.0,7.0518,6227
2025-12-12 02:00:00,7.05203,7.05401,7.05177,7.05313,11707.0,7.0528,11707
2025-12-12 03:00:00,7.0532,7.05395,7.05204,7.05365,7670.0,7.053,7670
2025-12-12 04:00:00,7.05358,7.05365,7.0519,7.05257,6186.0,7.053,6186
2025-12-12 05:00:00,7.05253,7.05288,7.0509,7.05177,8981.0,7.052,8981
2025-12-12 06:00:00,7.05173,7.05366,7.04978,7.05048,11272.0,7.052,11272
2025-12-12 07:00:00,7.0505,7.05347,7.0505,7.05234,13295.0,7.0524,13295
2025-12-12 08:00:00,7.05243,7.05338,7.05157,7.05244,14171.0,7.0524,14171
2025-12-12 09:00:00,7.05239,7.05536,7.05223,7.05341,12124.0,7.054,12124
2025-12-12 10:00:00,7.05351,7.05449,7.05209,7.05287,11032.0,7.0535,11032
2025-12-12 11:00:00,7.05287,7.05311,7.05037,7.05089,11307.0,7.0516,11307
2025-12-12 12:00:00,7.05095,7.05286,7.05066,7.05224,10205.0,7.0522,10205
2025-12-12 13:00:00,7.05213,7.05258,7.04985,7.05062,14021.0,7.051,14021
2025-12-12 14:00:00,7.05074,7.05125,7.04961,7.05045,15310.0,7.0505,15310
2025-12-12 15:00:00,7.05045,7.05435,7.05004,7.05405,19232.0,7.0521,19232
2025-12-12 16:00:00,7.05414,7.05667,7.0531,7.05492,18107.0,7.0548,18107
2025-12-12 17:00:00,7.05491,7.05533,7.0517,7.05243,13889.0,7.0538,13889
2025-12-12 18:00:00,7.05257,7.05356,7.0515,7.05336,11098.0,7.0529,11098
2025-12-12 19:00:00,7.05328,7.05455,7.0527,7.05402,10037.0,7.0539,10037
2025-12-12 20:00:00,7.05401,7.05471,7.0524,7.054,9573.0,7.0536,9573
2025-12-12 21:00:00,7.05403,7.05424,7.05217,7.05353,3793.0,7.0537,3793
2025-12-14 22:00:00,7.05061,7.05224,7.0492,7.0514,574.0,7.051,574
2025-12-14 23:00:00,7.05139,7.05324,7.05139,7.05319,578.0,7.0523,578
2025-12-15 00:00:00,7.05331,7.05411,7.05216,7.05305,2460.0,7.0535,2460
2025-12-15 01:00:00,7.05305,7.05528,7.04988,7.05073,6279.0,7.0526,6279
2025-12-15 02:00:00,7.05089,7.0528,7.0479,7.04911,13202.0,7.0501,13202
2025-12-15 03:00:00,7.04919,7.05006,7.04611,7.04767,10771.0,7.0483,10771
2025-12-15 04:00:00,7.04766,7.04863,7.04601,7.04739,7096.0,7.0471,7096
2025-12-15 05:00:00,7.04743,7.04936,7.04712,7.04833,8599.0,7.0478,8599
2025-12-15 06:00:00,7.04843,7.04989,7.04561,7.04606,10724.0,7.0481,10724
2025-12-15 07:00:00,7.04593,7.04846,7.0447,7.04653,14559.0,7.0468,14559
2025-12-15 08:00:00,7.04657,7.04828,7.045,7.04538,14720.0,7.0466,14720
2025-12-15 09:00:00,7.04543,7.04558,7.042,7.04443,12847.0,7.0435,12847
2025-12-15 10:00:00,7.04444,7.04525,7.04275,7.0431,10299.0,7.0443,10299
2025-12-15 11:00:00,7.04314,7.04339,7.04071,7.04158,8859.0,7.0425,8859
2025-12-15 12:00:00,7.04167,7.04176,7.03986,7.04044,10385.0,7.0411,10385
2025-12-15 13:00:00,7.04053,7.04165,7.03968,7.0415,13364.0,7.0406,13364
2025-12-15 14:00:00,7.04159,7.0424,7.0391,7.03948,16835.0,7.041,16835
2025-12-15 15:00:00,7.0396,7.0425,7.03906,7.03985,19199.0,7.0406,19199
2025-12-15 16:00:00,7.03985,7.04424,7.03974,7.04339,17264.0,7.0421,17264
2025-12-15 17:00:00,7.04352,7.04405,7.0424,7.04364,12318.0,7.0435,12318
2025-12-15 18:00:00,7.04352,7.04448,7.0428,7.04426,10437.0,7.0439,10437
2025-12-15 19:00:00,7.04427,7.04437,7.0422,7.04313,6995.0,7.0438,6995
2025-12-15 20:00:00,7.04297,7.04407,7.0428,7.04355,7844.0,7.0435,7844
2025-12-15 21:00:00,7.04336,7.0439,7.0426,7.04328,2736.0,7.0434,2736
2025-12-15 22:00:00,7.04329,7.04343,7.04225,7.0431,1086.0,7.043,1086
2025-12-15 23:00:00,7.0426,7.04332,7.0399,7.04129,2404.0,7.042,2404
2025-12-16 00:00:00,7.04126,7.04383,7.0405,7.04296,3312.0,7.0424,3312
2025-12-16 01:00:00,7.04291,7.04386,7.0386,7.04017,7204.0,7.0417,7204
2025-12-16 02:00:00,7.0402,7.04167,7.03714,7.03864,14426.0,7.0389,14426
2025-12-16 03:00:00,7.03864,7.04183,7.0373,7.04107,10579.0,7.0398,10579
2025-12-16 04:00:00,7.0408,7.04167,7.0376,7.03848,6875.0,7.039,6875
2025-12-16 05:00:00,7.03848,7.03969,7.037,7.039,9844.0,7.0383,9844
2025-12-16 06:00:00,7.039,7.04027,7.0376,7.03836,9568.0,7.0387,9568
2025-12-16 07:00:00,7.03865,7.04071,7.03789,7.03795,11663.0,7.0392,11663
2025-12-16 08:00:00,7.03802,7.03905,7.0361,7.03716,14633.0,7.0376,14633
2025-12-16 09:00:00,7.03697,7.03815,7.0357,7.03677,12988.0,7.037,12988
2025-12-16 10:00:00,7.03662,7.03775,7.0359,7.03697,10756.0,7.037,10756
2025-12-16 11:00:00,7.03695,7.0377,7.0363,7.03705,7792.0,7.0373,7792
2025-12-16 12:00:00,7.03702,7.0373,7.0348,7.03519,9658.0,7.0365,9658
2025-12-16 13:00:00,7.03504,7.0375,7.0326,7.03438,19070.0,7.0351,19070
2025-12-16 14:00:00,7.03425,7.03558,7.03135,7.03149,19860.0,7.0335,19860
2025-12-16 15:00:00,7.0314,7.03415,7.03129,7.0324,19092.0,7.0329,19092
2025-12-16 16:00:00,7.0324,7.03581,7.03195,7.03456,16224.0,7.0336,16224
2025-12-16 17:00:00,7.03452,7.03479,7.03163,7.03405,13070.0,7.033,13070
2025-12-16 18:00:00,7.03402,7.03549,7.03363,7.03434,12413.0,7.0347,12413
2025-12-16 19:00:00,7.03436,7.03698,7.03284,7.03304,10697.0,7.0343,10697
2025-12-16 20:00:00,7.03304,7.03419,7.032,7.03402,10223.0,7.0331,10223
2025-12-16 21:00:00,7.03393,7.03626,7.0331,7.03614,4250.0,7.0344,4250
2025-12-16 22:00:00,7.03614,7.03632,7.03483,7.03622,1099.0,7.0357,1099
2025-12-16 23:00:00,7.03525,7.03634,7.0341,7.03503,2167.0,7.035,2167
2025-12-17 00:00:00,7.03492,7.03636,7.0326,7.0334,3164.0,7.0347,3164
2025-12-17 01:00:00,7.03338,7.03802,7.0318,7.0365,7314.0,7.0344,7314
2025-12-17 02:00:00,7.03662,7.04081,7.0357,7.04026,13592.0,7.0384,13592
2025-12-17 03:00:00,7.04027,7.04044,7.0384,7.03924,9581.0,7.0394,9581
2025-12-17 04:00:00,7.03924,7.04081,7.0391,7.03995,7642.0,7.04,7642
2025-12-17 05:00:00,7.03989,7.04027,7.03863,7.0389,9736.0,7.0396,9736
2025-12-17 06:00:00,7.03879,7.04191,7.03863,7.04112,11914.0,7.0402,11914
2025-12-17 07:00:00,7.04102,7.04286,7.03976,7.042,15935.0,7.0415,15935
2025-12-17 08:00:00,7.04202,7.04301,7.04023,7.0411,14626.0,7.0418,14626
2025-12-17 09:00:00,7.04099,7.04231,7.0406,7.04138,12474.0,7.0417,12474
2025-12-17 10:00:00,7.04149,7.04172,7.0387,7.03899,10691.0,7.0406,10691
2025-12-17 11:00:00,7.03899,7.03967,7.03814,7.03921,10836.0,7.039,10836
2025-12-17 12:00:00,7.03919,7.0394,7.03777,7.038,10533.0,7.0386,10533
2025-12-17 13:00:00,7.03801,7.03915,7.03631,7.03713,15212.0,7.0375,15212
2025-12-17 14:00:00,7.03713,7.03824,7.03625,7.03703,17678.0,7.0372,17678
2025-12-17 15:00:00,7.03701,7.03803,7.0349,7.03718,17819.0,7.0368,17819
2025-12-17 16:00:00,7.03727,7.03873,7.0359,7.03783,16268.0,7.0375,16268
2025-12-17 17:00:00,7.03784,7.03864,7.037,7.03779,11967.0,7.038,11967
2025-12-17 18:00:00,7.03782,7.04031,7.03735,7.04019,10960.0,7.0387,10960
2025-12-17 19:00:00,7.04014,7.04175,7.03996,7.04151,9949.0,7.0411,9949
2025-12-17 20:00:00,7.04163,7.04192,7.0398,7.04047,8338.0,7.0411,8338
2025-12-17 21:00:00,7.04051,7.04071,7.0388,7.03991,3457.0,7.0401,3457
2025-12-17 22:00:00,7.03991,7.04014,7.03455,7.0385,1388.0,7.0387,1388
2025-12-17 23:00:00,7.03836,7.04,7.03782,7.0383,3316.0,7.0387,3316
2025-12-18 00:00:00,7.03833,7.03933,7.03716,7.03757,3313.0,7.0383,3313
2025-12-18 01:00:00,7.03767,7.04072,7.0367,7.03872,6547.0,7.0391,6547
2025-12-18 02:00:00,7.03885,7.03938,7.0367,7.03764,12238.0,7.0381,12238
2025-12-18 03:00:00,7.0376,7.03903,7.0372,7.03803,9375.0,7.038,9375
2025-12-18 04:00:00,7.03798,7.03863,7.0358,7.03691,7357.0,7.0374,7357
2025-12-18 05:00:00,7.03691,7.0384,7.0357,7.03635,9658.0,7.0366,9658
2025-12-18 06:00:00,7.03642,7.03785,7.03369,7.03483,11358.0,7.0362,11358
2025-12-18 07:00:00,7.03485,7.03768,7.03431,7.03661,13475.0,7.0359,13475
2025-12-18 08:00:00,7.03669,7.03804,7.03402,7.03462,13558.0,7.0361,13558
2025-12-18 09:00:00,7.03462,7.0356,7.0328,7.03437,13579.0,7.0342,13579
2025-12-18 10:00:00,7.03446,7.03469,7.0329,7.03337,10276.0,7.0341,10276
2025-12-18 11:00:00,7.03335,7.03454,7.0329,7.03432,9083.0,7.034,9083
2025-12-18 12:00:00,7.03416,7.03663,7.03372,7.03634,13241.0,7.0352,13241
2025-12-18 13:00:00,7.03643,7.03644,7.0302,7.0328,18753.0,7.0332,18753
2025-12-18 14:00:00,7.0328,7.03365,7.03173,7.03331,20381.0,7.0327,20381
2025-12-18 15:00:00,7.03318,7.03495,7.03081,7.0329,19051.0,7.0335,19051
2025-12-18 16:00:00,7.03281,7.0329,7.0306,7.03164,14752.0,7.0317,14752
2025-12-18 17:00:00,7.03153,7.0347,7.03147,7.03299,16447.0,7.0332,16447
2025-12-18 18:00:00,7.03299,7.03353,7.0315,7.0332,11338.0,7.0328,11338
2025-12-18 19:00:00,7.03321,7.03354,7.03251,7.03285,10094.0,7.033,10094
2025-12-18 20:00:00,7.03292,7.03352,7.03254,7.03329,8366.0,7.0329,8366
2025-12-18 21:00:00,7.03321,7.03422,7.03204,7.03305,3123.0,7.0335,3123
2025-12-18 22:00:00,7.03305,7.03533,7.03065,7.03289,1584.0,7.0323,1584
2025-12-18 23:00:00,7.03353,7.03474,7.03234,7.03321,1690.0,7.0331,1690
2025-12-19 00:00:00,7.03323,7.03423,7.03191,7.03274,2849.0,7.0331,2849
2025-12-19 01:00:00,7.03272,7.0365,7.03255,7.03485,5968.0,7.0346,5968
2025-12-19 02:00:00,7.03489,7.03715,7.0318,7.03618,11553.0,7.0356,11553
2025-12-19 03:00:00,7.03616,7.03773,7.03547,7.03687,12002.0,7.0368,12002
2025-12-19 04:00:00,7.03686,7.03696,7.0352,7.03551,6707.0,7.0361,6707
2025-12-19 05:00:00,7.03555,7.03662,7.03476,7.03643,8658.0,7.0355,8658
2025-12-19 06:00:00,7.03649,7.0373,7.03423,7.03494,12103.0,7.0361,12103
2025-12-19 07:00:00,7.03504,7.0364,7.03361,7.03569,14255.0,7.0354,14255
2025-12-19 08:00:00,7.03575,7.03695,7.0345,7.0362,13626.0,7.0359,13626
2025-12-19 09:00:00,7.03621,7.03686,7.0349,7.03593,12513.0,7.0361,12513
2025-12-19 10:00:00,7.03602,7.03662,7.0351,7.03583,11672.0,7.0361,11672
2025-12-19 11:00:00,7.03583,7.03641,7.0349,7.03615,9300.0,7.0359,9300
2025-12-19 12:00:00,7.03608,7.0368,7.0351,7.03638,9479.0,7.0362,9479
2025-12-19 13:00:00,7.03634,7.0375,7.0353,7.03595,14045.0,7.0366,14045
2025-12-19 14:00:00,7.03592,7.03618,7.0341,7.03548,16258.0,7.0352,16258
2025-12-19 15:00:00,7.03545,7.03629,7.0338,7.03452,16408.0,7.0353,16408
2025-12-19 16:00:00,7.03454,7.0349,7.0333,7.03429,13253.0,7.0343,13253
2025-12-19 17:00:00,7.03427,7.03508,7.0335,7.03415,9556.0,7.0344,9556
2025-12-19 18:00:00,7.03409,7.03498,7.033,7.03448,8908.0,7.0342,8908
2025-12-19 19:00:00,7.03457,7.03484,7.0335,7.03402,7597.0,7.0344,7597
2025-12-19 20:00:00,7.03385,7.03455,7.0329,7.03345,7467.0,7.0339,7467
2025-12-19 21:00:00,7.03352,7.03491,7.03204,7.03308,4777.0,7.0341,4777
2025-12-21 22:00:00,7.03214,7.03416,7.02943,7.0337,856.0,7.0333,856
2025-12-21 23:00:00,7.03324,7.03535,7.03292,7.03436,2546.0,7.0343,2546
2025-12-22 00:00:00,7.03436,7.03507,7.02961,7.03073,4029.0,7.0325,4029
2025-12-22 01:00:00,7.03076,7.03685,7.03076,7.03658,5749.0,7.0341,5749
2025-12-22 02:00:00,7.0366,7.03672,7.03462,7.03583,9522.0,7.0356,9522
2025-12-22 03:00:00,7.03582,7.0362,7.03353,7.03406,8401.0,7.0351,8401
2025-12-22 04:00:00,7.03402,7.03486,7.03259,7.03286,5783.0,7.0335,5783
2025-12-22 05:00:00,7.03285,7.03466,7.03268,7.03335,8593.0,7.0335,8593
2025-12-22 06:00:00,7.03325,7.03542,7.0266,7.03479,10020.0,7.0341,10020
2025-12-22 07:00:00,7.03463,7.03533,7.0312,7.03176,12581.0,7.0334,12581
2025-12-22 08:00:00,7.03176,7.03463,7.03076,7.03291,12953.0,7.0324,12953
2025-12-22 09:00:00,7.03288,7.03393,7.03192,7.03277,11393.0,7.0325,11393
2025-12-22 10:00:00,7.03272,7.03351,7.0321,7.0324,9521.0,7.0328,9521
2025-12-22 11:00:00,7.03244,7.03261,7.0306,7.03168,8475.0,7.0319,8475
2025-12-22 12:00:00,7.03168,7.03307,7.0308,7.03232,10360.0,7.0323,10360
2025-12-22 13:00:00,7.03242,7.03364,7.0314,7.03221,14696.0,7.0325,14696
2025-12-22 14:00:00,7.03214,7.03306,7.0315,7.03215,13597.0,7.0325,13597
2025-12-22 15:00:00,7.03211,7.03351,7.0311,7.03204,14385.0,7.0325,14385
2025-12-22 16:00:00,7.03215,7.0343,7.0312,7.03198,11306.0,7.0323,11306
2025-12-22 17:00:00,7.03204,7.03205,7.03,7.03095,9793.0,7.0313,9793
2025-12-22 18:00:00,7.03082,7.03223,7.03079,7.03167,8136.0,7.0317,8136
2025-12-22 19:00:00,7.0318,7.03215,7.0308,7.03185,7811.0,7.0318,7811
2025-12-22 20:00:00,7.03185,7.03205,7.0303,7.03152,7183.0,7.0315,7183
2025-12-22 21:00:00,7.03147,7.0317,7.0303,7.03098,2838.0,7.0312,2838
2025-12-22 22:00:00,7.03098,7.03254,7.0301,7.03126,834.0,7.0313,834
2025-12-22 23:00:00,7.03155,7.0326,7.0293,7.03011,1742.0,7.0309,1742
2025-12-23 00:00:00,7.03,7.03054,7.0278,7.02875,2808.0,7.0291,2808
2025-12-23 01:00:00,7.02875,7.03186,7.02827,7.02975,6334.0,7.0304,6334
2025-12-23 02:00:00,7.02975,7.02999,7.0235,7.0244,13715.0,7.0267,13715
2025-12-23 03:00:00,7.0243,7.02439,7.01996,7.02027,12779.0,7.0221,12779
2025-12-23 04:00:00,7.0202,7.0214,7.01876,7.01934,10045.0,7.0201,10045
2025-12-23 05:00:00,7.01928,7.02311,7.0174,7.02219,12348.0,7.0204,12348
2025-12-23 06:00:00,7.0222,7.02229,7.01997,7.02032,11517.0,7.0211,11517
2025-12-23 07:00:00,7.02032,7.02077,7.0172,7.01871,13780.0,7.0189,13780
2025-12-23 08:00:00,7.01871,7.01959,7.0171,7.01908,13406.0,7.0185,13406
2025-12-23 09:00:00,7.01899,7.0191,7.01506,7.01576,14666.0,7.0165,14666
2025-12-23 10:00:00,7.01576,7.01685,7.01436,7.01537,10864.0,7.016,10864
2025-12-23 11:00:00,7.01543,7.01642,7.01506,7.01588,8614.0,7.0159,8614
2025-12-23 12:00:00,7.01577,7.0168,7.0149,7.01525,9035.0,7.0158,9035
2025-12-23 13:00:00,7.01517,7.01857,7.01391,7.01849,16608.0,7.0155,16608
2025-12-23 14:00:00,7.01856,7.01963,7.01571,7.01874,16698.0,7.0182,16698
2025-12-23 15:00:00,7.01865,7.01893,7.0162,7.01794,15686.0,7.0174,15686
2025-12-23 16:00:00,7.01805,7.0317,7.0178,7.01928,10269.0,7.0188,10269
2025-12-23 17:00:00,7.01928,7.01951,7.0177,7.01894,7596.0,7.0188,7596
2025-12-23 18:00:00,7.01891,7.01927,7.0175,7.01813,7485.0,7.0185,7485
2025-12-23 19:00:00,7.01811,7.0185,7.0173,7.01775,6885.0,7.018,6885
2025-12-23 20:00:00,7.01774,7.01958,7.01762,7.01913,6486.0,7.0189,6486
2025-12-23 21:00:00,7.01912,7.01962,7.0182,7.01928,3142.0,7.019,3142
2025-12-23 22:00:00,7.01928,7.01935,7.01604,7.01834,905.0,7.0176,905
2025-12-23 23:00:00,7.01715,7.01926,7.01675,7.01922,1668.0,7.0179,1668
2025-12-24 00:00:00,7.01902,7.01927,7.01591,7.01597,3694.0,7.0174,3694
2025-12-24 01:00:00,7.01609,7.01943,7.01472,7.01838,6749.0,7.0177,6749
2025-12-24 02:00:00,7.01834,7.01937,7.0171,7.01802,9829.0,7.0183,9829
2025-12-24 03:00:00,7.01821,7.01874,7.01616,7.01675,8253.0,7.0175,8253
2025-12-24 04:00:00,7.01671,7.01695,7.01004,7.01092,8071.0,7.0136,8071
2025-12-24 05:00:00,7.01095,7.01224,7.0097,7.01179,8533.0,7.0112,8533
2025-12-24 06:00:00,7.01189,7.01215,7.0058,7.0071,11210.0,7.0089,11210
2025-12-24 07:00:00,7.00709,7.0093,7.0029,7.00523,12661.0,7.0065,12661
2025-12-24 08:00:00,7.00525,7.00693,7.0013,7.00269,13695.0,7.0044,13695
2025-12-24 09:00:00,7.0027,7.00457,7.0006,7.00357,10041.0,7.003,10041
2025-12-24 10:00:00,7.00346,7.00635,7.0032,7.00612,10544.0,7.0049,10544
2025-12-24 11:00:00,7.00611,7.00872,7.0056,7.00761,10258.0,7.0071,10258
2025-12-24 12:00:00,7.0076,7.00845,7.0061,7.00757,9032.0,7.0075,9032
2025-12-24 13:00:00,7.00773,7.00825,7.0046,7.0067,13180.0,7.0062,13180
2025-12-24 14:00:00,7.00671,7.00915,7.00592,7.00688,12985.0,7.0075,12985
2025-12-24 15:00:00,7.00685,7.00924,7.00634,7.00915,14384.0,7.0078,14384
2025-12-24 16:00:00,7.00912,7.01011,7.008,7.00912,10842.0,7.0093,10842
2025-12-24 17:00:00,7.00913,7.00952,7.0073,7.00816,7139.0,7.0082,7139
2025-12-24 18:00:00,7.00802,7.00858,7.00802,7.00854,309.0,7.0084,309
2025-12-24 22:00:00,7.00854,7.00854,7.00854,7.00854,1.0,7.0085,1
2025-12-25 21:00:00,6.99605,7.00106,6.99605,6.99742,105.0,6.9978,105
2025-12-25 22:00:00,6.99742,7.00099,6.99536,6.99821,603.0,6.9983,603
2025-12-25 23:00:00,6.99792,7.00374,6.9977,7.00337,2158.0,7.0011,2158
2025-12-26 00:00:00,7.00306,7.00334,6.99959,7.00082,4735.0,7.0012,4735
2025-12-26 01:00:00,7.00082,7.00586,7.00067,7.00293,6615.0,7.0036,6615
2025-12-26 02:00:00,7.00293,7.0062,7.00068,7.00268,10101.0,7.0017,10101
2025-12-26 03:00:00,7.00264,7.0029,7.00105,7.00246,7672.0,7.0022,7672
2025-12-26 04:00:00,7.00245,7.00634,7.00217,7.00408,7366.0,7.0042,7366
2025-12-26 05:00:00,7.00414,7.00564,7.00275,7.00345,8213.0,7.004,8213
2025-12-26 06:00:00,7.00339,7.00555,7.00197,7.00538,10027.0,7.0041,10027
2025-12-26 07:00:00,7.00532,7.00855,7.0039,7.00744,11748.0,7.0064,11748
2025-12-26 08:00:00,7.00724,7.00825,7.00425,7.00453,9201.0,7.0062,9201
2025-12-26 09:00:00,7.00469,7.00647,7.00397,7.00618,7693.0,7.0048,7693
2025-12-26 10:00:00,7.00622,7.00635,7.00482,7.00526,7056.0,7.0058,7056
2025-12-26 11:00:00,7.00524,7.00597,7.00408,7.00537,7290.0,7.0053,7290
2025-12-26 12:00:00,7.00543,7.00651,7.00381,7.00424,7152.0,7.0054,7152
2025-12-26 13:00:00,7.00424,7.0045,7.00218,7.00292,11137.0,7.0033,11137
2025-12-26 14:00:00,7.00274,7.00282,7.00172,7.0024,11980.0,7.0023,11980
2025-12-26 15:00:00,7.00255,7.00354,7.0018,7.00273,12572.0,7.0028,12572
2025-12-26 16:00:00,7.0029,7.00541,7.00211,7.00385,13385.0,7.0041,13385
2025-12-26 17:00:00,7.00385,7.005,7.00295,7.00466,10802.0,7.0043,10802
2025-12-26 18:00:00,7.00449,7.00491,7.00387,7.00425,9593.0,7.0044,9593
2025-12-26 19:00:00,7.00441,7.00477,7.00366,7.00378,7530.0,7.0043,7530
2025-12-26 20:00:00,7.00372,7.00502,7.00335,7.00476,8233.0,7.0042,8233
2025-12-26 21:00:00,7.00466,7.00492,7.0006,7.00405,4810.0,7.0036,4810
2025-12-28 22:00:00,7.00124,7.00344,7.00018,7.00323,1104.0,7.0021,1104
2025-12-28 23:00:00,7.00255,7.00374,7.0024,7.0035,880.0,7.0032,880
2025-12-29 00:00:00,7.00355,7.00386,7.00199,7.00352,3019.0,7.0028,3019
2025-12-29 01:00:00,7.00342,7.00801,7.00342,7.00638,7691.0,7.0062,7691
2025-12-29 02:00:00,7.00629,7.01516,7.00586,7.01064,13451.0,7.0112,13451
2025-12-29 03:00:00,7.01057,7.01064,7.00741,7.00803,9597.0,7.0087,9597
2025-12-29 04:00:00,7.00811,7.00969,7.00777,7.00928,6220.0,7.0089,6220
2025-12-29 05:00:00,7.00923,7.0095,7.0067,7.007,7989.0,7.0084,7989
2025-12-29 06:00:00,7.007,7.00705,7.00307,7.00433,13762.0,7.0045,13762
2025-12-29 07:00:00,7.00439,7.0049,7.00093,7.00452,14978.0,7.0036,14978
2025-12-29 08:00:00,7.00462,7.0057,7.0024,7.00378,12837.0,7.0039,12837
2025-12-29 09:00:00,7.00389,7.00494,6.9999,7.0007,13376.0,7.0025,13376
2025-12-29 10:00:00,7.00074,7.00209,6.99901,7.00151,12154.0,7.0009,12154
2025-12-29 11:00:00,7.00151,7.00233,7.0005,7.00207,10328.0,7.0017,10328
2025-12-29 12:00:00,7.0022,7.00409,7.0017,7.00334,10296.0,7.003,10296
2025-12-29 13:00:00,7.00322,7.00592,7.002,7.00236,15607.0,7.0037,15607
2025-12-29 14:00:00,7.00222,7.00368,7.00103,7.00105,15687.0,7.0024,15687
2025-12-29 15:00:00,7.00115,7.00173,6.99331,6.9945,18287.0,6.9994,18287
2025-12-29 16:00:00,6.99445,7.00025,6.99416,7.00014,15630.0,6.9973,15630
2025-12-29 17:00:00,7.00015,7.00251,6.99971,7.00229,11355.0,7.0016,11355
2025-12-29 18:00:00,7.00211,7.00248,6.9988,6.99997,10538.0,7.0009,10538
2025-12-29 19:00:00,6.99997,7.00016,6.9982,6.99838,8406.0,6.9993,8406
2025-12-29 20:00:00,6.9984,6.9989,6.9974,6.99775,8617.0,6.9983,8617
2025-12-29 21:00:00,6.99784,6.99904,6.9965,6.99772,4390.0,6.9976,4390
2025-12-29 22:00:00,6.99772,6.99876,6.99295,6.99758,1280.0,6.9963,1280
2025-12-29 23:00:00,6.99746,6.99931,6.99746,6.99888,2451.0,6.9983,2451
2025-12-30 00:00:00,6.99906,7.00069,6.9973,6.99975,4134.0,6.999,4134
2025-12-30 01:00:00,6.99984,7.00246,6.99674,6.99749,6347.0,7.0008,6347
2025-12-30 02:00:00,6.99741,7.00251,6.99671,7.00182,11460.0,7.0002,11460
2025-12-30 03:00:00,7.00182,7.00204,6.9993,6.99959,7699.0,7.0009,7699
2025-12-30 04:00:00,6.99968,7.00016,6.99461,6.99584,6579.0,6.9982,6579
2025-12-30 05:00:00,6.99588,6.99656,6.98717,6.98933,11676.0,6.9919,11676
2025-12-30 06:00:00,6.98935,6.99027,6.9848,6.98595,11718.0,6.9876,11718
2025-12-30 07:00:00,6.98603,6.98835,6.98446,6.98494,12797.0,6.9865,12797
2025-12-30 08:00:00,6.98488,6.98565,6.98221,6.98362,12681.0,6.9837,12681
2025-12-30 09:00:00,6.98371,6.9846,6.98071,6.98335,10990.0,6.9825,10990
2025-12-30 10:00:00,6.98345,6.9873,6.9829,6.98676,9768.0,6.9851,9768
2025-12-30 11:00:00,6.98671,6.98842,6.98634,6.98829,7496.0,6.9876,7496
2025-12-30 12:00:00,6.98836,6.98879,6.98651,6.98805,8093.0,6.9877,8093
2025-12-30 13:00:00,6.98792,6.99067,6.9876,6.98899,13960.0,6.989,13960
2025-12-30 14:00:00,6.98907,6.99092,6.98836,6.99007,14196.0,6.9894,14196
2025-12-30 15:00:00,6.99025,6.99436,6.98986,6.99308,17319.0,6.9926,17319
2025-12-30 16:00:00,6.99309,6.99374,6.99059,6.991,14380.0,6.992,14380
2025-12-30 17:00:00,6.99092,6.9992,6.9895,6.99065,9679.0,6.9907,9679
2025-12-30 18:00:00,6.99055,6.99077,6.989,6.98976,7780.0,6.9901,7780
2025-12-30 19:00:00,6.98973,6.99143,6.98949,6.9911,7657.0,6.9906,7657
2025-12-30 20:00:00,6.99104,6.99203,6.9902,6.99142,7076.0,6.9913,7076
2025-12-30 21:00:00,6.99143,6.99233,6.9902,6.99211,2828.0,6.9913,2828
2025-12-30 22:00:00,6.99211,6.9929,6.99065,6.99243,1262.0,6.9919,1262
2025-12-30 23:00:00,6.99125,6.9942,6.99099,6.99334,2026.0,6.9922,2026
2025-12-31 00:00:00,6.99359,6.99398,6.9901,6.99026,3240.0,6.9918,3240
2025-12-31 01:00:00,6.99035,6.99167,6.98514,6.98568,6060.0,6.9886,6060
2025-12-31 02:00:00,6.98568,6.98711,6.98267,6.98413,11471.0,6.9849,11471
2025-12-31 03:00:00,6.98416,6.9845,6.98166,6.98292,8769.0,6.9831,8769
2025-12-31 04:00:00,6.98283,6.98409,6.9821,6.98312,5208.0,6.9831,5208
2025-12-31 05:00:00,6.98316,6.9841,6.98202,6.9836,8029.0,6.9834,8029
2025-12-31 06:00:00,6.98356,6.98653,6.98356,6.98459,9688.0,6.985,9688
2025-12-31 07:00:00,6.98459,6.99446,6.9842,6.99051,13778.0,6.9902,13778
2025-12-31 08:00:00,6.9905,6.99064,6.98112,6.98496,12937.0,6.9859,12937
2025-12-31 09:00:00,6.9849,6.98871,6.9834,6.98558,12288.0,6.9861,12288
2025-12-31 10:00:00,6.98557,6.9857,6.98136,6.98254,10542.0,6.9836,10542
2025-12-31 11:00:00,6.98252,6.98275,6.97578,6.97774,10556.0,6.9792,10556
2025-12-31 12:00:00,6.97757,6.97914,6.97622,6.97807,10373.0,6.9778,10373
2025-12-31 13:00:00,6.97823,6.98076,6.97692,6.97949,11725.0,6.9792,11725
2025-12-31 14:00:00,6.9795,6.98272,6.97933,6.98213,14449.0,6.9816,14449
2025-12-31 15:00:00,6.98228,6.98313,6.97947,6.97997,16166.0,6.9816,16166
2025-12-31 16:00:00,6.97998,6.98107,6.97811,6.97872,13882.0,6.9796,13882
2025-12-31 17:00:00,6.97873,6.9798,6.97737,6.97824,10789.0,6.9787,10789
2025-12-31 18:00:00,6.97841,6.97896,6.97801,6.97844,1294.0,6.9784,1294
2025-12-31 22:00:00,6.97844,6.97844,6.97844,6.97844,1.0,6.9784,1
2026-01-01 21:00:00,6.94445,6.98361,6.94445,6.97986,215.0,6.9793,215
2026-01-01 22:00:00,6.97504,6.98064,6.97355,6.97495,228.0,6.9758,228
2026-01-01 23:00:00,6.97502,6.97782,6.97502,6.97621,1633.0,6.9761,1633
2026-01-02 00:00:00,6.97621,6.97845,6.97211,6.97254,3555.0,6.9769,3555
2026-01-02 01:00:00,6.97256,6.97558,6.9686,6.97226,6190.0,6.9723,6190
2026-01-02 02:00:00,6.97234,6.97443,6.96745,6.9741,10660.0,6.971,10660
2026-01-02 03:00:00,6.97404,6.97486,6.97034,6.9711,7934.0,6.9721,7934
2026-01-02 04:00:00,6.97109,6.97686,6.9709,6.97628,6756.0,6.974,6756
2026-01-02 05:00:00,6.97628,6.97725,6.96859,6.96961,7351.0,6.9738,7351
2026-01-02 06:00:00,6.96949,6.97101,6.96785,6.96892,7775.0,6.9693,7775
2026-01-02 07:00:00,6.96908,6.97395,6.96876,6.97281,10858.0,6.9714,10858
2026-01-02 08:00:00,6.9729,6.97314,6.96961,6.97072,12664.0,6.9714,12664
2026-01-02 09:00:00,6.97059,6.97122,6.9659,6.96817,11884.0,6.9679,11884
2026-01-02 10:00:00,6.96807,6.96973,6.96626,6.96704,9355.0,6.9681,9355
2026-01-02 11:00:00,6.96704,6.96813,6.96692,6.96761,7114.0,6.9675,7114
2026-01-02 12:00:00,6.9676,6.96929,6.9667,6.9679,7155.0,6.9681,7155
2026-01-02 13:00:00,6.96792,6.96838,6.9665,6.96778,9321.0,6.9675,9321
2026-01-02 14:00:00,6.96782,6.96972,6.96699,6.96772,13735.0,6.9681,13735
2026-01-02 15:00:00,6.96761,6.9693,6.96638,6.96748,14867.0,6.9677,14867
2026-01-02 16:00:00,6.96755,6.96881,6.9662,6.96848,14536.0,6.9676,14536
2026-01-02 17:00:00,6.96851,6.96926,6.9669,6.96799,11026.0,6.968,11026
2026-01-02 18:00:00,6.96793,6.97045,6.9672,6.96968,10132.0,6.9689,10132
2026-01-02 19:00:00,6.9698,6.97025,6.9688,6.96981,8101.0,6.9698,8101
2026-01-02 20:00:00,6.96979,6.97112,6.96917,6.97044,8746.0,6.9704,8746
2026-01-02 21:00:00,6.97043,6.97075,6.96718,6.96978,3424.0,6.9701,3424
2026-01-04 22:00:00,6.96691,6.96986,6.96549,6.96953,980.0,6.9678,980
2026-01-04 23:00:00,6.96907,6.97496,6.96845,6.97395,1768.0,6.9723,1768
2026-01-05 00:00:00,6.97395,6.97695,6.97361,6.97548,4313.0,6.9754,4313
2026-01-05 01:00:00,6.97551,6.97962,6.9739,6.97834,8376.0,6.9768,8376
2026-01-05 02:00:00,6.97829,6.97905,6.9746,6.9764,13619.0,6.9771,13619
2026-01-05 03:00:00,6.97628,6.97859,6.97535,6.97791,10227.0,6.9773,10227
2026-01-05 04:00:00,6.97786,6.97903,6.97701,6.9777,7085.0,6.9779,7085
2026-01-05 05:00:00,6.97762,6.97892,6.97635,6.97679,8275.0,6.9773,8275
2026-01-05 06:00:00,6.97685,6.97925,6.9735,6.97493,12667.0,6.9774,12667
2026-01-05 07:00:00,6.97491,6.97745,6.97303,6.9763,15242.0,6.9753,15242
2026-01-05 08:00:00,6.97625,6.97805,6.97547,6.97708,15023.0,6.9769,15023
2026-01-05 09:00:00,6.97709,6.98123,6.9763,6.98103,13371.0,6.9782,13371
2026-01-05 10:00:00,6.98102,6.98307,6.9797,6.98158,11704.0,6.9817,11704
2026-01-05 11:00:00,6.98166,6.98304,6.97802,6.97865,11489.0,6.9801,11489
2026-01-05 12:00:00,6.97868,6.98073,6.9779,6.9806,12043.0,6.9795,12043
2026-01-05 13:00:00,6.98056,6.9879,6.98052,6.98618,18059.0,6.9856,18059
2026-01-05 14:00:00,6.98617,6.98936,6.98532,6.98819,17892.0,6.9874,17892
2026-01-05 15:00:00,6.98741,6.99106,6.98644,6.99085,17827.0,6.9887,17827
2026-01-05 16:00:00,6.99083,6.99186,6.98898,6.98928,15733.0,6.9909,15733
2026-01-05 17:00:00,6.98923,6.99031,6.9678,6.98736,13104.0,6.9883,13104
2026-01-05 18:00:00,6.98746,6.98769,6.9847,6.98505,8780.0,6.9862,8780
2026-01-05 19:00:00,6.98504,6.98604,6.9837,6.98557,8140.0,6.9851,8140
2026-01-05 20:00:00,6.98557,6.98564,6.9833,6.98391,7149.0,6.9844,7149
2026-01-05 21:00:00,6.98396,6.98434,6.98209,6.98272,3811.0,6.9835,3811
2026-01-05 22:00:00,6.98272,6.98467,6.98075,6.98417,1165.0,6.9831,1165
2026-01-05 23:00:00,6.98295,6.98492,6.9825,6.98299,1661.0,6.984,1661
2026-01-06 00:00:00,6.98301,6.98419,6.98121,6.98128,3797.0,6.9826,3797
2026-01-06 01:00:00,6.98127,6.98296,6.9775,6.9798,7326.0,6.9807,7326
2026-01-06 02:00:00,6.97972,6.98251,6.9782,6.97891,13385.0,6.9803,13385
2026-01-06 03:00:00,6.97905,6.97981,6.9759,6.97747,10634.0,6.9777,10634
2026-01-06 04:00:00,6.97751,6.97793,6.97526,6.97663,5802.0,6.9767,5802
2026-01-06 05:00:00,6.97647,6.97863,6.9756,6.977,9408.0,6.9769,9408
2026-01-06 06:00:00,6.977,6.97795,6.97366,6.97421,11421.0,6.9764,11421
2026-01-06 07:00:00,6.97419,6.97648,6.97362,6.97521,12034.0,6.9751,12034
2026-01-06 08:00:00,6.97518,6.9798,6.97518,6.979,14527.0,6.9774,14527
2026-01-06 09:00:00,6.97893,6.98194,6.9775,6.97987,13901.0,6.98,13901
2026-01-06 10:00:00,6.97986,6.98047,6.9786,6.97956,10471.0,6.9797,10471
2026-01-06 11:00:00,6.97946,6.98061,6.9782,6.97835,9954.0,6.9795,9954
2026-01-06 12:00:00,6.97834,6.9796,6.9767,6.97942,9773.0,6.9784,9773
2026-01-06 13:00:00,6.97957,6.9833,6.97944,6.98059,16713.0,6.9813,16713
2026-01-06 14:00:00,6.98063,6.98081,6.9778,6.97999,15838.0,6.9794,15838
2026-01-06 15:00:00,6.97998,6.98415,6.97974,6.98102,17359.0,6.9818,17359
2026-01-06 16:00:00,6.98091,6.98235,6.9806,6.98178,13876.0,6.9816,13876
2026-01-06 17:00:00,6.98178,6.98222,6.9786,6.97936,10378.0,6.9805,10378
2026-01-06 18:00:00,6.97949,6.98076,6.9788,6.9806,7843.0,6.9798,7843
2026-01-06 19:00:00,6.98068,6.98255,6.9805,6.98145,7239.0,6.9818,7239
2026-01-06 20:00:00,6.98146,6.98188,6.9804,6.98167,6748.0,6.9815,6748
2026-01-06 21:00:00,6.98165,6.98236,6.97914,6.98062,3441.0,6.9816,3441
2026-01-06 22:00:00,6.98062,6.98109,6.97875,6.98062,1209.0,6.9802,1209
2026-01-06 23:00:00,6.97922,6.98243,6.97896,6.98184,2064.0,6.9809,2064
2026-01-07 00:00:00,6.98188,6.98282,6.97846,6.98008,3996.0,6.9814,3996
2026-01-07 01:00:00,6.98004,6.98776,6.97846,6.98746,7320.0,6.9813,7320
2026-01-07 02:00:00,6.98749,6.98805,6.98325,6.9861,14395.0,6.9857,14395
2026-01-07 03:00:00,6.98615,6.98625,6.9821,6.98411,10675.0,6.9837,10675
2026-01-07 04:00:00,6.98409,6.98441,6.9829,6.98415,8507.0,6.9838,8507
2026-01-07 05:00:00,6.98415,6.98579,6.9837,6.98486,9250.0,6.985,9250
2026-01-07 06:00:00,6.98481,6.9866,6.98353,6.98529,11471.0,6.9849,11471
2026-01-07 07:00:00,6.98528,6.99033,6.9841,6.98991,14511.0,6.9869,14511
2026-01-07 08:00:00,6.98985,6.99021,6.988,6.98912,14010.0,6.989,14010
2026-01-07 09:00:00,6.98912,6.99278,6.98896,6.98996,13236.0,6.9908,13236
2026-01-07 10:00:00,6.98998,6.99011,6.9876,6.98954,10744.0,6.9893,10744
2026-01-07 11:00:00,6.98955,6.98975,6.9878,6.98846,8798.0,6.9889,8798
2026-01-07 12:00:00,6.9885,6.98944,6.9872,6.9877,9723.0,6.9883,9723
2026-01-07 13:00:00,6.98764,6.98965,6.98703,6.98776,15930.0,6.9884,15930
2026-01-07 14:00:00,6.98776,6.98815,6.98654,6.98679,15965.0,6.9874,15965
2026-01-07 15:00:00,6.9867,6.98955,6.9865,6.98818,18830.0,6.9883,18830
2026-01-07 16:00:00,6.98819,6.99172,6.98803,6.99125,15520.0,6.9903,15520
2026-01-07 17:00:00,6.99139,6.99151,6.9901,6.99099,9459.0,6.991,9459
2026-01-07 18:00:00,6.99091,6.99109,6.99017,6.99087,8417.0,6.9907,8417
2026-01-07 19:00:00,6.99087,6.99206,6.9902,6.99162,8163.0,6.9914,8163
2026-01-07 20:00:00,6.99161,6.99211,6.9908,6.99188,7760.0,6.9915,7760
2026-01-07 21:00:00,6.99184,6.99358,6.99183,6.99332,3676.0,6.9925,3676
2026-01-07 22:00:00,6.99332,6.99345,6.98785,6.99095,994.0,6.9906,994
2026-01-07 23:00:00,6.99095,6.99216,6.99012,6.99117,1714.0,6.9913,1714
2026-01-08 00:00:00,6.9912,6.99336,6.98966,6.99232,3179.0,6.9913,3179
2026-01-08 01:00:00,6.99233,6.99586,6.98985,6.99263,6371.0,6.993,6371
2026-01-08 02:00:00,6.99253,6.99404,6.98446,6.98539,14001.0,6.9901,14001
2026-01-08 03:00:00,6.98544,6.98604,6.98331,6.9848,10917.0,6.9849,10917
2026-01-08 04:00:00,6.98477,6.98574,6.9834,6.98513,6754.0,6.9849,6754
2026-01-08 05:00:00,6.98523,6.98531,6.98086,6.98228,10929.0,6.9834,10929
2026-01-08 06:00:00,6.9824,6.98358,6.9788,6.98027,14564.0,6.9817,14564
2026-01-08 07:00:00,6.98029,6.98255,6.9792,6.98131,14538.0,6.9811,14538
2026-01-08 08:00:00,6.98121,6.98191,6.97839,6.98165,15250.0,6.9806,15250
2026-01-08 09:00:00,6.98147,6.98218,6.98034,6.98199,11116.0,6.9812,11116
2026-01-08 10:00:00,6.98196,6.9826,6.9805,6.9808,9972.0,6.9816,9972
2026-01-08 11:00:00,6.98079,6.98193,6.9787,6.97979,9291.0,6.9804,9291
2026-01-08 12:00:00,6.97979,6.98082,6.9785,6.98025,9238.0,6.9801,9238
2026-01-08 13:00:00,6.98025,6.98333,6.97886,6.98269,14944.0,6.981,14944
2026-01-08 14:00:00,6.9828,6.98503,6.9822,6.98321,16208.0,6.9837,16208
2026-01-08 15:00:00,6.98333,6.98474,6.9823,6.98284,15336.0,6.9835,15336
2026-01-08 16:00:00,6.98274,6.98297,6.98125,6.98171,13028.0,6.9821,13028
2026-01-08 17:00:00,6.98159,6.9905,6.9811,6.98203,9720.0,6.9823,9720
2026-01-08 18:00:00,6.98206,6.98324,6.9814,6.98273,8266.0,6.9827,8266
2026-01-08 19:00:00,6.98262,6.98377,6.98257,6.98297,7032.0,6.9832,7032
2026-01-08 20:00:00,6.98296,6.98315,6.982,6.98279,6108.0,6.9828,6108
2026-01-08 21:00:00,6.98271,6.9835,6.9813,6.98212,4334.0,6.9827,4334
2026-01-08 22:00:00,6.98212,6.98252,6.97982,6.98031,1183.0,6.9812,1183
2026-01-08 23:00:00,6.98031,6.98317,6.98022,6.98207,1826.0,6.9814,1826
2026-01-09 00:00:00,6.98239,6.98278,6.98066,6.98151,3020.0,6.9819,3020
2026-01-09 01:00:00,6.98149,6.98286,6.97536,6.97801,7115.0,6.9785,7115
2026-01-09 02:00:00,6.97798,6.98069,6.9767,6.97921,13237.0,6.979,13237
2026-01-09 03:00:00,6.97918,6.97926,6.97628,6.979,9780.0,6.9779,9780
2026-01-09 04:00:00,6.9791,6.98034,6.9786,6.98019,6953.0,6.9797,6953
2026-01-09 05:00:00,6.98014,6.98225,6.97959,6.98146,9013.0,6.9809,9013
2026-01-09 06:00:00,6.98146,6.98229,6.98,6.98162,12046.0,6.9812,12046
2026-01-09 07:00:00,6.9818,6.98196,6.97877,6.98112,13226.0,6.9801,13226
2026-01-09 08:00:00,6.98097,6.9817,6.9801,6.98084,12537.0,6.981,12537
2026-01-09 09:00:00,6.98087,6.98291,6.98079,6.98263,10615.0,6.9819,10615
2026-01-09 10:00:00,6.98241,6.98289,6.98141,6.98174,8580.0,6.9823,8580
2026-01-09 11:00:00,6.98179,6.98197,6.9781,6.97957,8579.0,6.9798,8579
2026-01-09 12:00:00,6.97954,6.98125,6.97945,6.98112,9821.0,6.9804,9821
2026-01-09 13:00:00,6.98113,6.98395,6.97328,6.97665,18642.0,6.9787,18642
2026-01-09 14:00:00,6.97648,6.97681,6.9714,6.97195,20708.0,6.9735,20708
2026-01-09 15:00:00,6.97209,6.9762,6.9714,6.97382,19602.0,6.9744,19602
2026-01-09 16:00:00,6.97383,6.9754,6.97205,6.97525,14778.0,6.9741,14778
2026-01-09 17:00:00,6.97525,6.97761,6.9746,6.97729,12180.0,6.9761,12180
2026-01-09 18:00:00,6.97729,6.9777,6.9751,6.97601,9453.0,6.9767,9453
2026-01-09 19:00:00,6.97615,6.97725,6.9752,6.97702,7981.0,6.9763,7981
2026-01-09 20:00:00,6.97691,6.97739,6.9759,6.97681,6921.0,6.9769,6921
2026-01-09 21:00:00,6.9767,6.97695,6.97388,6.97641,4677.0,6.9759,4677
2026-01-11 22:00:00,6.97236,6.97502,6.96979,6.97476,126.0,6.9741,126
2026-01-11 23:00:00,6.97476,6.97707,6.97368,6.977,1252.0,6.9752,1252
2026-01-12 00:00:00,6.97713,6.9774,6.96741,6.96822,4435.0,6.972,4435
2026-01-12 01:00:00,6.96821,6.97289,6.96596,6.97267,7194.0,6.9698,7194
2026-01-12 02:00:00,6.97262,6.97413,6.97108,6.97399,13281.0,6.9724,13281
2026-01-12 03:00:00,6.97381,6.97394,6.97075,6.97082,9107.0,6.9723,9107
2026-01-12 04:00:00,6.97082,6.97121,6.97016,6.971,5621.0,6.9708,5621
2026-01-12 05:00:00,6.97092,6.97162,6.96931,6.96965,10186.0,6.9707,10186
2026-01-12 06:00:00,6.96966,6.9723,6.96931,6.97209,11900.0,6.9707,11900
2026-01-12 07:00:00,6.972,6.9724,6.97009,6.971,14034.0,6.9711,14034
2026-01-12 08:00:00,6.97094,6.97204,6.9683,6.96936,13420.0,6.9703,13420
2026-01-12 09:00:00,6.96926,6.9697,6.9673,6.96803,12034.0,6.9685,12034
2026-01-12 10:00:00,6.96801,6.96935,6.96636,6.96653,9619.0,6.9681,9619
2026-01-12 11:00:00,6.96629,6.96759,6.9654,6.96622,9497.0,6.9665,9497
2026-01-12 12:00:00,6.96624,6.96707,6.9656,6.96658,9921.0,6.9664,9921
2026-01-12 13:00:00,6.9665,6.96774,6.9644,6.9656,13911.0,6.966,13911
2026-01-12 14:00:00,6.96561,6.96675,6.96297,6.96636,16441.0,6.965,16441
2026-01-12 15:00:00,6.96636,6.96644,6.96261,6.96361,13869.0,6.9643,13869
2026-01-12 16:00:00,6.96364,6.9665,6.96347,6.96595,13264.0,6.9651,13264
2026-01-12 17:00:00,6.96601,6.96604,6.9639,6.96457,10358.0,6.9653,10358
2026-01-12 18:00:00,6.96471,6.96501,6.9629,6.96444,8415.0,6.9642,8415
2026-01-12 19:00:00,6.96445,6.96497,6.9633,6.96481,6290.0,6.9643,6290
2026-01-12 20:00:00,6.96481,6.96526,6.9638,6.96471,5878.0,6.9648,5878
2026-01-12 21:00:00,6.96472,6.96959,6.9638,6.96919,3626.0,6.9653,3626
2026-01-12 22:00:00,6.96919,6.96997,6.96426,6.9677,1139.0,6.968,1139
2026-01-12 23:00:00,6.96795,6.97293,6.9678,6.9727,2678.0,6.9701,2678
2026-01-13 00:00:00,6.97267,6.97314,6.96805,6.9691,3252.0,6.9703,3252
2026-01-13 01:00:00,6.9691,6.97442,6.9677,6.97276,6716.0,6.9715,6716
2026-01-13 02:00:00,6.97283,6.97457,6.9715,6.97345,12751.0,6.9729,12751
2026-01-13 03:00:00,6.97355,6.97355,6.9707,6.97192,9389.0,6.9722,9389
2026-01-13 04:00:00,6.97191,6.97224,6.97048,6.97077,6943.0,6.9714,6943
2026-01-13 05:00:00,6.97078,6.97242,6.9698,6.9717,9412.0,6.9716,9412
2026-01-13 06:00:00,6.9717,6.97415,6.9705,6.97382,12666.0,6.9728,12666
2026-01-13 07:00:00,6.97372,6.97562,6.9722,6.97304,13375.0,6.974,13375
2026-01-13 08:00:00,6.9729,6.97491,6.9718,6.97377,11976.0,6.9734,11976
2026-01-13 09:00:00,6.97378,6.97463,6.9723,6.97312,10459.0,6.9736,10459
2026-01-13 10:00:00,6.97301,6.97399,6.972,6.97339,9058.0,6.9733,9058
2026-01-13 11:00:00,6.97332,6.97375,6.9701,6.97092,8689.0,6.9724,8689
2026-01-13 12:00:00,6.97083,6.97212,6.97076,6.97175,9888.0,6.9714,9888
2026-01-13 13:00:00,6.97181,6.97269,6.94926,6.968,17749.0,6.9704,17749
2026-01-13 14:00:00,6.9679,6.97105,6.96696,6.9704,19603.0,6.969,19603
2026-01-13 15:00:00,6.97029,6.97385,6.97019,6.9713,17470.0,6.9723,17470
2026-01-13 16:00:00,6.97137,6.9759,6.97076,6.9745,15491.0,6.9743,15491
2026-01-13 17:00:00,6.9745,6.97663,6.97431,6.97552,11137.0,6.9756,11137
2026-01-13 18:00:00,6.97548,6.97645,6.9736,6.97422,10651.0,6.9752,10651
2026-01-13 19:00:00,6.97423,6.9753,6.9739,6.97456,10264.0,6.9747,10264
2026-01-13 20:00:00,6.97457,6.97484,6.9732,6.97471,8421.0,6.9742,8421
2026-01-13 21:00:00,6.97469,6.97476,6.97197,6.97314,3175.0,6.9739,3175
2026-01-13 22:00:00,6.97314,6.97478,6.97265,6.97431,1134.0,6.9736,1134
2026-01-13 23:00:00,6.97287,6.97506,6.9726,6.97344,1599.0,6.9739,1599
2026-01-14 00:00:00,6.97366,6.97553,6.9728,6.97509,2954.0,6.9742,2954
2026-01-14 01:00:00,6.97495,6.97821,6.97458,6.97776,6515.0,6.9763,6515
2026-01-14 02:00:00,6.97779,6.97791,6.9743,6.97632,12120.0,6.9763,12120
2026-01-14 03:00:00,6.97624,6.97653,6.9716,6.97246,9876.0,6.9745,9876
2026-01-14 04:00:00,6.97255,6.97413,6.9717,6.97387,6068.0,6.9729,6068
2026-01-14 05:00:00,6.97396,6.97645,6.9729,6.97462,11367.0,6.975,11367
2026-01-14 06:00:00,6.97468,6.97554,6.971,6.9716,12228.0,6.9739,12228
2026-01-14 07:00:00,6.9716,6.97188,6.9693,6.97044,11978.0,6.9708,11978
2026-01-14 08:00:00,6.97032,6.97234,6.9695,6.97088,14068.0,6.9709,14068
2026-01-14 09:00:00,6.97076,6.97105,6.9675,6.96974,12290.0,6.9694,12290
2026-01-14 10:00:00,6.96974,6.97177,6.96953,6.97167,10677.0,6.9707,10677
2026-01-14 11:00:00,6.97158,6.97265,6.9702,6.97145,9470.0,6.9717,9470
2026-01-14 12:00:00,6.97135,6.97322,6.97041,6.97174,12125.0,6.9721,12125
2026-01-14 13:00:00,6.97168,6.97469,6.97168,6.97377,17090.0,6.9733,17090
2026-01-14 14:00:00,6.97377,6.97416,6.9692,6.97185,18471.0,6.9716,18471
2026-01-14 15:00:00,6.97185,6.97268,6.96862,6.96877,18045.0,6.9707,18045
2026-01-14 16:00:00,6.96879,6.97159,6.9668,6.97004,15515.0,6.9694,15515
2026-01-14 17:00:00,6.96987,6.9719,6.96937,6.9717,13029.0,6.9708,13029
2026-01-14 18:00:00,6.97187,6.97258,6.9699,6.97127,10599.0,6.9713,10599
2026-01-14 19:00:00,6.97106,6.9719,6.9704,6.97134,7760.0,6.9714,7760
2026-01-14 20:00:00,6.97137,6.97156,6.9701,6.97062,9211.0,6.9709,9211
2026-01-14 21:00:00,6.97057,6.97161,6.9702,6.97135,3263.0,6.9711,3263
2026-01-14 22:00:00,6.97135,6.97135,6.96635,6.96856,1079.0,6.9698,1079
2026-01-14 23:00:00,6.96895,6.97151,6.96895,6.96981,1573.0,6.97,1573
2026-01-15 00:00:00,6.96988,6.97168,6.96746,6.96772,3579.0,6.9688,3579
2026-01-15 01:00:00,6.9679,6.96853,6.9641,6.96474,7345.0,6.9659,7345
2026-01-15 02:00:00,6.96476,6.96636,6.96401,6.9663,12975.0,6.9654,12975
2026-01-15 03:00:00,6.9663,6.96878,6.96586,6.96841,10557.0,6.9677,10557
2026-01-15 04:00:00,6.96845,6.96904,6.9675,6.9686,5853.0,6.9686,5853
2026-01-15 05:00:00,6.9686,6.96939,6.9671,6.96785,9539.0,6.9684,9539
2026-01-15 06:00:00,6.96785,6.97064,6.967,6.96978,12132.0,6.9687,12132
2026-01-15 07:00:00,6.96983,6.97415,6.96879,6.97025,14008.0,6.9707,14008
2026-01-15 08:00:00,6.97016,6.97044,6.96655,6.96746,12425.0,6.9681,12425
2026-01-15 09:00:00,6.96735,6.96751,6.9625,6.96344,12457.0,6.9653,12457
2026-01-15 10:00:00,6.96323,6.96382,6.9617,6.96311,10002.0,6.9632,10002
2026-01-15 11:00:00,6.96312,6.96472,6.9623,6.96422,8984.0,6.9635,8984
2026-01-15 12:00:00,6.96422,6.96435,6.96141,6.96407,10465.0,6.963,10465
2026-01-15 13:00:00,6.96422,6.96598,6.96126,6.96585,17523.0,6.964,17523
2026-01-15 14:00:00,6.96579,6.96711,6.9632,6.96489,17340.0,6.9654,17340
2026-01-15 15:00:00,6.9649,6.96493,6.961,6.96256,15817.0,6.9626,15817
2026-01-15 16:00:00,6.96246,6.96332,6.96138,6.96251,13926.0,6.9621,13926
2026-01-15 17:00:00,6.96239,6.971,6.961,6.9628,9876.0,6.9621,9876
2026-01-15 18:00:00,6.96285,6.96292,6.9612,6.96224,9497.0,6.9622,9497
2026-01-15 19:00:00,6.96222,6.96297,6.9614,6.96234,9590.0,6.9624,9590
2026-01-15 20:00:00,6.96225,6.96414,6.96204,6.96329,8659.0,6.9633,8659
2026-01-15 21:00:00,6.96326,6.96358,6.96205,6.96295,3151.0,6.9632,3151
2026-01-15 22:00:00,6.96295,6.96371,6.96205,6.96245,986.0,6.9629,986
2026-01-15 23:00:00,6.96245,6.96372,6.96155,6.96273,1408.0,6.9627,1408
2026-01-16 00:00:00,6.96275,6.96496,6.9621,6.96385,2874.0,6.9635,2874
2026-01-16 01:00:00,6.96385,6.96596,6.96079,6.96498,5620.0,6.9636,5620
2026-01-16 02:00:00,6.96498,6.96675,6.96177,6.96447,13496.0,6.9643,13496
2026-01-16 03:00:00,6.96455,6.96543,6.96319,6.96491,9649.0,6.9642,9649
2026-01-16 04:00:00,6.96491,6.96516,6.9631,6.96468,5664.0,6.9644,5664
2026-01-16 05:00:00,6.96458,6.96555,6.963,6.96536,8411.0,6.9647,8411
2026-01-16 06:00:00,6.96526,6.96779,6.9647,6.96737,11673.0,6.9661,11673
2026-01-16 07:00:00,6.96745,6.96756,6.96417,6.96578,13156.0,6.9653,13156
2026-01-16 08:00:00,6.96582,6.96757,6.96467,6.96634,12696.0,6.966,12696
2026-01-16 09:00:00,6.96639,6.96765,6.9649,6.96736,9674.0,6.966,9674
2026-01-16 10:00:00,6.96731,6.96852,6.9654,6.96661,10277.0,6.9673,10277
2026-01-16 11:00:00,6.96675,6.96688,6.96101,6.96509,8854.0,6.9655,8854
2026-01-16 12:00:00,6.96511,6.96672,6.9638,6.96639,10290.0,6.9656,10290
2026-01-16 13:00:00,6.9665,6.9665,6.9637,6.96493,14810.0,6.9651,14810
2026-01-16 14:00:00,6.96494,6.96599,6.9638,6.96525,13320.0,6.9648,13320
2026-01-16 15:00:00,6.96525,6.97031,6.9622,6.96647,18774.0,6.9664,18774
2026-01-16 16:00:00,6.96645,6.96845,6.9653,6.9674,15752.0,6.9669,15752
2026-01-16 17:00:00,6.9674,6.96821,6.96616,6.96751,10569.0,6.9671,10569
2026-01-16 18:00:00,6.96737,6.9687,6.96725,6.96781,8399.0,6.9681,8399
2026-01-16 19:00:00,6.96783,6.96856,6.9667,6.96744,7033.0,6.9679,7033
2026-01-16 20:00:00,6.96747,6.96784,6.9661,6.96665,6352.0,6.9672,6352
2026-01-16 21:00:00,6.96665,6.96748,6.9656,6.96738,4712.0,6.9664,4712
2026-01-18 22:00:00,6.96297,6.96574,6.9619,6.96541,558.0,6.9647,558
2026-01-18 23:00:00,6.96544,6.9664,6.96011,6.96079,1990.0,6.9623,1990
2026-01-19 00:00:00,6.96091,6.9624,6.95711,6.95825,4295.0,6.9601,4295
2026-01-19 01:00:00,6.9584,6.96153,6.95783,6.95969,5671.0,6.9598,5671
2026-01-19 02:00:00,6.95969,6.9715,6.95964,6.96014,11727.0,6.9606,11727
2026-01-19 03:00:00,6.96012,6.9608,6.95786,6.95807,9110.0,6.9594,9110
2026-01-19 04:00:00,6.95807,6.95883,6.95727,6.95799,6791.0,6.9581,6791
2026-01-19 05:00:00,6.95809,6.9592,6.95696,6.95888,9419.0,6.9582,9419
2026-01-19 06:00:00,6.95882,6.95963,6.9572,6.95885,9878.0,6.9585,9878
2026-01-19 07:00:00,6.95885,6.95885,6.95646,6.95818,12964.0,6.958,12964
2026-01-19 08:00:00,6.95816,6.95914,6.9574,6.95792,11348.0,6.9584,11348
2026-01-19 09:00:00,6.95789,6.95899,6.9568,6.95741,11141.0,6.9582,11141
2026-01-19 10:00:00,6.95745,6.95825,6.95447,6.95505,8552.0,6.9563,8552
2026-01-19 11:00:00,6.955,6.95633,6.95451,6.95581,3443.0,6.9552,3443
2026-01-19 12:00:00,6.95583,6.95635,6.9542,6.95565,7870.0,6.9556,7870
2026-01-19 13:00:00,6.95565,6.95669,6.95474,6.95606,10468.0,6.9558,10468
2026-01-19 14:00:00,6.9561,6.9564,6.9541,6.95562,8618.0,6.9556,8618
2026-01-19 15:00:00,6.95566,6.95722,6.9549,6.95652,10540.0,6.9561,10540
2026-01-19 16:00:00,6.95657,6.95701,6.9551,6.95649,7209.0,6.9562,7209
2026-01-19 17:00:00,6.95634,6.95675,6.955,6.95616,6053.0,6.9561,6053
2026-01-19 18:00:00,6.95615,6.95694,6.9557,6.95674,4091.0,6.9564,4091
2026-01-19 19:00:00,6.9565,6.95692,6.9557,6.95658,2433.0,6.9566,2433
2026-01-19 20:00:00,6.95659,6.95905,6.9561,6.95712,2386.0,6.957,2386
2026-01-19 21:00:00,6.95702,6.95728,6.95616,6.95676,2036.0,6.9568,2036
2026-01-19 22:00:00,6.95676,6.95676,6.9541,6.9559,716.0,6.9555,716
2026-01-19 23:00:00,6.95479,6.95647,6.95472,6.95543,1735.0,6.9556,1735
2026-01-20 00:00:00,6.95566,6.95729,6.95526,6.95603,3486.0,6.9565,3486
2026-01-20 01:00:00,6.95606,6.9572,6.95269,6.95588,5934.0,6.9555,5934
2026-01-20 02:00:00,6.95597,6.95775,6.9552,6.95619,11581.0,6.9567,11581
2026-01-20 03:00:00,6.95614,6.95645,6.95381,6.95449,9665.0,6.9555,9665
2026-01-20 04:00:00,6.9545,6.95482,6.9535,6.95405,7902.0,6.9541,7902
2026-01-20 05:00:00,6.95403,6.95511,6.9535,6.95426,10034.0,6.9544,10034
2026-01-20 06:00:00,6.9543,6.95541,6.9533,6.9551,13063.0,6.9546,13063
2026-01-20 07:00:00,6.95503,6.95657,6.95436,6.95469,14681.0,6.9552,14681
2026-01-20 08:00:00,6.95468,6.9548,6.94928,6.95161,18383.0,6.9521,18383
2026-01-20 09:00:00,6.95162,6.95341,6.95087,6.9526,16091.0,6.9523,16091
2026-01-20 10:00:00,6.95269,6.95395,6.95149,6.95175,13687.0,6.9527,13687
2026-01-20 11:00:00,6.9517,6.95272,6.9497,6.95132,11796.0,6.9515,11796
2026-01-20 12:00:00,6.95131,6.95346,6.95065,6.95269,13212.0,6.9521,13212
2026-01-20 13:00:00,6.9527,6.95465,6.95021,6.95417,17845.0,6.9527,17845
2026-01-20 14:00:00,6.95416,6.95765,6.95387,6.95632,19209.0,6.9557,19209
2026-01-20 15:00:00,6.95633,6.95668,6.95424,6.95488,16969.0,6.9554,16969
2026-01-20 16:00:00,6.95477,6.95538,6.95365,6.95405,13981.0,6.9547,13981
2026-01-20 17:00:00,6.95403,6.95573,6.953,6.95515,12722.0,6.9544,12722
2026-01-20 18:00:00,6.95513,6.95589,6.9539,6.95581,9781.0,6.9552,9781
2026-01-20 19:00:00,6.95572,6.9595,6.9549,6.95755,9979.0,6.9564,9979
2026-01-20 20:00:00,6.95745,6.95774,6.956,6.95631,9707.0,6.9567,9707
2026-01-20 21:00:00,6.95639,6.95733,6.95323,6.95564,4060.0,6.9563,4060
2026-01-20 22:00:00,6.95564,6.95599,6.9533,6.95337,578.0,6.9549,578
2026-01-20 23:00:00,6.95345,6.95607,6.95345,6.95529,1558.0,6.9549,1558
2026-01-21 00:00:00,6.955,6.95606,6.95336,6.95403,4038.0,6.9547,4038
2026-01-21 01:00:00,6.95402,6.95958,6.95327,6.95908,6716.0,6.9569,6716
2026-01-21 02:00:00,6.95907,6.96168,6.95904,6.9606,12015.0,6.9603,12015
2026-01-21 03:00:00,6.96062,6.96376,6.9591,6.96311,10799.0,6.9616,10799
2026-01-21 04:00:00,6.96311,6.96395,6.9623,6.96365,6692.0,6.9633,6692
2026-01-21 05:00:00,6.96365,6.96376,6.9608,6.96133,9653.0,6.962,9653
2026-01-21 06:00:00,6.96123,6.96272,6.9594,6.96038,12311.0,6.9614,12311
2026-01-21 07:00:00,6.96028,6.96145,6.9594,6.96043,14125.0,6.9605,14125
2026-01-21 08:00:00,6.96043,6.9626,6.95902,6.9594,12742.0,6.9608,12742
2026-01-21 09:00:00,6.95933,6.9608,6.959,6.96031,10608.0,6.9599,10608
2026-01-21 10:00:00,6.9603,6.96032,6.9578,6.95879,8553.0,6.9592,8553
2026-01-21 11:00:00,6.9588,6.95956,6.9573,6.95865,10123.0,6.9585,10123
2026-01-21 12:00:00,6.95866,6.95896,6.9553,6.95601,11467.0,6.9568,11467
2026-01-21 13:00:00,6.95608,6.95725,6.9553,6.95637,13182.0,6.9565,13182
2026-01-21 14:00:00,6.95635,6.95885,6.95557,6.95765,18645.0,6.9571,18645
2026-01-21 15:00:00,6.95772,6.96025,6.95654,6.95901,17332.0,6.9587,17332
2026-01-21 16:00:00,6.95885,6.96071,6.9583,6.95953,15571.0,6.9594,15571
2026-01-21 17:00:00,6.95945,6.9611,6.95816,6.95976,13536.0,6.9596,13536
2026-01-21 18:00:00,6.95965,6.96067,6.95886,6.95907,10019.0,6.9598,10019
2026-01-21 19:00:00,6.95897,6.96114,6.9582,6.95913,14097.0,6.9599,14097
2026-01-21 20:00:00,6.95902,6.96054,6.95895,6.96,12175.0,6.9599,12175
2026-01-21 21:00:00,6.95988,6.96064,6.95836,6.95938,3467.0,6.96,3467
2026-01-21 22:00:00,6.95938,6.95978,6.95809,6.95825,966.0,6.9589,966
2026-01-21 23:00:00,6.95824,6.95929,6.9578,6.95875,1687.0,6.9586,1687
2026-01-22 00:00:00,6.95877,6.95922,6.9555,6.95674,3578.0,6.9574,3578
2026-01-22 01:00:00,6.95685,6.9593,6.95614,6.95791,5856.0,6.9578,5856
2026-01-22 02:00:00,6.95782,6.95945,6.95671,6.95925,10232.0,6.9585,10232
2026-01-22 03:00:00,6.95931,6.95979,6.9576,6.95829,8062.0,6.9588,8062
2026-01-22 04:00:00,6.95835,6.95842,6.9572,6.95785,5862.0,6.958,5862
2026-01-22 05:00:00,6.95787,6.95905,6.95747,6.95842,7686.0,6.9585,7686
2026-01-22 06:00:00,6.9584,6.95999,6.9575,6.95903,10015.0,6.959,10015
2026-01-22 07:00:00,6.9589,6.96072,6.9575,6.96048,11025.0,6.9593,11025
2026-01-22 08:00:00,6.96056,6.96115,6.9594,6.96035,12191.0,6.9606,12191
2026-01-22 09:00:00,6.96035,6.96444,6.95887,6.9643,12917.0,6.9614,12917
2026-01-22 10:00:00,6.96421,6.9758,6.96279,6.97342,14195.0,6.9693,14195
2026-01-22 11:00:00,6.97347,6.97859,6.9714,6.97711,14880.0,6.9754,14880
2026-01-22 12:00:00,6.97712,6.97721,6.9745,6.97608,12496.0,6.9761,12496
2026-01-22 13:00:00,6.97593,6.97594,6.97126,6.97215,15850.0,6.9734,15850
2026-01-22 14:00:00,6.97225,6.97429,6.9699,6.97162,15319.0,6.9722,15319
2026-01-22 15:00:00,6.97133,6.97222,6.9682,6.9684,16561.0,6.9699,16561
2026-01-22 16:00:00,6.96838,6.96987,6.9675,6.96871,15655.0,6.9688,15655
2026-01-22 17:00:00,6.96862,6.96942,6.9648,6.96503,13387.0,6.9672,13387
2026-01-22 18:00:00,6.96488,6.96537,6.9628,6.96335,9964.0,6.964,9964
2026-01-22 19:00:00,6.96324,6.96504,6.9629,6.96481,8610.0,6.9638,8610
2026-01-22 20:00:00,6.96468,6.96496,6.9634,6.96472,7642.0,6.9645,7642
2026-01-22 21:00:00,6.96471,6.9651,6.9625,6.96402,3792.0,6.964,3792
2026-01-22 22:00:00,6.96402,6.96582,6.96218,6.96476,1286.0,6.9642,1286
2026-01-22 23:00:00,6.96478,6.966,6.96417,6.96445,1668.0,6.9651,1668
2026-01-23 00:00:00,6.96443,6.96649,6.96296,6.96509,2988.0,6.9655,2988
2026-01-23 01:00:00,6.96508,6.96668,6.9529,6.95981,8379.0,6.9594,8379
2026-01-23 02:00:00,6.95984,6.963,6.95923,6.96072,13075.0,6.9604,13075
2026-01-23 03:00:00,6.96072,6.96079,6.9587,6.95994,10313.0,6.9597,10313
2026-01-23 04:00:00,6.95993,6.96006,6.9569,6.958,6594.0,6.9585,6594
2026-01-23 05:00:00,6.95789,6.96004,6.9568,6.95983,9433.0,6.9585,9433
2026-01-23 06:00:00,6.9599,6.96085,6.9583,6.96032,12405.0,6.9593,12405
2026-01-23 07:00:00,6.96036,6.96243,6.95887,6.9616,15602.0,6.9607,15602
2026-01-23 08:00:00,6.96162,6.96241,6.95924,6.95985,15396.0,6.9611,15396
2026-01-23 09:00:00,6.95979,6.96105,6.9595,6.96061,13099.0,6.9603,13099
2026-01-23 10:00:00,6.96048,6.96301,6.96022,6.96175,10634.0,6.9619,10634
2026-01-23 11:00:00,6.96176,6.96251,6.9604,6.96116,11441.0,6.9616,11441
2026-01-23 12:00:00,6.96104,6.96135,6.96,6.9603,9466.0,6.9608,9466
2026-01-23 13:00:00,6.96028,6.96413,6.96026,6.96356,14070.0,6.9623,14070
2026-01-23 14:00:00,6.96367,6.96409,6.9612,6.96216,14371.0,6.9629,14371
2026-01-23 15:00:00,6.96202,6.96255,6.9604,6.9622,14587.0,6.9617,14587
2026-01-23 16:00:00,6.9622,6.96368,6.9585,6.95975,16367.0,6.9613,16367
2026-01-23 17:00:00,6.95965,6.95993,6.95345,6.95563,18979.0,6.9566,18979
2026-01-23 18:00:00,6.9558,6.95726,6.95241,6.95266,16207.0,6.9544,16207
2026-01-23 19:00:00,6.95263,6.95306,6.9498,6.95112,13112.0,6.9519,13112
2026-01-23 20:00:00,6.95111,6.95211,6.95023,6.9515,12801.0,6.9511,12801
2026-01-23 21:00:00,6.95141,6.95165,6.94652,6.94893,7841.0,6.9497,7841
2026-01-25 22:00:00,6.9438,6.94741,6.94205,6.94464,372.0,6.9449,372
2026-01-25 23:00:00,6.94453,6.94977,6.94451,6.94845,1888.0,6.9474,1888
2026-01-26 00:00:00,6.94845,6.94974,6.94616,6.94766,5255.0,6.948,5255
2026-01-26 01:00:00,6.94766,6.9545,6.94657,6.95302,8396.0,6.9514,8396
2026-01-26 02:00:00,6.953,6.9544,6.94885,6.95075,17047.0,6.9517,17047
2026-01-26 03:00:00,6.95072,6.95259,6.9506,6.95227,12874.0,6.9517,12874
2026-01-26 04:00:00,6.95219,6.95263,6.95068,6.95136,10568.0,6.9517,10568
2026-01-26 05:00:00,6.95142,6.95273,6.95046,6.95259,12721.0,6.9517,12721
2026-01-26 06:00:00,6.9526,6.95557,6.95216,6.95527,15040.0,6.9536,15040
2026-01-26 07:00:00,6.95523,6.95645,6.95428,6.95566,15407.0,6.9555,15407
2026-01-26 08:00:00,6.95549,6.95575,6.95212,6.9532,16757.0,6.9538,16757
2026-01-26 09:00:00,6.9531,6.95385,6.9486,6.94972,16459.0,6.9516,16459
2026-01-26 10:00:00,6.9497,6.9507,6.94848,6.94891,12212.0,6.9497,12212
2026-01-26 11:00:00,6.94893,6.9505,6.94813,6.94924,12058.0,6.9496,12058
2026-01-26 12:00:00,6.94926,6.95319,6.94924,6.9526,12500.0,6.9516,12500
2026-01-26 13:00:00,6.95252,6.95326,6.95035,6.95253,14973.0,6.9524,14973
2026-01-26 14:00:00,6.95252,6.95311,6.94948,6.94953,16085.0,6.9513,16085
2026-01-26 15:00:00,6.94961,6.95085,6.94831,6.94887,16544.0,6.9496,16544
2026-01-26 16:00:00,6.94886,6.9508,6.9476,6.9495,16248.0,6.9497,16248
2026-01-26 17:00:00,6.94937,6.9496,6.94785,6.94876,12776.0,6.9489,12776
2026-01-26 18:00:00,6.94876,6.94895,6.9469,6.94846,12274.0,6.9482,12274
2026-01-26 19:00:00,6.94846,6.95002,6.9479,6.94966,13495.0,6.9494,13495
2026-01-26 20:00:00,6.94967,6.95046,6.9492,6.94952,11260.0,6.9499,11260
2026-01-26 21:00:00,6.94945,6.95017,6.94813,6.94876,6659.0,6.9496,6659
2026-01-26 22:00:00,6.94876,6.94911,6.948,6.94807,981.0,6.9485,981
2026-01-26 23:00:00,6.94817,6.94935,6.9478,6.94895,1805.0,6.9486,1805
2026-01-27 00:00:00,6.94895,6.95296,6.94885,6.95255,4441.0,6.9513,4441
2026-01-27 01:00:00,6.95252,6.95571,6.95134,6.95555,6446.0,6.9538,6446
2026-01-27 02:00:00,6.95557,6.95676,6.95287,6.95491,13142.0,6.9543,13142
2026-01-27 03:00:00,6.9548,6.95562,6.9528,6.95411,10179.0,6.9542,10179
2026-01-27 04:00:00,6.95418,6.95577,6.95395,6.95505,8291.0,6.955,8291
2026-01-27 05:00:00,6.95511,6.95566,6.9537,6.95469,9106.0,6.9548,9106
2026-01-27 06:00:00,6.95468,6.95519,6.95349,6.95511,10315.0,6.9545,10315
2026-01-27 07:00:00,6.95515,6.9552,6.9532,6.95463,12816.0,6.9543,12816
2026-01-27 08:00:00,6.95449,6.95641,6.95365,6.95381,13719.0,6.9553,13719
2026-01-27 09:00:00,6.95366,6.95434,6.95052,6.9511,12992.0,6.9531,12992
2026-01-27 10:00:00,6.9511,6.95374,6.94993,6.95125,15483.0,6.9517,15483
2026-01-27 11:00:00,6.95125,6.95198,6.9495,6.95041,11393.0,6.9508,11393
2026-01-27 12:00:00,6.95052,6.95097,6.94814,6.94864,15963.0,6.9493,15963
2026-01-27 13:00:00,6.94853,6.95185,6.948,6.94959,18536.0,6.9501,18536
2026-01-27 14:00:00,6.94956,6.95,6.94731,6.94744,17906.0,6.9486,17906
2026-01-27 15:00:00,6.94734,6.94925,6.94501,6.94863,18719.0,6.9471,18719
2026-01-27 16:00:00,6.94862,6.94881,6.94406,6.94449,16487.0,6.9461,16487
2026-01-27 17:00:00,6.94461,6.9454,6.94126,6.94154,14952.0,6.9439,14952
2026-01-27 18:00:00,6.94161,6.94372,6.94102,6.94312,13458.0,6.9427,13458
2026-01-27 19:00:00,6.94296,6.94374,6.94109,6.94116,11519.0,6.9429,11519
2026-01-27 20:00:00,6.94125,6.94284,6.93057,6.93336,14960.0,6.9385,14960
2026-01-27 21:00:00,6.93268,6.93516,6.93107,6.93311,11708.0,6.9336,11708
2026-01-27 22:00:00,6.93311,6.93481,6.93082,6.93245,1576.0,6.9323,1576
2026-01-27 23:00:00,6.93246,6.93797,6.93243,6.93691,3255.0,6.935,3255
2026-01-28 00:00:00,6.93696,6.94063,6.93639,6.93934,4691.0,6.9389,4691
2026-01-28 01:00:00,6.93899,6.94477,6.93579,6.94235,7904.0,6.9409,7904
2026-01-28 02:00:00,6.94231,6.94404,6.9391,6.93995,15618.0,6.9418,15618
2026-01-28 03:00:00,6.93984,6.93997,6.93814,6.93882,12273.0,6.9389,12273
2026-01-28 04:00:00,6.9388,6.93948,6.93762,6.93788,7640.0,6.9387,7640
2026-01-28 05:00:00,6.93788,6.94044,6.93764,6.93813,13197.0,6.9391,13197
2026-01-28 06:00:00,6.9382,6.94069,6.9375,6.94017,13630.0,6.9389,13630
2026-01-28 07:00:00,6.9401,6.9415,6.93825,6.94117,15867.0,6.9402,15867
2026-01-28 08:00:00,6.94114,6.9431,6.9386,6.9419,17411.0,6.9407,17411
2026-01-28 09:00:00,6.94181,6.94358,6.9409,6.94243,15149.0,6.9424,15149
2026-01-28 10:00:00,6.94243,6.94339,6.9408,6.94173,13543.0,6.9425,13543
2026-01-28 11:00:00,6.94174,6.94372,6.94159,6.94278,12503.0,6.9429,12503
2026-01-28 12:00:00,6.94288,6.9433,6.94145,6.94254,12661.0,6.9425,12661
2026-01-28 13:00:00,6.94249,6.9449,6.94243,6.94448,16017.0,6.9434,16017
2026-01-28 14:00:00,6.94461,6.94519,6.94134,6.94237,16722.0,6.9432,16722
2026-01-28 15:00:00,6.94243,6.9476,6.94141,6.94443,21495.0,6.9449,21495
2026-01-28 16:00:00,6.94434,6.94845,6.9431,6.94659,17962.0,6.9467,17962
2026-01-28 17:00:00,6.94644,6.9482,6.9457,6.94634,13126.0,6.9471,13126
2026-01-28 18:00:00,6.94646,6.94908,6.94618,6.94738,13611.0,6.9477,13611
2026-01-28 19:00:00,6.94766,6.94925,6.9431,6.94414,18873.0,6.947,18873
2026-01-28 20:00:00,6.94416,6.94484,6.942,6.94349,16206.0,6.9434,16206
2026-01-28 21:00:00,6.94358,6.94403,6.9417,6.94362,7682.0,6.9433,7682
2026-01-28 22:00:00,6.94365,6.94379,6.94185,6.94348,736.0,6.9431,736
2026-01-28 23:00:00,6.94237,6.94389,6.94009,6.94107,2850.0,6.9418,2850
2026-01-29 00:00:00,6.94107,6.94195,6.9381,6.94097,5038.0,6.9403,5038
2026-01-29 01:00:00,6.94108,6.94661,6.94043,6.9454,7645.0,6.9437,7645
2026-01-29 02:00:00,6.94548,6.94746,6.9431,6.94433,15828.0,6.9451,15828
2026-01-29 03:00:00,6.94432,6.94558,6.9419,6.943,14169.0,6.9441,14169
2026-01-29 04:00:00,6.94297,6.94383,6.941,6.94215,10442.0,6.9425,10442
2026-01-29 05:00:00,6.94215,6.94434,6.9412,6.94386,12881.0,6.9425,12881
2026-01-29 06:00:00,6.94386,6.94432,6.94065,6.94196,14888.0,6.9425,14888
2026-01-29 07:00:00,6.94207,6.94436,6.94091,6.94335,14989.0,6.9427,14989
2026-01-29 08:00:00,6.94338,6.94356,6.9417,6.94235,15393.0,6.9428,15393
2026-01-29 09:00:00,6.94237,6.94249,6.93869,6.9404,14534.0,6.9404,14534
2026-01-29 10:00:00,6.9404,6.94229,6.93804,6.94229,12889.0,6.9396,12889
2026-01-29 11:00:00,6.94264,6.94459,6.94219,6.94329,1532.0,6.9437,1532
2026-01-29 12:00:00,6.94326,6.94353,6.94106,6.94127,8348.0,6.9421,8348
2026-01-29 13:00:00,6.9413,6.94295,6.93978,6.94149,17475.0,6.9413,17475
2026-01-29 14:00:00,6.94149,6.94471,6.94071,6.94433,17196.0,6.9422,17196
2026-01-29 15:00:00,6.94445,6.95475,6.94369,6.95262,19803.0,6.9496,19803
2026-01-29 16:00:00,6.9525,6.95275,6.94882,6.94967,21075.0,6.9504,21075
2026-01-29 17:00:00,6.94966,6.95174,6.94768,6.95029,18984.0,6.9497,18984
2026-01-29 18:00:00,6.95029,6.95172,6.94826,6.9499,17623.0,6.9498,17623
2026-01-29 19:00:00,6.94983,6.95091,6.9482,6.94936,16397.0,6.9492,16397
2026-01-29 20:00:00,6.94945,6.94979,6.9463,6.94788,14175.0,6.9483,14175
2026-01-29 21:00:00,6.94784,6.94827,6.9438,6.94471,7738.0,6.9461,7738
2026-01-29 22:00:00,6.94471,6.9453,6.94384,6.94403,2335.0,6.9442,2335
2026-01-29 23:00:00,6.94408,6.94718,6.944,6.94555,3104.0,6.9451,3104
2026-01-30 00:00:00,6.94557,6.95167,6.94316,6.94958,7089.0,6.9482,7089
2026-01-30 01:00:00,6.94951,6.95159,6.94507,6.94593,9224.0,6.948,9224
2026-01-30 02:00:00,6.94589,6.95055,6.94524,6.94742,20499.0,6.9481,20499
2026-01-30 03:00:00,6.94752,6.94794,6.94598,6.94604,13860.0,6.947,13860
2026-01-30 04:00:00,6.94602,6.94704,6.9445,6.94649,10286.0,6.946,10286
2026-01-30 05:00:00,6.94642,6.9481,6.945,6.94731,12772.0,6.9468,12772
2026-01-30 06:00:00,6.9474,6.94944,6.94614,6.94908,15214.0,6.9471,15214
2026-01-30 07:00:00,6.94909,6.94909,6.94566,6.94673,17089.0,6.9478,17089
2026-01-30 08:00:00,6.94669,6.948,6.94531,6.94607,16819.0,6.9468,16819
2026-01-30 09:00:00,6.94625,6.95326,6.94489,6.95265,18579.0,6.9492,18579
2026-01-30 10:00:00,6.95254,6.95365,6.95008,6.95218,15528.0,6.9516,15528
2026-01-30 11:00:00,6.95219,6.95219,6.9472,6.94784,14724.0,6.9496,14724
2026-01-30 12:00:00,6.9477,6.95023,6.9465,6.9497,15968.0,6.9482,15968
2026-01-30 13:00:00,6.9497,6.95221,6.94663,6.94971,18614.0,6.9496,18614
2026-01-30 14:00:00,6.94952,6.95192,6.94787,6.9516,18119.0,6.9494,18119
2026-01-30 15:00:00,6.9516,6.9539,6.94982,6.95131,20207.0,6.9517,20207
2026-01-30 16:00:00,6.95131,6.95555,6.9501,6.9534,18565.0,6.9534,18565
2026-01-30 17:00:00,6.9533,6.95616,6.95303,6.9554,18637.0,6.9546,18637
2026-01-30 18:00:00,6.9556,6.96085,6.95447,6.95648,20826.0,6.9569,20826
2026-01-30 19:00:00,6.95645,6.95868,6.9559,6.9579,18619.0,6.9572,18619
2026-01-30 20:00:00,6.95794,6.96131,6.95787,6.96049,16744.0,6.9591,16744
2026-01-30 21:00:00,6.96054,6.96066,6.95579,6.95876,10315.0,6.9593,10315
2026-02-01 22:00:00,6.9549,6.95894,6.95368,6.95889,242.0,6.9568,242
2026-02-01 23:00:00,6.95884,6.96245,6.95696,6.95854,2034.0,6.9602,2034
2026-02-02 00:00:00,6.95854,6.95882,6.95512,6.95684,5932.0,6.9563,5932
2026-02-02 01:00:00,6.95705,6.95717,6.94672,6.94732,8980.0,6.953,8980
2026-02-02 02:00:00,6.94732,6.95075,6.94567,6.95031,16812.0,6.9477,16812
2026-02-02 03:00:00,6.95035,6.95244,6.94891,6.95235,14263.0,6.9505,14263
2026-02-02 04:00:00,6.95233,6.95273,6.95143,6.95208,11103.0,6.952,11103
2026-02-02 05:00:00,6.95199,6.9537,6.94954,6.95303,15029.0,6.9524,15029
2026-02-02 06:00:00,6.95303,6.95395,6.94808,6.94899,17958.0,6.9502,17958
2026-02-02 07:00:00,6.94898,6.95157,6.94791,6.94978,16551.0,6.9498,16551
2026-02-02 08:00:00,6.94968,6.95027,6.9476,6.94847,16066.0,6.9489,16066
2026-02-02 09:00:00,6.94849,6.9495,6.94174,6.94242,15836.0,6.9473,15836
2026-02-02 10:00:00,6.94253,6.94377,6.94011,6.9406,15284.0,6.9416,15284
2026-02-02 11:00:00,6.9406,6.94183,6.9392,6.94107,13391.0,6.9407,13391
2026-02-02 12:00:00,6.94108,6.94308,6.94027,6.94122,14176.0,6.9418,14176
2026-02-02 13:00:00,6.94132,6.94133,6.9374,6.93965,18522.0,6.9393,18522
2026-02-02 14:00:00,6.93967,6.94255,6.93785,6.93868,18402.0,6.94,18402
2026-02-02 15:00:00,6.93888,6.94445,6.93864,6.94417,21032.0,6.9418,21032
2026-02-02 16:00:00,6.94417,6.94445,6.93892,6.93907,18144.0,6.9411,18144
2026-02-02 17:00:00,6.9391,6.94006,6.93788,6.93945,16123.0,6.9389,16123
2026-02-02 18:00:00,6.93941,6.94326,6.93937,6.94245,14226.0,6.9417,14226
2026-02-02 19:00:00,6.94253,6.94286,6.9403,6.94134,12129.0,6.9418,12129
2026-02-02 20:00:00,6.94127,6.94209,6.94056,6.94081,11478.0,6.9413,11478
2026-02-02 21:00:00,6.94081,6.94236,6.9403,6.94231,3871.0,6.941,3871
2026-02-02 22:00:00,6.94231,6.94359,6.9396,6.9432,1447.0,6.9426,1447
2026-02-02 23:00:00,6.94241,6.94358,6.93829,6.93864,1810.0,6.9415,1810
2026-02-03 00:00:00,6.93859,6.94099,6.937,6.93924,4497.0,6.9389,4497
2026-02-03 01:00:00,6.93911,6.94136,6.93446,6.93615,8169.0,6.9381,8169
2026-02-03 02:00:00,6.93612,6.9389,6.93511,6.9381,14377.0,6.937,14377
2026-02-03 03:00:00,6.9381,6.93811,6.93506,6.93552,14319.0,6.9361,14319
2026-02-03 04:00:00,6.93546,6.93633,6.93469,6.93611,9927.0,6.9353,9927
2026-02-03 05:00:00,6.93611,6.93634,6.9343,6.9355,11087.0,6.9355,11087
2026-02-03 06:00:00,6.9355,6.93777,6.9346,6.93472,13437.0,6.9359,13437
2026-02-03 07:00:00,6.93473,6.93503,6.93079,6.9327,16076.0,6.9325,16076
2026-02-03 08:00:00,6.93265,6.9334,6.9308,6.93193,15542.0,6.9324,15542
2026-02-03 09:00:00,6.93193,6.93547,6.93147,6.93522,15343.0,6.9339,15343
2026-02-03 10:00:00,6.93523,6.9357,6.9342,6.93442,11051.0,6.935,11051
2026-02-03 11:00:00,6.93447,6.93457,6.9327,6.93419,12142.0,6.9338,12142
2026-02-03 12:00:00,6.93407,6.93531,6.9322,6.93304,13486.0,6.9337,13486
2026-02-03 13:00:00,6.93313,6.93661,6.93291,6.93638,17731.0,6.9352,17731
2026-02-03 14:00:00,6.93638,6.93702,6.93302,6.93447,18013.0,6.935,18013
2026-02-03 15:00:00,6.93451,6.93565,6.9329,6.93338,18677.0,6.9344,18677
2026-02-03 16:00:00,6.93342,6.93435,6.9318,6.93337,15981.0,6.9329,15981
2026-02-03 17:00:00,6.93337,6.93615,6.93217,6.93546,16315.0,6.934,16315
2026-02-03 18:00:00,6.93555,6.93653,6.9345,6.9357,14434.0,6.9354,14434
2026-02-03 19:00:00,6.93568,6.93738,6.9336,6.93481,14387.0,6.9355,14387
2026-02-03 20:00:00,6.93473,6.93618,6.93409,6.93467,12597.0,6.9353,12597
2026-02-03 21:00:00,6.93464,6.93496,6.9325,6.93496,5562.0,6.9338,5562
2026-02-03 22:00:00,6.93496,6.93516,6.93211,6.93425,1089.0,6.9341,1089
2026-02-03 23:00:00,6.93332,6.93471,6.93315,6.93355,2234.0,6.934,2234
2026-02-04 00:00:00,6.93354,6.93556,6.9329,6.93371,3520.0,6.9343,3520
2026-02-04 01:00:00,6.93356,6.93505,6.92886,6.93096,7087.0,6.9316,7087
2026-02-04 02:00:00,6.93096,6.93305,6.92998,6.93267,12442.0,6.9315,12442
2026-02-04 03:00:00,6.93267,6.93548,6.9315,6.93426,10729.0,6.934,10729
2026-02-04 04:00:00,6.93428,6.93535,6.9326,6.9341,7233.0,6.934,7233
2026-02-04 05:00:00,6.93421,6.93441,6.93312,6.93363,8212.0,6.9339,8212
2026-02-04 06:00:00,6.93359,6.93385,6.93184,6.9335,10981.0,6.9328,10981
2026-02-04 07:00:00,6.93338,6.93515,6.93285,6.93403,12941.0,6.934,12941
2026-02-04 08:00:00,6.93396,6.93523,6.9333,6.93418,12449.0,6.9343,12449
2026-02-04 09:00:00,6.93429,6.94207,6.9335,6.93933,14793.0,6.9385,14793
2026-02-04 10:00:00,6.93927,6.94183,6.938,6.94128,11699.0,6.9406,11699
2026-02-04 11:00:00,6.94132,6.94241,6.9386,6.93957,10604.0,6.9408,10604
2026-02-04 12:00:00,6.93957,6.93962,6.936,6.93721,10568.0,6.9381,10568
2026-02-04 13:00:00,6.93728,6.93965,6.93662,6.93676,16680.0,6.938,16680
2026-02-04 14:00:00,6.93677,6.94047,6.93653,6.939,19821.0,6.9387,19821
2026-02-04 15:00:00,6.93751,6.94205,6.93751,6.94089,20044.0,6.9399,20044
2026-02-04 16:00:00,6.94081,6.94335,6.94046,6.94128,17654.0,6.9421,17654
2026-02-04 17:00:00,6.9412,6.9432,6.9404,6.94294,16376.0,6.9419,16376
2026-02-04 18:00:00,6.94278,6.9433,6.94152,6.94261,13234.0,6.9426,13234
2026-02-04 19:00:00,6.94273,6.94341,6.94142,6.94169,11710.0,6.9425,11710
2026-02-04 20:00:00,6.94169,6.94259,6.94134,6.94199,9585.0,6.9421,9585
2026-02-04 21:00:00,6.94198,6.94236,6.94016,6.94104,4282.0,6.9413,4282
2026-02-04 22:00:00,6.94104,6.94173,6.93845,6.93986,971.0,6.9404,971
2026-02-04 23:00:00,6.93987,6.94214,6.9389,6.93956,2200.0,6.9403,2200
2026-02-05 00:00:00,6.93954,6.93999,6.938,6.93874,3709.0,6.9388,3709
2026-02-05 01:00:00,6.93835,6.9444,6.9376,6.94409,6493.0,6.9415,6493
2026-02-05 02:00:00,6.94411,6.94758,6.94263,6.94533,18020.0,6.9447,18020
2026-02-05 03:00:00,6.94515,6.94568,6.94356,6.94411,13464.0,6.9445,13464
2026-02-05 04:00:00,6.94411,6.94434,6.9426,6.94355,7073.0,6.9438,7073
2026-02-05 05:00:00,6.94356,6.94518,6.94257,6.94314,10487.0,6.9438,10487
2026-02-05 06:00:00,6.94315,6.94325,6.93867,6.93956,13798.0,6.9409,13798
2026-02-05 07:00:00,6.93949,6.94086,6.93683,6.94073,15631.0,6.9387,15631
2026-02-05 08:00:00,6.94074,6.94086,6.9379,6.93885,15538.0,6.9394,15538
2026-02-05 09:00:00,6.93876,6.94094,6.93868,6.94026,13409.0,6.9401,13409
2026-02-05 10:00:00,6.94034,6.94101,6.939,6.94031,10381.0,6.9405,10381
2026-02-05 11:00:00,6.94036,6.94046,6.9377,6.93866,9856.0,6.9392,9856
2026-02-05 12:00:00,6.93857,6.9395,6.9376,6.93826,17094.0,6.9386,17094
2026-02-05 13:00:00,6.9382,6.93832,6.93469,6.93561,18347.0,6.936,18347
2026-02-05 14:00:00,6.93546,6.93625,6.934,6.93563,18537.0,6.9351,18537
2026-02-05 15:00:00,6.93555,6.9377,6.93442,6.93622,19514.0,6.9365,19514
2026-02-05 16:00:00,6.93614,6.93679,6.93362,6.93381,16841.0,6.935,16841
2026-02-05 17:00:00,6.93382,6.93495,6.9334,6.93451,13759.0,6.9342,13759
2026-02-05 18:00:00,6.93434,6.93644,6.9339,6.93622,11824.0,6.9355,11824
2026-02-05 19:00:00,6.93622,6.93627,6.9342,6.93567,9898.0,6.9352,9898
2026-02-05 20:00:00,6.93567,6.93986,6.93554,6.93958,12195.0,6.9381,12195
2026-02-05 21:00:00,6.93969,6.94106,6.9387,6.94106,6927.0,6.9397,6927
2026-02-05 22:00:00,6.94106,6.9487,6.93581,6.93809,969.0,6.9404,969
2026-02-05 23:00:00,6.93579,6.939,6.93547,6.93786,3026.0,6.9372,3026
2026-02-06 00:00:00,6.93749,6.94178,6.9369,6.93757,4745.0,6.9391,4745
2026-02-06 01:00:00,6.93757,6.93949,6.93596,6.93832,8226.0,6.9376,8226
2026-02-06 02:00:00,6.93838,6.94012,6.93724,6.93923,13202.0,6.9387,13202
2026-02-06 03:00:00,6.93933,6.93994,6.9378,6.93869,10563.0,6.9392,10563
2026-02-06 04:00:00,6.93862,6.93949,6.9379,6.93924,7056.0,6.9389,7056
2026-02-06 05:00:00,6.93919,6.93937,6.9375,6.93832,11239.0,6.9386,11239
2026-02-06 06:00:00,6.93844,6.9401,6.9377,6.93815,12674.0,6.9389,12674
2026-02-06 07:00:00,6.93811,6.93913,6.93681,6.93816,12108.0,6.9384,12108
2026-02-06 08:00:00,6.93813,6.93977,6.9374,6.93857,15079.0,6.9388,15079
2026-02-06 09:00:00,6.9385,6.93883,6.9369,6.93816,14660.0,6.9379,14660
2026-02-06 10:00:00,6.93819,6.93902,6.93703,6.93716,10539.0,6.9381,10539
2026-02-06 11:00:00,6.93712,6.93737,6.93566,6.93645,10028.0,6.9365,10028
2026-02-06 12:00:00,6.93643,6.93758,6.9356,6.93715,10990.0,6.9369,10990
2026-02-06 13:00:00,6.93715,6.93715,6.93189,6.93189,14228.0,6.9343,14228
2026-02-06 14:00:00,6.932,6.93285,6.93071,6.93071,16109.0,6.9321,16109
2026-02-06 15:00:00,6.93075,6.9326,6.93041,6.93058,17766.0,6.9318,17766
2026-02-06 16:00:00,6.93061,6.9315,6.9298,6.93081,13464.0,6.931,13464
2026-02-06 17:00:00,6.93078,6.93137,6.9298,6.93013,10261.0,6.9308,10261
2026-02-06 18:00:00,6.92998,6.93102,6.9292,6.93066,8759.0,6.9301,8759
2026-02-06 19:00:00,6.93082,6.93134,6.9297,6.93069,6581.0,6.9309,6581
2026-02-06 20:00:00,6.93059,6.935,6.9295,6.93021,7079.0,6.9304,7079
2026-02-06 21:00:00,6.93013,6.93119,6.92794,6.92984,4040.0,6.9297,4040
2026-02-08 22:00:00,6.9284,6.92918,6.92804,6.92881,467.0,6.9288,467
2026-02-08 23:00:00,6.92884,6.93113,6.92874,6.9302,868.0,6.9302,868
2026-02-09 00:00:00,6.93018,6.9364,6.92912,6.9311,4443.0,6.9305,4443
2026-02-09 01:00:00,6.93094,6.9331,6.93052,6.93257,6148.0,6.9317,6148
2026-02-09 02:00:00,6.93257,6.9364,6.92978,6.93263,11158.0,6.9314,11158
2026-02-09 03:00:00,6.93258,6.93265,6.93085,6.9311,7137.0,6.9318,7137
2026-02-09 04:00:00,6.9311,6.93135,6.93025,6.93033,5034.0,6.9307,5034
2026-02-09 05:00:00,6.93045,6.93073,6.92761,6.92835,8090.0,6.9296,8090
2026-02-09 06:00:00,6.92835,6.92909,6.91662,6.92627,14236.0,6.9266,14236
2026-02-09 07:00:00,6.92627,6.92645,6.92297,6.92459,15082.0,6.9249,15082
2026-02-09 08:00:00,6.92454,6.92524,6.92067,6.92073,15312.0,6.9234,15312
2026-02-09 09:00:00,6.92076,6.92277,6.91863,6.92209,14241.0,6.9206,14241
2026-02-09 10:00:00,6.92202,6.92378,6.92152,6.92241,13689.0,6.9226,13689
2026-02-09 11:00:00,6.92249,6.92295,6.9206,6.92159,13117.0,6.9219,13117
2026-02-09 12:00:00,6.92159,6.92159,6.91966,6.92002,11825.0,6.9205,11825
2026-02-09 13:00:00,6.92008,6.92011,6.91623,6.91743,16946.0,6.9184,16946
2026-02-09 14:00:00,6.91752,6.91835,6.91553,6.91715,17472.0,6.9167,17472
2026-02-09 15:00:00,6.917,6.91748,6.91496,6.91522,16975.0,6.9159,16975
2026-02-09 16:00:00,6.91518,6.91759,6.91493,6.9161,13058.0,6.9163,13058
2026-02-09 17:00:00,6.91618,6.91628,6.9153,6.91605,9280.0,6.9158,9280
2026-02-09 18:00:00,6.91607,6.9297,6.9147,6.91541,9898.0,6.9158,9898
2026-02-09 19:00:00,6.91545,6.91586,6.9142,6.91502,7684.0,6.9152,7684
2026-02-09 20:00:00,6.91501,6.91614,6.9139,6.91489,7507.0,6.9154,7507
2026-02-09 21:00:00,6.91478,6.91589,6.91421,6.9151,3834.0,6.9153,3834
2026-02-09 22:00:00,6.9151,6.91625,6.91371,6.91612,1182.0,6.915,1182
2026-02-09 23:00:00,6.91503,6.91681,6.9148,6.91568,2210.0,6.9155,2210
2026-02-10 00:00:00,6.91566,6.91838,6.91565,6.91754,3744.0,6.917,3744
2026-02-10 01:00:00,6.91743,6.91861,6.90777,6.90795,7730.0,6.9139,7730
2026-02-10 02:00:00,6.90789,6.9097,6.8995,6.90587,14716.0,6.9069,14716
2026-02-10 03:00:00,6.90584,6.90705,6.9051,6.90684,9829.0,6.9062,9829
2026-02-10 04:00:00,6.90683,6.90834,6.90647,6.90829,6818.0,6.9077,6818
2026-02-10 05:00:00,6.90825,6.90876,6.90715,6.90745,7628.0,6.9081,7628
2026-02-10 06:00:00,6.90747,6.91016,6.90619,6.90979,10291.0,6.9085,10291
2026-02-10 07:00:00,6.90976,6.91079,6.90827,6.91003,12274.0,6.9097,12274
2026-02-10 08:00:00,6.91004,6.9119,6.9092,6.91012,13416.0,6.9103,13416
2026-02-10 09:00:00,6.91012,6.91065,6.90726,6.90976,13502.0,6.9087,13502
2026-02-10 10:00:00,6.90974,6.91053,6.90855,6.90963,11238.0,6.9095,11238
2026-02-10 11:00:00,6.90964,6.91348,6.9092,6.9116,8837.0,6.9111,8837
2026-02-10 12:00:00,6.91168,6.9141,6.90823,6.91349,12031.0,6.9123,12031
2026-02-10 13:00:00,6.91346,6.91403,6.90842,6.91104,14941.0,6.912,14941
2026-02-10 14:00:00,6.91102,6.9153,6.90738,6.90856,17321.0,6.9091,17321
2026-02-10 15:00:00,6.90844,6.91238,6.90744,6.90988,17624.0,6.9106,17624
2026-02-10 16:00:00,6.90983,6.91265,6.90933,6.91184,14759.0,6.9114,14759
2026-02-10 17:00:00,6.91183,6.91283,6.91,6.91268,11230.0,6.9116,11230
2026-02-10 18:00:00,6.91256,6.91392,6.91245,6.91337,9612.0,6.9133,9612
2026-02-10 19:00:00,6.91337,6.91407,6.9125,6.91282,7722.0,6.9134,7722
2026-02-10 20:00:00,6.91281,6.91355,6.91176,6.913,7258.0,6.9126,7258
2026-02-10 21:00:00,6.91297,6.91463,6.91135,6.91329,3453.0,6.9134,3453
2026-02-10 22:00:00,6.91329,6.91329,6.90755,6.90987,467.0,6.9106,467
2026-02-10 23:00:00,6.90945,6.91413,6.90945,6.91382,1433.0,6.9116,1433
2026-02-11 00:00:00,6.91407,6.91428,6.91096,6.91282,4274.0,6.9125,4274
2026-02-11 01:00:00,6.9127,6.91531,6.9104,6.91359,5857.0,6.9131,5857
2026-02-11 02:00:00,6.91353,6.91422,6.91073,6.91177,11671.0,6.9127,11671
2026-02-11 03:00:00,6.91175,6.91181,6.9088,6.90986,9129.0,6.9106,9129
2026-02-11 04:00:00,6.90995,6.91011,6.90857,6.90969,6888.0,6.9093,6888
2026-02-11 05:00:00,6.90964,6.91013,6.9068,6.90767,9272.0,6.9083,9272
2026-02-11 06:00:00,6.90767,6.91137,6.9068,6.91101,12079.0,6.9088,12079
2026-02-11 07:00:00,6.91096,6.91136,6.90827,6.90828,12398.0,6.9098,12398
2026-02-11 08:00:00,6.9083,6.91035,6.90626,6.9069,13067.0,6.9087,13067
2026-02-11 09:00:00,6.90682,6.90999,6.90654,6.90847,13177.0,6.9085,13177
2026-02-11 10:00:00,6.90839,6.9096,6.9072,6.90825,10907.0,6.9086,10907
2026-02-11 11:00:00,6.90823,6.90993,6.908,6.90974,10616.0,6.9091,10616
2026-02-11 12:00:00,6.90964,6.91254,6.90943,6.91084,12935.0,6.9111,12935
2026-02-11 13:00:00,6.91077,6.91951,6.89545,6.91385,19573.0,6.9126,19573
2026-02-11 14:00:00,6.91386,6.91474,6.91073,6.91291,20775.0,6.9128,20775
2026-02-11 15:00:00,6.91293,6.91452,6.9082,6.91386,20412.0,6.9129,20412
2026-02-11 16:00:00,6.9138,6.91465,6.91158,6.91172,16282.0,6.9133,16282
2026-02-11 17:00:00,6.91173,6.91173,6.9068,6.90777,15579.0,6.9086,15579
2026-02-11 18:00:00,6.9079,6.90933,6.90561,6.90653,13309.0,6.9073,13309
2026-02-11 19:00:00,6.90655,6.90745,6.9052,6.90718,10705.0,6.9066,10705
2026-02-11 20:00:00,6.90719,6.90874,6.907,6.90822,8468.0,6.9079,8468
2026-02-11 21:00:00,6.90831,6.91069,6.9077,6.90885,4355.0,6.9088,4355
2026-02-11 22:00:00,6.90885,6.90898,6.90508,6.90617,844.0,6.9061,844
2026-02-11 23:00:00,6.90525,6.90627,6.9045,6.90547,1564.0,6.9054,1564
2026-02-12 00:00:00,6.90523,6.90677,6.9006,6.90126,4209.0,6.9044,4209
2026-02-12 01:00:00,6.90128,6.90505,6.89628,6.89835,6856.0,6.9012,6856
2026-02-12 02:00:00,6.89836,6.90101,6.8976,6.89849,13927.0,6.8991,13927
2026-02-12 03:00:00,6.89852,6.89956,6.89767,6.89889,11528.0,6.8986,11528
2026-02-12 04:00:00,6.89898,6.9007,6.89812,6.90045,9172.0,6.8993,9172
2026-02-12 05:00:00,6.90045,6.9012,6.89867,6.90075,9378.0,6.9003,9378
2026-02-12 06:00:00,6.90078,6.90245,6.89923,6.90145,13507.0,6.9012,13507
2026-02-12 07:00:00,6.90144,6.9017,6.89877,6.9,13635.0,6.9002,13635
2026-02-12 08:00:00,6.89992,6.89997,6.89732,6.89781,14446.0,6.8987,14446
2026-02-12 09:00:00,6.89773,6.89785,6.89538,6.89618,14435.0,6.8964,14435
2026-02-12 10:00:00,6.89617,6.8983,6.896,6.89815,11468.0,6.8975,11468
2026-02-12 11:00:00,6.89815,6.89851,6.8966,6.89675,9708.0,6.8975,9708
2026-02-12 12:00:00,6.89667,6.8988,6.89536,6.89818,12618.0,6.897,12618
2026-02-12 13:00:00,6.89815,6.89841,6.89186,6.89188,16866.0,6.8948,16866
2026-02-12 14:00:00,6.89186,6.89373,6.8907,6.89183,18175.0,6.892,18175
2026-02-12 15:00:00,6.89182,6.89363,6.89135,6.89168,17660.0,6.8922,17660
2026-02-12 16:00:00,6.89169,6.9126,6.8916,6.89688,21518.0,6.8956,21518
2026-02-12 17:00:00,6.89682,6.89996,6.89651,6.89985,18269.0,6.898,18269
2026-02-12 18:00:00,6.89971,6.9008,6.8976,6.89786,14443.0,6.8996,14443
2026-02-12 19:00:00,6.89785,6.89842,6.89699,6.89709,10555.0,6.8978,10555
2026-02-12 20:00:00,6.89709,6.89865,6.89693,6.89727,9232.0,6.8979,9232
2026-02-12 21:00:00,6.89727,6.89903,6.8966,6.89892,3324.0,6.8979,3324
2026-02-12 22:00:00,6.89892,6.89892,6.89515,6.89586,461.0,6.8969,461
2026-02-12 23:00:00,6.89586,6.8991,6.89571,6.89793,1801.0,6.8977,1801
2026-02-13 00:00:00,6.89788,6.89854,6.89596,6.89747,4342.0,6.8976,4342
2026-02-13 01:00:00,6.89748,6.90406,6.89748,6.90277,7169.0,6.9001,7169
2026-02-13 02:00:00,6.90275,6.9051,6.8978,6.90242,10414.0,6.9031,10414
2026-02-13 03:00:00,6.90248,6.90414,6.90189,6.90269,8162.0,6.903,8162
2026-02-13 04:00:00,6.90267,6.90325,6.902,6.90278,7148.0,6.9027,7148
2026-02-13 05:00:00,6.90278,6.90429,6.90125,6.9036,10343.0,6.9028,10343
2026-02-13 06:00:00,6.90358,6.90855,6.9028,6.90786,13614.0,6.9056,13614
2026-02-13 07:00:00,6.90799,6.91085,6.90649,6.90783,15083.0,6.909,15083
2026-02-13 08:00:00,6.90772,6.9098,6.9063,6.90767,15115.0,6.9082,15115
2026-02-13 09:00:00,6.90776,6.90822,6.90504,6.9065,12405.0,6.907,12405
2026-02-13 10:00:00,6.9065,6.90755,6.90486,6.90657,10295.0,6.9065,10295
2026-02-13 11:00:00,6.9065,6.90766,6.90501,6.90535,11508.0,6.9065,11508
2026-02-13 12:00:00,6.90544,6.90597,6.90384,6.90501,12033.0,6.9049,12033
2026-02-13 13:00:00,6.90491,6.90703,6.89165,6.90309,18223.0,6.9046,18223
2026-02-13 14:00:00,6.90312,6.90475,6.90094,6.90418,19016.0,6.9026,19016
2026-02-13 15:00:00,6.90399,6.90576,6.90195,6.90553,19107.0,6.9033,19107
2026-02-13 16:00:00,6.90552,6.90591,6.89944,6.90264,16169.0,6.9031,16169
2026-02-13 17:00:00,6.90253,6.90275,6.89953,6.90136,14186.0,6.901,14186
2026-02-13 18:00:00,6.90127,6.90213,6.9004,6.90182,10008.0,6.9014,10008
2026-02-13 19:00:00,6.90176,6.90248,6.9007,6.9023,8841.0,6.9016,8841
2026-02-13 20:00:00,6.90248,6.90277,6.901,6.90158,9524.0,6.9019,9524
2026-02-13 21:00:00,6.90157,6.90305,6.88951,6.89829,5642.0,6.9017,5642
2026-02-15 22:00:00,6.89754,6.90088,6.89586,6.89893,723.0,6.8992,723
2026-02-15 23:00:00,6.90217,6.90453,6.89955,6.90305,4083.0,6.9019,4083
2026-02-16 00:00:00,6.90392,6.90546,6.9015,6.90288,4616.0,6.9029,4616
2026-02-16 01:00:00,6.90289,6.9038,6.89956,6.89964,4497.0,6.9024,4497
2026-02-16 02:00:00,6.89957,6.90041,6.89181,6.89305,9358.0,6.8955,9358
2026-02-16 03:00:00,6.89305,6.89329,6.88662,6.88723,7911.0,6.8896,7911
2026-02-16 04:00:00,6.88723,6.8901,6.88556,6.88931,6449.0,6.888,6449
2026-02-16 05:00:00,6.88934,6.88972,6.88291,6.8843,6172.0,6.888,6172
2026-02-16 06:00:00,6.88435,6.88565,6.88206,6.88492,7221.0,6.884,7221
2026-02-16 07:00:00,6.88494,6.88628,6.8816,6.88272,8839.0,6.8839,8839
2026-02-16 08:00:00,6.88271,6.88585,6.88085,6.88385,12726.0,6.8838,12726
2026-02-16 09:00:00,6.88378,6.88854,6.88301,6.88765,9749.0,6.8856,9749
2026-02-16 10:00:00,6.8877,6.88839,6.8856,6.88716,8243.0,6.8873,8243
2026-02-16 11:00:00,6.88727,6.88913,6.8865,6.88833,6932.0,6.8881,6932
2026-02-16 12:00:00,6.88834,6.88851,6.8864,6.88761,6798.0,6.8876,6798
2026-02-16 13:00:00,6.8876,6.88918,6.88654,6.88897,7726.0,6.8881,7726
2026-02-16 14:00:00,6.88885,6.88904,6.88554,6.88674,9111.0,6.8873,9111
2026-02-16 15:00:00,6.88678,6.88739,6.8856,6.8862,9312.0,6.8863,9312
2026-02-16 16:00:00,6.88621,6.88677,6.88496,6.88585,6806.0,6.8858,6806
2026-02-16 17:00:00,6.88585,6.88676,6.8772,6.88613,4263.0,6.8862,4263
2026-02-16 18:00:00,6.88613,6.88627,6.8826,6.88371,3238.0,6.8844,3238
2026-02-16 19:00:00,6.88351,6.88507,6.8833,6.88472,2587.0,6.8841,2587
2026-02-16 20:00:00,6.88456,6.88534,6.8841,6.88474,2559.0,6.8848,2559
2026-02-16 21:00:00,6.88454,6.88521,6.8806,6.88388,2210.0,6.8845,2210
2026-02-16 22:00:00,6.88388,6.88486,6.88055,6.88422,531.0,6.8828,531
2026-02-16 23:00:00,6.88104,6.88672,6.8807,6.8853,1080.0,6.8846,1080
2026-02-17 00:00:00,6.88462,6.88631,6.88446,6.88516,3166.0,6.8854,3166
2026-02-17 01:00:00,6.88507,6.88667,6.88358,6.88496,3893.0,6.8852,3893
2026-02-17 02:00:00,6.88502,6.88746,6.88441,6.88675,7041.0,6.886,7041
2026-02-17 03:00:00,6.88686,6.88862,6.8858,6.88811,6161.0,6.8871,6161
2026-02-17 04:00:00,6.88814,6.88856,6.8855,6.88708,6042.0,6.8869,6042
2026-02-17 05:00:00,6.88708,6.88911,6.88673,6.88811,7410.0,6.8881,7410
2026-02-17 06:00:00,6.88816,6.88958,6.88679,6.8884,7103.0,6.8883,7103
2026-02-17 07:00:00,6.88839,6.88933,6.887,6.88762,9963.0,6.8883,9963
2026-02-17 08:00:00,6.88767,6.88788,6.88395,6.88432,11506.0,6.8859,11506
2026-02-17 09:00:00,6.8843,6.88504,6.88091,6.88218,10161.0,6.8832,10161
2026-02-17 10:00:00,6.88228,6.88584,6.88197,6.88524,9937.0,6.8837,9937
2026-02-17 11:00:00,6.88526,6.88799,6.87975,6.8871,10581.0,6.8858,10581
2026-02-17 12:00:00,6.88692,6.8876,6.8847,6.8873,10805.0,6.8866,10805
2026-02-17 13:00:00,6.88731,6.88918,6.88678,6.88865,14196.0,6.8879,14196
2026-02-17 14:00:00,6.88865,6.89045,6.88773,6.88974,17290.0,6.8892,17290
2026-02-17 15:00:00,6.88981,6.9015,6.8897,6.89128,18418.0,6.8911,18418
2026-02-17 16:00:00,6.89114,6.89147,6.8872,6.88746,16829.0,6.8888,16829
2026-02-17 17:00:00,6.88733,6.88787,6.88627,6.88649,14206.0,6.8872,14206
2026-02-17 18:00:00,6.88646,6.88678,6.88275,6.88367,13086.0,6.8845,13086
2026-02-17 19:00:00,6.88369,6.88478,6.88314,6.88461,9464.0,6.8841,9464
2026-02-17 20:00:00,6.8846,6.886,6.88423,6.88562,7318.0,6.8853,7318
2026-02-17 21:00:00,6.88565,6.88596,6.88045,6.88519,3003.0,6.8851,3003
2026-02-17 22:00:00,6.88519,6.88697,6.8812,6.88158,650.0,6.8831,650
2026-02-17 23:00:00,6.88157,6.88653,6.88149,6.88543,1744.0,6.8843,1744
2026-02-18 00:00:00,6.88451,6.88737,6.88404,6.88655,2960.0,6.8861,2960
2026-02-18 01:00:00,6.88645,6.88932,6.8861,6.88664,3124.0,6.8879,3124
2026-02-18 02:00:00,6.88666,6.88891,6.8865,6.88789,6431.0,6.8876,6431
2026-02-18 03:00:00,6.88783,6.88783,6.88396,6.88508,5867.0,6.886,5867
2026-02-18 04:00:00,6.88507,6.88554,6.88413,6.88496,4822.0,6.885,4822
2026-02-18 05:00:00,6.88491,6.88618,6.8841,6.88536,4008.0,6.8853,4008
2026-02-18 06:00:00,6.8854,6.88569,6.88245,6.88285,4986.0,6.8843,4986
2026-02-18 07:00:00,6.88296,6.8851,6.88246,6.8846,9784.0,6.8839,9784
2026-02-18 08:00:00,6.8846,6.88703,6.88383,6.88699,11485.0,6.8853,11485
2026-02-18 09:00:00,6.88689,6.88746,6.88404,6.88435,9446.0,6.8863,9446
2026-02-18 10:00:00,6.88434,6.88523,6.8828,6.88516,7718.0,6.8843,7718
2026-02-18 11:00:00,6.88517,6.88528,6.8836,6.88513,6677.0,6.8846,6677
2026-02-18 12:00:00,6.88512,6.88643,6.8843,6.88615,9263.0,6.8853,9263
2026-02-18 13:00:00,6.88608,6.88849,6.88477,6.88818,11405.0,6.8863,11405
2026-02-18 14:00:00,6.88833,6.89061,6.8873,6.8885,15339.0,6.8889,15339
2026-02-18 15:00:00,6.88849,6.88868,6.886,6.88635,14873.0,6.887,14873
2026-02-18 16:00:00,6.88636,6.88746,6.88574,6.88649,11936.0,6.8867,11936
2026-02-18 17:00:00,6.88648,6.88875,6.88545,6.88829,10224.0,6.8868,10224
2026-02-18 18:00:00,6.88824,6.89177,6.88794,6.88967,10262.0,6.8904,10262
2026-02-18 19:00:00,6.8898,6.89409,6.88855,6.89284,12450.0,6.8918,12450
2026-02-18 20:00:00,6.89285,6.89296,6.8908,6.89185,8459.0,6.892,8459
2026-02-18 21:00:00,6.89185,6.89225,6.88605,6.8911,4531.0,6.8912,4531
2026-02-18 22:00:00,6.8911,6.89195,6.88845,6.89149,313.0,6.8901,313
2026-02-18 23:00:00,6.88942,6.89195,6.88928,6.89048,1570.0,6.8908,1570
2026-02-19 00:00:00,6.89066,6.89187,6.88946,6.89057,3257.0,6.8908,3257
2026-02-19 01:00:00,6.89066,6.89539,6.8897,6.89323,3567.0,6.8927,3567
2026-02-19 02:00:00,6.89335,6.89912,6.8932,6.89869,8337.0,6.8966,8337
2026-02-19 03:00:00,6.89869,6.90193,6.8977,6.90143,7630.0,6.8999,7630
2026-02-19 04:00:00,6.90147,6.90397,6.9009,6.90143,7176.0,6.9023,7176
2026-02-19 05:00:00,6.90149,6.90404,6.90064,6.90299,6288.0,6.9016,6288
2026-02-19 06:00:00,6.9029,6.90365,6.89747,6.89818,7476.0,6.9003,7476
2026-02-19 07:00:00,6.89805,6.90122,6.89805,6.8986,9755.0,6.8998,9755
2026-02-19 08:00:00,6.89872,6.90019,6.89606,6.89729,12003.0,6.8984,12003
2026-02-19 09:00:00,6.89715,6.89852,6.8956,6.89665,10856.0,6.8974,10856
2026-02-19 10:00:00,6.89666,6.89869,6.89599,6.89719,10052.0,6.8974,10052
2026-02-19 11:00:00,6.89719,6.9009,6.8931,6.89851,12349.0,6.8975,12349
2026-02-19 12:00:00,6.8985,6.90055,6.8978,6.89965,11921.0,6.8991,11921
2026-02-19 13:00:00,6.89973,6.90425,6.89578,6.90038,15704.0,6.9019,15704
2026-02-19 14:00:00,6.90039,6.90543,6.90001,6.90392,17117.0,6.9031,17117
2026-02-19 15:00:00,6.90354,6.90432,6.89672,6.89795,19814.0,6.8989,19814
2026-02-19 16:00:00,6.89793,6.90042,6.89676,6.89986,14867.0,6.8987,14867
2026-02-19 17:00:00,6.89986,6.90116,6.8992,6.90011,11727.0,6.9002,11727
2026-02-19 18:00:00,6.90024,6.90052,6.89818,6.89873,8363.0,6.8993,8363
2026-02-19 19:00:00,6.89865,6.90052,6.8981,6.89982,9229.0,6.8993,9229
2026-02-19 20:00:00,6.89996,6.90012,6.8971,6.89791,7288.0,6.8983,7288
2026-02-19 21:00:00,6.89793,6.89983,6.8975,6.89962,3853.0,6.8981,3853
2026-02-19 22:00:00,6.89962,6.90081,6.8979,6.8984,573.0,6.8991,573
2026-02-19 23:00:00,6.8985,6.90005,6.8977,6.89877,1612.0,6.8987,1612
2026-02-20 00:00:00,6.89895,6.89956,6.89793,6.89868,3476.0,6.8988,3476
2026-02-20 01:00:00,6.8986,6.90117,6.89814,6.8998,4229.0,6.8998,4229
2026-02-20 02:00:00,6.89976,6.90274,6.89829,6.90255,9389.0,6.9006,9389
2026-02-20 03:00:00,6.90237,6.90326,6.9006,6.90202,6275.0,6.9019,6275
2026-02-20 04:00:00,6.90201,6.90288,6.9009,6.90204,5389.0,6.9021,5389
2026-02-20 05:00:00,6.9021,6.90289,6.89711,6.8973,7712.0,6.901,7712
2026-02-20 06:00:00,6.8973,6.90081,6.8972,6.90042,8221.0,6.8997,8221
2026-02-20 07:00:00,6.90026,6.90413,6.8987,6.9039,11150.0,6.9009,11150
2026-02-20 08:00:00,6.90396,6.90436,6.90199,6.90342,13698.0,6.9032,13698
2026-02-20 09:00:00,6.9034,6.9036,6.90119,6.90169,10573.0,6.9023,10573
2026-02-20 10:00:00,6.90169,6.90361,6.90125,6.90151,10398.0,6.9026,10398
2026-02-20 11:00:00,6.90146,6.90211,6.90059,6.90175,9114.0,6.9014,9114
2026-02-20 12:00:00,6.90177,6.90251,6.8998,6.90244,9916.0,6.9015,9916
2026-02-20 13:00:00,6.90244,6.90492,6.88961,6.90385,13521.0,6.9033,13521
2026-02-20 14:00:00,6.90371,6.90472,6.90304,6.90371,14765.0,6.9041,14765
2026-02-20 15:00:00,6.90362,6.90645,6.89705,6.89797,21110.0,6.9002,21110
2026-02-20 16:00:00,6.898,6.89882,6.89613,6.89798,16552.0,6.8977,16552
2026-02-20 17:00:00,6.898,6.90067,6.8976,6.89884,14189.0,6.8991,14189
2026-02-20 18:00:00,6.89873,6.90003,6.89709,6.89825,15249.0,6.8985,15249
2026-02-20 19:00:00,6.89824,6.8992,6.8974,6.89859,9204.0,6.8984,9204
2026-02-20 20:00:00,6.8986,6.89923,6.8976,6.89839,7307.0,6.8985,7307
2026-02-20 21:00:00,6.89837,6.89889,6.89421,6.89789,6379.0,6.8975,6379
2026-02-22 22:00:00,6.89544,6.89563,6.89298,6.8953,287.0,6.8951,287
2026-02-22 23:00:00,6.89528,6.8989,6.89045,6.8907,2198.0,6.8946,2198
2026-02-23 00:00:00,6.89064,6.8919,6.88891,6.88974,4711.0,6.8906,4711
2026-02-23 01:00:00,6.88982,6.89063,6.88598,6.88704,5982.0,6.8883,5982
2026-02-23 02:00:00,6.88695,6.8879,6.88456,6.88715,11371.0,6.8865,11371
2026-02-23 03:00:00,6.88711,6.8909,6.88695,6.88847,10004.0,6.8891,10004
2026-02-23 04:00:00,6.88842,6.89008,6.88819,6.88955,6333.0,6.8892,6333
2026-02-23 05:00:00,6.88956,6.89023,6.88511,6.88591,7462.0,6.8884,7462
2026-02-23 06:00:00,6.88591,6.88725,6.8851,6.88696,8801.0,6.8862,8801
2026-02-23 07:00:00,6.88699,6.8876,6.885,6.88539,11214.0,6.8863,11214
2026-02-23 08:00:00,6.88542,6.88691,6.88244,6.88647,13090.0,6.8846,13090
2026-02-23 09:00:00,6.88645,6.88685,6.88416,6.88536,12715.0,6.8853,12715
2026-02-23 10:00:00,6.88529,6.8887,6.8845,6.88624,10279.0,6.8866,10279
2026-02-23 11:00:00,6.88628,6.88875,6.8853,6.88811,10161.0,6.8872,10161
2026-02-23 12:00:00,6.88829,6.88932,6.8866,6.88746,10155.0,6.8881,10155
2026-02-23 13:00:00,6.88747,6.88807,6.88399,6.88587,12244.0,6.8857,12244
2026-02-23 14:00:00,6.88587,6.88628,6.8821,6.8828,15282.0,6.8843,15282
2026-02-23 15:00:00,6.88291,6.88695,6.8819,6.88656,16883.0,6.8845,16883
2026-02-23 16:00:00,6.88656,6.88852,6.88587,6.88731,14368.0,6.8874,14368
2026-02-23 17:00:00,6.88732,6.8889,6.88313,6.88762,11337.0,6.8879,11337
2026-02-23 18:00:00,6.88752,6.8889,6.88715,6.88872,9273.0,6.8881,9273
2026-02-23 19:00:00,6.88866,6.88956,6.8879,6.8891,7595.0,6.8889,7595
2026-02-23 20:00:00,6.88911,6.88986,6.88788,6.88818,6857.0,6.8887,6857
2026-02-23 21:00:00,6.88816,6.88955,6.88752,6.88933,2977.0,6.8887,2977
2026-02-23 22:00:00,6.88933,6.88978,6.81815,6.88961,786.0,6.8882,786
2026-02-23 23:00:00,6.88798,6.88999,6.88763,6.88899,1901.0,6.8891,1901
2026-02-24 00:00:00,6.88852,6.88967,6.88716,6.88814,3332.0,6.8883,3332
2026-02-24 01:00:00,6.88806,6.89637,6.88781,6.89371,7651.0,6.8926,7651
2026-02-24 02:00:00,6.89376,6.89478,6.89177,6.89315,11347.0,6.8932,11347
2026-02-24 03:00:00,6.89305,6.8933,6.89169,6.89285,7329.0,6.8926,7329
2026-02-24 04:00:00,6.89284,6.89325,6.89143,6.89241,6173.0,6.8926,6173
2026-02-24 05:00:00,6.89241,6.89331,6.8909,6.89214,7761.0,6.8925,7761
2026-02-24 06:00:00,6.89208,6.89226,6.88895,6.88915,9606.0,6.8911,9606
2026-02-24 07:00:00,6.88911,6.89054,6.8838,6.88536,15575.0,6.8875,15575
2026-02-24 08:00:00,6.88542,6.88608,6.8757,6.87742,16593.0,6.8805,16593
2026-02-24 09:00:00,6.87743,6.87761,6.87231,6.87495,12923.0,6.8752,12923
2026-02-24 10:00:00,6.87499,6.87709,6.87393,6.87452,10805.0,6.8756,10805
2026-02-24 11:00:00,6.87452,6.87802,6.87406,6.87755,9225.0,6.876,9225
2026-02-24 12:00:00,6.87752,6.87965,6.87675,6.87844,10257.0,6.8782,10257
2026-02-24 13:00:00,6.87841,6.8824,6.87831,6.8818,13338.0,6.8806,13338
2026-02-24 14:00:00,6.88189,6.88298,6.88016,6.88112,14996.0,6.8817,14996
2026-02-24 15:00:00,6.88107,6.8985,6.87742,6.87903,16377.0,6.8799,16377
2026-02-24 16:00:00,6.8791,6.87928,6.8767,6.87746,11786.0,6.878,11786
2026-02-24 17:00:00,6.87749,6.87834,6.87692,6.87798,7880.0,6.8777,7880
2026-02-24 18:00:00,6.87796,6.87907,6.8775,6.87877,6800.0,6.8785,6800
2026-02-24 19:00:00,6.87882,6.87948,6.8782,6.87894,6170.0,6.8788,6170
2026-02-24 20:00:00,6.87895,6.87988,6.87821,6.87968,6103.0,6.8792,6103
2026-02-24 21:00:00,6.87966,6.88051,6.87858,6.87979,2848.0,6.88,2848
2026-02-24 22:00:00,6.87979,6.8819,6.8724,6.87786,726.0,6.8789,726
2026-02-24 23:00:00,6.87791,6.88026,6.87771,6.87969,1604.0,6.8788,1604
2026-02-25 00:00:00,6.87961,6.87974,6.8761,6.87759,3519.0,6.878,3519
2026-02-25 01:00:00,6.87759,6.87875,6.87136,6.87505,6753.0,6.8752,6753
2026-02-25 02:00:00,6.87519,6.87677,6.86598,6.86704,16293.0,6.8692,16293
2026-02-25 03:00:00,6.86704,6.86963,6.8665,6.86748,13802.0,6.8681,13802
2026-02-25 04:00:00,6.86752,6.86922,6.86712,6.86833,7386.0,6.8682,7386
2026-02-25 05:00:00,6.86835,6.86976,6.8664,6.86704,10558.0,6.8683,10558
2026-02-25 06:00:00,6.86715,6.86827,6.86309,6.86485,12493.0,6.8663,12493
2026-02-25 07:00:00,6.86476,6.86527,6.86161,6.8644,14812.0,6.8636,14812
2026-02-25 08:00:00,6.86438,6.86561,6.8629,6.86397,13333.0,6.8642,13333
2026-02-25 09:00:00,6.86398,6.86756,6.86398,6.8669,13048.0,6.866,13048
2026-02-25 10:00:00,6.86698,6.86777,6.8655,6.86658,10214.0,6.8666,10214
2026-02-25 11:00:00,6.86656,6.8683,6.86605,6.86648,9438.0,6.8673,9438
2026-02-25 12:00:00,6.86661,6.86686,6.86213,6.8624,11822.0,6.8645,11822
2026-02-25 13:00:00,6.86238,6.8632,6.8611,6.86244,12849.0,6.8622,12849
2026-02-25 14:00:00,6.86226,6.86264,6.8578,6.85961,15322.0,6.8602,15322
2026-02-25 15:00:00,6.8597,6.85985,6.8552,6.85575,17559.0,6.8575,17559
2026-02-25 16:00:00,6.85566,6.85669,6.85368,6.85427,12453.0,6.8556,12453
2026-02-25 17:00:00,6.85431,6.85467,6.85221,6.85431,9925.0,6.8534,9925
2026-02-25 18:00:00,6.85429,6.8544,6.85285,6.85313,6315.0,6.8537,6315
2026-02-25 19:00:00,6.85315,6.85329,6.85081,6.85158,5306.0,6.8521,5306
2026-02-25 20:00:00,6.85158,6.85365,6.8515,6.85315,7395.0,6.8529,7395
2026-02-25 21:00:00,6.8532,6.85482,6.85268,6.85453,4581.0,6.8538,4581
2026-02-25 22:00:00,6.85453,6.85453,6.84249,6.85395,728.0,6.8528,728
2026-02-25 23:00:00,6.85385,6.85437,6.8525,6.85337,959.0,6.8535,959
2026-02-26 01:00:00,6.84059,6.84285,6.83976,6.84118,1704.0,6.8414,1704
2026-02-26 02:00:00,6.84108,6.84415,6.83865,6.84231,14223.0,6.8416,14223
2026-02-26 03:00:00,6.84239,6.84242,6.8335,6.83421,11937.0,6.8378,11937
2026-02-26 04:00:00,6.83425,6.83614,6.83206,6.83291,8607.0,6.8342,8607
2026-02-26 05:00:00,6.83284,6.834,6.82769,6.82855,10744.0,6.832,10744
2026-02-26 06:00:00,6.8286,6.83615,6.82644,6.83557,13755.0,6.8314,13755
2026-02-26 07:00:00,6.83557,6.84171,6.834,6.83481,14357.0,6.8373,14357
2026-02-26 08:00:00,6.83481,6.8389,6.8327,6.83608,16080.0,6.8363,16080
2026-02-26 09:00:00,6.83608,6.8397,6.83526,6.83647,14989.0,6.838,14989
2026-02-26 10:00:00,6.83648,6.83963,6.8359,6.83841,12509.0,6.838,12509
2026-02-26 11:00:00,6.83834,6.8395,6.837,6.83774,11267.0,6.8381,11267
2026-02-26 12:00:00,6.83781,6.838,6.83558,6.83687,10150.0,6.837,10150
2026-02-26 13:00:00,6.83688,6.83795,6.83342,6.83742,14861.0,6.8362,14861
2026-02-26 14:00:00,6.83761,6.83987,6.83278,6.8352,17138.0,6.836,17138
2026-02-26 15:00:00,6.8352,6.85169,6.83502,6.84171,20625.0,6.8427,20625
2026-02-26 16:00:00,6.84156,6.84645,6.84152,6.84397,16326.0,6.8444,16326
2026-02-26 17:00:00,6.84395,6.85025,6.84395,6.8501,12835.0,6.8474,12835
2026-02-26 18:00:00,6.84995,6.85068,6.84357,6.84429,13417.0,6.8468,13417
2026-02-26 19:00:00,6.84418,6.84434,6.8417,6.84226,8742.0,6.843,8742
2026-02-26 20:00:00,6.84226,6.84322,6.8417,6.84259,6235.0,6.8424,6235
2026-02-26 21:00:00,6.84254,6.84452,6.8417,6.84442,3639.0,6.8429,3639
2026-02-26 22:00:00,6.84442,6.84457,6.83087,6.84417,261.0,6.8431,261
2026-02-26 23:00:00,6.84176,6.84435,6.84009,6.84202,1327.0,6.8427,1327
2026-02-27 00:00:00,6.84205,6.85945,6.83882,6.85744,6006.0,6.85,6006
2026-02-27 01:00:00,6.85746,6.86059,6.85154,6.85585,9077.0,6.8562,9077
2026-02-27 02:00:00,6.8558,6.8578,6.85213,6.85494,13833.0,6.8547,13833
2026-02-27 03:00:00,6.85489,6.855,6.84768,6.84986,12363.0,6.8517,12363
2026-02-27 04:00:00,6.84985,6.85113,6.8483,6.84998,7838.0,6.8498,7838
2026-02-27 05:00:00,6.85001,6.85232,6.8481,6.8502,11020.0,6.8503,11020
2026-02-27 06:00:00,6.8502,6.85405,6.8485,6.8529,13086.0,6.8513,13086
2026-02-27 07:00:00,6.85306,6.85338,6.8491,6.85037,12147.0,6.8515,12147
2026-02-27 08:00:00,6.85034,6.85426,6.8494,6.85374,14439.0,6.8515,14439
2026-02-27 09:00:00,6.8538,6.85729,6.8538,6.8568,12720.0,6.8553,12720
2026-02-27 10:00:00,6.85687,6.8607,6.856,6.85717,11530.0,6.8579,11530
2026-02-27 11:00:00,6.85722,6.85895,6.8558,6.85826,9493.0,6.8576,9493
2026-02-27 12:00:00,6.85827,6.8597,6.8557,6.85952,11159.0,6.8575,11159
2026-02-27 13:00:00,6.85953,6.86992,6.85945,6.86751,19402.0,6.8642,19402
2026-02-27 14:00:00,6.86741,6.86884,6.86028,6.86377,18220.0,6.8636,18220
2026-02-27 15:00:00,6.86372,6.86465,6.85999,6.8605,18988.0,6.862,18988
2026-02-27 16:00:00,6.86059,6.86149,6.842,6.86085,14595.0,6.8606,14595
2026-02-27 17:00:00,6.86086,6.86107,6.85844,6.85987,12688.0,6.8599,12688
2026-02-27 18:00:00,6.85981,6.86027,6.8585,6.85943,9197.0,6.8595,9197
2026-02-27 19:00:00,6.85941,6.86063,6.85909,6.86031,7372.0,6.8596,7372
2026-02-27 20:00:00,6.86042,6.86105,6.85899,6.86045,7542.0,6.8598,7542
2026-02-27 21:00:00,6.86047,6.8632,6.85829,6.86299,5620.0,6.8608,5620
2026-03-01 22:00:00,6.88279,6.88646,6.87424,6.87731,1045.0,6.8818,1045
2026-03-01 23:00:00,6.87674,6.87994,6.8707,6.87946,3302.0,6.8764,3302
2026-03-02 00:00:00,6.87956,6.88016,6.87399,6.87427,7137.0,6.8773,7137
2026-03-02 01:00:00,6.87427,6.87481,6.86191,6.86487,10587.0,6.8681,10587
2026-03-02 02:00:00,6.86469,6.86982,6.86407,6.86742,14739.0,6.8668,14739
2026-03-02 03:00:00,6.8674,6.86909,6.86594,6.86805,12249.0,6.8678,12249
2026-03-02 04:00:00,6.86806,6.8708,6.86753,6.86988,9695.0,6.8694,9695
2026-03-02 05:00:00,6.8699,6.87762,6.8699,6.8767,13549.0,6.8727,13549
2026-03-02 06:00:00,6.87671,6.88386,6.87494,6.88143,17835.0,6.88,17835
2026-03-02 07:00:00,6.88133,6.88486,6.87808,6.88308,18782.0,6.8819,18782
2026-03-02 08:00:00,6.88297,6.88744,6.88127,6.88212,20289.0,6.8843,20289
2026-03-02 09:00:00,6.88221,6.88335,6.87822,6.88225,17788.0,6.881,17788
2026-03-02 10:00:00,6.88219,6.8827,6.8778,6.88005,15886.0,6.8803,15886
2026-03-02 11:00:00,6.88019,6.88355,6.87786,6.88131,15342.0,6.8809,15342
2026-03-02 12:00:00,6.88131,6.89345,6.88066,6.89235,18733.0,6.8866,18733
2026-03-02 13:00:00,6.8925,6.9004,6.89173,6.90011,20782.0,6.8967,20782
2026-03-02 14:00:00,6.90013,6.91037,6.899,6.90231,19785.0,6.9041,19785
2026-03-02 15:00:00,6.90235,6.9102,6.89798,6.90934,21372.0,6.9049,21372
2026-03-02 16:00:00,6.90941,6.91325,6.90661,6.90755,19130.0,6.9101,19130
2026-03-02 17:00:00,6.90752,6.90854,6.9005,6.901,15286.0,6.9045,15286
2026-03-02 18:00:00,6.90098,6.90459,6.89933,6.90012,12278.0,6.9024,12278
2026-03-02 19:00:00,6.90013,6.9003,6.89277,6.89317,12909.0,6.8957,12909
2026-03-02 20:00:00,6.89316,6.90592,6.89225,6.90053,15653.0,6.9012,15653
2026-03-02 21:00:00,6.90059,6.90324,6.88064,6.90101,9385.0,6.9009,9385
2026-03-02 22:00:00,6.90101,6.9017,6.85158,6.9003,660.0,6.8969,660
2026-03-02 23:00:00,6.89925,6.90029,6.8931,6.89348,2228.0,6.8952,2228
2026-03-03 00:00:00,6.89359,6.89661,6.89246,6.89525,4355.0,6.8948,4355
2026-03-03 01:00:00,6.89534,6.89752,6.8747,6.88282,10381.0,6.8837,10381
2026-03-03 02:00:00,6.88299,6.88596,6.87807,6.88168,18997.0,6.8821,18997
2026-03-03 03:00:00,6.88167,6.88465,6.87955,6.88266,14927.0,6.8823,14927
2026-03-03 04:00:00,6.88263,6.88766,6.88097,6.88702,12511.0,6.8839,12511
2026-03-03 05:00:00,6.8869,6.89669,6.88472,6.89461,17534.0,6.8895,17534
2026-03-03 06:00:00,6.89448,6.89847,6.89265,6.8931,17817.0,6.8955,17817
2026-03-03 07:00:00,6.89312,6.89945,6.89205,6.89887,18505.0,6.8959,18505
2026-03-03 08:00:00,6.89884,6.90376,6.89792,6.90107,20844.0,6.9011,20844
2026-03-03 09:00:00,6.90089,6.9082,6.89783,6.90489,20072.0,6.9035,20072
2026-03-03 10:00:00,6.9048,6.91495,6.90239,6.91323,19918.0,6.9093,19918
2026-03-03 11:00:00,6.91312,6.91667,6.91011,6.91032,20189.0,6.9132,20189
2026-03-03 12:00:00,6.91042,6.91495,6.90782,6.9114,20627.0,6.9122,20627
2026-03-03 13:00:00,6.91123,6.92,6.90883,6.91954,20981.0,6.9164,20981
2026-03-03 14:00:00,6.91953,6.93159,6.91872,6.93147,20127.0,6.925,20127
2026-03-03 15:00:00,6.93134,6.94367,6.92624,6.92681,21929.0,6.9327,21929
2026-03-03 16:00:00,6.92699,6.92944,6.91804,6.91974,22032.0,6.9231,22032
2026-03-03 17:00:00,6.91952,6.92658,6.91884,6.9248,20699.0,6.9237,20699
2026-03-03 18:00:00,6.92457,6.92506,6.91377,6.91697,16807.0,6.9186,16807
2026-03-03 19:00:00,6.91667,6.92298,6.911,6.91409,18658.0,6.917,18658
2026-03-03 20:00:00,6.91399,6.91858,6.9119,6.91718,15036.0,6.915,15036
2026-03-03 21:00:00,6.91719,6.92513,6.91126,6.91784,6620.0,6.9189,6620
2026-03-03 22:00:00,6.91784,6.92233,6.8759,6.91281,1110.0,6.9142,1110
2026-03-03 23:00:00,6.91205,6.91896,6.91095,6.91627,2883.0,6.9144,2883
2026-03-04 00:00:00,6.91598,6.91891,6.91228,6.91521,7397.0,6.9154,7397
2026-03-04 01:00:00,6.9152,6.93495,6.913,6.92462,10998.0,6.9246,10998
2026-03-04 02:00:00,6.92463,6.92659,6.91803,6.9219,17673.0,6.9231,17673
2026-03-04 03:00:00,6.9219,6.92385,6.91991,6.92075,15660.0,6.9217,15660
2026-03-04 04:00:00,6.9207,6.9288,6.91984,6.92787,13591.0,6.9246,13591
2026-03-04 05:00:00,6.92783,6.93152,6.92579,6.92943,15270.0,6.9277,15270
2026-03-04 06:00:00,6.92933,6.93095,6.9172,6.92103,17443.0,6.9242,17443
2026-03-04 07:00:00,6.92094,6.92123,6.91072,6.91471,18677.0,6.9161,18677
2026-03-04 08:00:00,6.91485,6.91865,6.91238,6.91577,19987.0,6.9154,19987
2026-03-04 09:00:00,6.91585,6.91771,6.90525,6.9073,19190.0,6.912,19190
2026-03-04 10:00:00,6.90713,6.9074,6.89295,6.90394,20660.0,6.9012,20660
2026-03-04 11:00:00,6.90395,6.90465,6.89617,6.90167,17996.0,6.9005,17996
2026-03-04 12:00:00,6.9019,6.90319,6.89531,6.89817,18403.0,6.8994,18403
2026-03-04 13:00:00,6.89798,6.89932,6.89384,6.89803,20744.0,6.8963,20744
2026-03-04 14:00:00,6.89805,6.90277,6.89653,6.89974,20594.0,6.8995,20594
2026-03-04 15:00:00,6.90043,6.925,6.8936,6.89493,20898.0,6.8974,20898
2026-03-04 16:00:00,6.89497,6.89503,6.88859,6.88937,18441.0,6.8917,18441
2026-03-04 17:00:00,6.88933,6.89517,6.88842,6.89275,15067.0,6.8927,15067
2026-03-04 18:00:00,6.89273,6.89644,6.89241,6.89385,11962.0,6.8947,11962
2026-03-04 19:00:00,6.89384,6.89405,6.89125,6.89128,9638.0,6.893,9638
2026-03-04 20:00:00,6.8913,6.89379,6.89108,6.89292,10166.0,6.8926,10166
2026-03-04 21:00:00,6.89284,6.89643,6.85268,6.89525,5844.0,6.8932,5844
2026-03-04 22:00:00,6.89525,6.8954,6.44083,6.88869,1375.0,6.8889,1375
2026-03-04 23:00:00,6.88859,6.89701,6.88828,6.89145,3177.0,6.8935,3177
2026-03-05 00:00:00,6.89149,6.89368,6.88421,6.88489,4816.0,6.8877,4816
2026-03-05 01:00:00,6.88484,6.89073,6.87778,6.88924,9709.0,6.8845,9709
2026-03-05 02:00:00,6.88926,6.89215,6.88626,6.89008,16979.0,6.8895,16979
2026-03-05 03:00:00,6.89011,6.89482,6.88789,6.893,15405.0,6.8919,15405
2026-03-05 04:00:00,6.8931,6.89609,6.89298,6.89549,10591.0,6.8948,10591
2026-03-05 05:00:00,6.89555,6.89635,6.8918,6.89423,14246.0,6.8941,14246
2026-03-05 06:00:00,6.89427,6.9027,6.89381,6.89555,18815.0,6.8985,18815
2026-03-05 07:00:00,6.89558,6.8994,6.89453,6.89775,17135.0,6.8972,17135
2026-03-05 08:00:00,6.89785,6.90446,6.89754,6.89801,19957.0,6.901,19957
2026-03-05 09:00:00,6.89795,6.89854,6.88684,6.89345,21514.0,6.8922,21514
2026-03-05 10:00:00,6.89344,6.89865,6.8925,6.89846,16527.0,6.8958,16527
2026-03-05 11:00:00,6.89846,6.9016,6.89608,6.90071,14676.0,6.8994,14676
2026-03-05 12:00:00,6.90075,6.90561,6.8978,6.90363,17356.0,6.9023,17356
2026-03-05 13:00:00,6.90363,6.91285,6.90215,6.9118,21176.0,6.9081,21176
2026-03-05 14:00:00,6.91192,6.91424,6.90765,6.90974,20675.0,6.9117,20675
2026-03-05 15:00:00,6.9088,6.91476,6.90534,6.90977,21498.0,6.9108,21498
2026-03-05 16:00:00,6.90957,6.9171,6.9084,6.91203,20658.0,6.9137,20658
2026-03-05 17:00:00,6.91199,6.91865,6.91148,6.91638,19733.0,6.915,19733
2026-03-05 18:00:00,6.91653,6.92237,6.916,6.92128,18781.0,6.9186,18781
2026-03-05 19:00:00,6.92131,6.9277,6.92026,6.92712,16497.0,6.9239,16497
2026-03-05 20:00:00,6.92711,6.9286,6.91699,6.91975,18148.0,6.921,18148
2026-03-05 21:00:00,6.91991,6.9209,6.90242,6.91783,8443.0,6.9192,8443
2026-03-05 22:00:00,6.91783,6.91862,6.87969,6.91392,594.0,6.9114,594
2026-03-05 23:00:00,6.91181,6.91602,6.91134,6.91465,2124.0,6.9135,2124
2026-03-06 00:00:00,6.91491,6.91543,6.91046,6.91356,5280.0,6.9124,5280
2026-03-06 01:00:00,6.91328,6.91628,6.90761,6.90901,9000.0,6.9115,9000
2026-03-06 02:00:00,6.90906,6.9094,6.90363,6.90746,17447.0,6.906,17447
2026-03-06 03:00:00,6.90733,6.90746,6.90249,6.90378,12714.0,6.9045,12714
2026-03-06 04:00:00,6.90396,6.90691,6.9035,6.90657,8311.0,6.9051,8311
2026-03-06 05:00:00,6.90667,6.91158,6.90491,6.91093,13830.0,6.9079,13830
2026-03-06 06:00:00,6.91099,6.91129,6.9007,6.90248,14677.0,6.9073,14677
2026-03-06 07:00:00,6.90265,6.90355,6.8962,6.90081,16510.0,6.9004,16510
2026-03-06 08:00:00,6.90073,6.903,6.8991,6.90271,17301.0,6.9011,17301
2026-03-06 09:00:00,6.90257,6.91666,6.902,6.9164,20363.0,6.9096,20363
2026-03-06 10:00:00,6.91635,6.9187,6.91116,6.91439,16121.0,6.9143,16121
2026-03-06 11:00:00,6.91453,6.91875,6.91277,6.91816,17736.0,6.9155,17736
2026-03-06 12:00:00,6.91804,6.91974,6.91393,6.91643,18782.0,6.9174,18782
2026-03-06 13:00:00,6.91622,6.91665,6.89277,6.91553,21939.0,6.9124,21939
2026-03-06 14:00:00,6.9156,6.9163,6.90368,6.90418,21526.0,6.9104,21526
2026-03-06 15:00:00,6.90429,6.90429,6.8958,6.89743,22418.0,6.8991,22418
2026-03-06 16:00:00,6.89753,6.89761,6.88846,6.89161,21684.0,6.8918,21684
2026-03-06 17:00:00,6.89147,6.90609,6.89135,6.90591,21005.0,6.8991,21005
2026-03-06 18:00:00,6.90591,6.9089,6.9014,6.90686,19283.0,6.9059,19283
2026-03-06 19:00:00,6.90699,6.91002,6.9054,6.90711,17669.0,6.9074,17669
2026-03-06 20:00:00,6.90726,6.90876,6.90476,6.90592,17141.0,6.9068,17141
2026-03-06 21:00:00,6.90593,6.90785,6.8662,6.90763,8580.0,6.905,8580
2026-03-08 21:00:00,6.90428,6.91473,6.90426,6.91467,410.0,6.9138,410
2026-03-08 22:00:00,6.91469,6.91837,6.91336,6.91811,1838.0,6.9157,1838
2026-03-08 23:00:00,6.91815,6.92407,6.91786,6.9239,2808.0,6.9206,2808
2026-03-09 00:00:00,6.92392,6.92801,6.92146,6.92653,8816.0,6.9247,8816
2026-03-09 01:00:00,6.92655,6.93416,6.92223,6.92939,10158.0,6.9285,10158
2026-03-09 02:00:00,6.92935,6.93066,6.9006,6.92491,19638.0,6.9261,19638
2026-03-09 03:00:00,6.92497,6.92733,6.92323,6.9265,15563.0,6.9255,15563
2026-03-09 04:00:00,6.92652,6.92664,6.92437,6.92524,10864.0,6.9255,10864
2026-03-09 05:00:00,6.92523,6.92683,6.91676,6.91774,18957.0,6.9209,18957
2026-03-09 06:00:00,6.91779,6.91949,6.91532,6.9189,19135.0,6.9179,19135
2026-03-09 07:00:00,6.9189,6.92198,6.9178,6.92106,19310.0,6.9199,19310
2026-03-09 08:00:00,6.92106,6.92865,6.92047,6.92585,21027.0,6.9243,21027
2026-03-09 09:00:00,6.92581,6.92773,6.9182,6.92357,20431.0,6.9237,20431
2026-03-09 10:00:00,6.92356,6.92475,6.91597,6.92344,19189.0,6.922,19189
2026-03-09 11:00:00,6.92332,6.9261,6.92082,6.92506,18220.0,6.9241,18220
2026-03-09 12:00:00,6.92505,6.92532,6.91963,6.92171,18282.0,6.9216,18282
2026-03-09 13:00:00,6.9217,6.92243,6.91293,6.9177,20361.0,6.9172,20361
2026-03-09 14:00:00,6.9176,6.92369,6.91533,6.91742,20879.0,6.9184,20879
2026-03-09 15:00:00,6.91749,6.9177,6.90752,6.90892,20951.0,6.9111,20951
2026-03-09 16:00:00,6.90903,6.91063,6.90612,6.91028,17870.0,6.908,17870
2026-03-09 17:00:00,6.9103,6.9131,6.9095,6.91251,15859.0,6.9116,15859
2026-03-09 18:00:00,6.91252,6.91307,6.90985,6.91122,13588.0,6.9113,13588
2026-03-09 19:00:00,6.91103,6.91138,6.88715,6.89506,17273.0,6.8995,17273
2026-03-09 20:00:00,6.89482,6.89738,6.82903,6.88375,14040.0,6.8933,14040
2026-03-09 21:00:00,6.88211,6.892,6.86416,6.88364,622.0,6.8843,622
2026-03-09 22:00:00,6.88906,6.89099,6.88176,6.88563,3108.0,6.8848,3108
2026-03-09 23:00:00,6.88563,6.89249,6.88438,6.89138,3030.0,6.8879,3030
2026-03-10 00:00:00,6.89103,6.89536,6.89015,6.8932,10052.0,6.893,10052
2026-03-10 01:00:00,6.89328,6.89655,6.88492,6.88633,10245.0,6.892,10245
2026-03-10 02:00:00,6.88622,6.89062,6.88194,6.89013,18072.0,6.8855,18072
2026-03-10 03:00:00,6.89009,6.89195,6.88785,6.89089,16074.0,6.8899,16074
2026-03-10 04:00:00,6.89087,6.89175,6.8892,6.89079,11384.0,6.8903,11384
2026-03-10 05:00:00,6.89072,6.89072,6.88473,6.88561,14234.0,6.8882,14234
2026-03-10 06:00:00,6.8855,6.88574,6.88105,6.88226,17072.0,6.8837,17072
2026-03-10 07:00:00,6.88221,6.8834,6.8717,6.87285,20075.0,6.8782,20075
2026-03-10 08:00:00,6.8727,6.87945,6.87187,6.87865,20230.0,6.8745,20230
2026-03-10 09:00:00,6.87865,6.87921,6.87389,6.87584,17688.0,6.8759,17688
2026-03-10 10:00:00,6.87595,6.88128,6.87225,6.87441,18175.0,6.8761,18175
2026-03-10 11:00:00,6.87449,6.87726,6.87107,6.87624,18926.0,6.8739,18926
2026-03-10 12:00:00,6.87624,6.881,6.87563,6.8777,20316.0,6.8783,20316
2026-03-10 13:00:00,6.87753,6.87898,6.87312,6.87408,20201.0,6.8759,20201
2026-03-10 14:00:00,6.87403,6.87575,6.86423,6.8664,20488.0,6.8696,20488
2026-03-10 15:00:00,6.86627,6.87017,6.86332,6.86852,20399.0,6.8664,20399
2026-03-10 16:00:00,6.86859,6.87275,6.86619,6.86712,18611.0,6.8696,18611
2026-03-10 17:00:00,6.8671,6.86965,6.86023,6.86779,19008.0,6.8651,19008
2026-03-10 18:00:00,6.86768,6.88053,6.86594,6.87314,20184.0,6.8725,20184
2026-03-10 19:00:00,6.87304,6.88102,6.87262,6.8793,17754.0,6.8768,17754
2026-03-10 20:00:00,6.87958,6.88192,6.86226,6.86523,9949.0,6.8799,9949
2026-03-10 21:00:00,6.87538,6.87966,6.86086,6.87893,686.0,6.8774,686
2026-03-10 22:00:00,6.87534,6.88165,6.87354,6.87995,859.0,6.8787,859
2026-03-10 23:00:00,6.88145,6.88161,6.87691,6.87746,2002.0,6.8797,2002
2026-03-11 00:00:00,6.87736,6.87786,6.86952,6.87016,8197.0,6.873,8197
2026-03-11 01:00:00,6.87016,6.87293,6.8618,6.86762,7262.0,6.8674,7262
2026-03-11 02:00:00,6.86774,6.87165,6.86545,6.86994,13499.0,6.8688,13499
2026-03-11 03:00:00,6.8701,6.87017,6.86306,6.8652,10777.0,6.867,10777
2026-03-11 04:00:00,6.86514,6.86525,6.86181,6.86198,9285.0,6.8632,9285
2026-03-11 05:00:00,6.8619,6.8671,6.86182,6.86422,12356.0,6.8646,12356
2026-03-11 06:00:00,6.86434,6.86564,6.85982,6.86294,13999.0,6.8624,13999
2026-03-11 07:00:00,6.86301,6.87085,6.86209,6.86869,18146.0,6.8674,18146
2026-03-11 08:00:00,6.86859,6.8749,6.86755,6.87173,18366.0,6.8711,18366
2026-03-11 09:00:00,6.8719,6.87701,6.87124,6.87497,18849.0,6.8742,18849
2026-03-11 10:00:00,6.87498,6.87527,6.86641,6.86795,16368.0,6.8697,16368
2026-03-11 11:00:00,6.86788,6.87355,6.86726,6.87345,16483.0,6.8707,16483
2026-03-11 12:00:00,6.87347,6.87486,6.84356,6.87419,19211.0,6.8721,19211
2026-03-11 13:00:00,6.87399,6.87425,6.86678,6.86721,19543.0,6.8698,19543
2026-03-11 14:00:00,6.86723,6.8707,6.86308,6.87008,20486.0,6.868,20486
2026-03-11 15:00:00,6.86997,6.87515,6.8565,6.87489,19552.0,6.8729,19552
2026-03-11 16:00:00,6.87494,6.87783,6.87383,6.87469,16807.0,6.8758,16807
2026-03-11 17:00:00,6.8746,6.87842,6.87386,6.87667,16295.0,6.8764,16295
2026-03-11 18:00:00,6.87654,6.87884,6.87617,6.87685,14582.0,6.8771,14582
2026-03-11 19:00:00,6.87677,6.87745,6.87501,6.87575,11692.0,6.8761,11692
2026-03-11 20:00:00,6.8758,6.87716,6.87427,6.87564,6075.0,6.8764,6075
2026-03-11 21:00:00,6.87564,6.87776,6.84238,6.87593,942.0,6.8743,942
2026-03-11 22:00:00,6.87592,6.88083,6.87318,6.87974,1849.0,6.8773,1849
2026-03-11 23:00:00,6.87815,6.88382,6.87675,6.88258,2636.0,6.8804,2636
2026-03-12 00:00:00,6.88265,6.88529,6.87927,6.88033,6195.0,6.8826,6195
2026-03-12 01:00:00,6.88023,6.88351,6.87466,6.87616,7317.0,6.8779,7317
2026-03-12 02:00:00,6.87614,6.88303,6.87518,6.88194,14266.0,6.8793,14266
2026-03-12 03:00:00,6.88191,6.88384,6.88027,6.88285,11003.0,6.8824,11003
2026-03-12 04:00:00,6.88284,6.88485,6.8812,6.88409,7944.0,6.8833,7944
2026-03-12 05:00:00,6.88416,6.88514,6.88037,6.88338,13307.0,6.8822,13307
2026-03-12 06:00:00,6.88344,6.88354,6.877,6.87819,13908.0,6.88,13908
2026-03-12 07:00:00,6.8782,6.88031,6.87557,6.87658,15208.0,6.878,15208
2026-03-12 08:00:00,6.87659,6.8783,6.87287,6.87741,16707.0,6.8757,16707
2026-03-12 09:00:00,6.8774,6.87877,6.86942,6.8696,16128.0,6.8747,16128
2026-03-12 10:00:00,6.86964,6.87245,6.86753,6.87044,14577.0,6.8702,14577
2026-03-12 11:00:00,6.87049,6.87083,6.86414,6.86604,14138.0,6.8669,14138
2026-03-12 12:00:00,6.86604,6.87255,6.86541,6.87006,17556.0,6.869,17556
2026-03-12 13:00:00,6.86986,6.88061,6.86665,6.87838,20401.0,6.8734,20401
2026-03-12 14:00:00,6.87838,6.88184,6.87596,6.8802,21163.0,6.879,21163
2026-03-12 15:00:00,6.88021,6.88343,6.87761,6.88054,20842.0,6.8814,20842
2026-03-12 16:00:00,6.88064,6.88235,6.8754,6.87909,19887.0,6.8792,19887
2026-03-12 17:00:00,6.87923,6.88101,6.87686,6.88002,17259.0,6.8792,17259
2026-03-12 18:00:00,6.87979,6.88374,6.87901,6.88356,15405.0,6.8816,15405
2026-03-12 19:00:00,6.8836,6.88408,6.88139,6.882,14428.0,6.8826,14428
2026-03-12 20:00:00,6.88208,6.88331,6.87956,6.87995,9730.0,6.8824,9730
2026-03-12 21:00:00,6.87548,6.88218,6.82657,6.87963,874.0,6.8807,874
2026-03-12 22:00:00,6.87959,6.88257,6.87914,6.88008,1461.0,6.8809,1461
2026-03-12 23:00:00,6.88068,6.88177,6.87916,6.87944,1696.0,6.8803,1696
2026-03-13 00:00:00,6.87978,6.88242,6.87742,6.88136,4508.0,6.8794,4508
2026-03-13 01:00:00,6.88144,6.88487,6.8774,6.88406,6568.0,6.8816,6568
2026-03-13 02:00:00,6.88405,6.88966,6.8815,6.88811,12805.0,6.8858,12805
2026-03-13 03:00:00,6.88818,6.88974,6.8857,6.88621,11219.0,6.8884,11219
2026-03-13 04:00:00,6.88628,6.8878,6.8854,6.88649,8298.0,6.8865,8298
2026-03-13 05:00:00,6.8866,6.88745,6.88534,6.8871,9158.0,6.8865,9158
2026-03-13 06:00:00,6.88719,6.89256,6.88643,6.89227,14248.0,6.889,14248
2026-03-13 07:00:00,6.89233,6.90085,6.89207,6.9003,18403.0,6.896,18403
2026-03-13 08:00:00,6.90029,6.9076,6.89947,6.90045,19366.0,6.9037,19366
2026-03-13 09:00:00,6.90043,6.90105,6.89695,6.89863,17901.0,6.8987,17901
2026-03-13 10:00:00,6.89862,6.89985,6.8928,6.89603,15690.0,6.8971,15690
2026-03-13 11:00:00,6.89602,6.89855,6.89231,6.89283,18011.0,6.8952,18011
2026-03-13 12:00:00,6.89283,6.89498,6.87115,6.89145,19963.0,6.8917,19963
2026-03-13 13:00:00,6.89145,6.8932,6.88518,6.89006,20502.0,6.889,20502
2026-03-13 14:00:00,6.88967,6.89795,6.88707,6.89695,21804.0,6.8936,21804
2026-03-13 15:00:00,6.89698,6.90337,6.89574,6.90236,20910.0,6.8994,20910
2026-03-13 16:00:00,6.90246,6.90522,6.89971,6.90471,19466.0,6.903,19466
2026-03-13 17:00:00,6.9046,6.90535,6.90277,6.90495,15954.0,6.9041,15954
2026-03-13 18:00:00,6.90481,6.90685,6.90401,6.90573,14252.0,6.9054,14252
2026-03-13 19:00:00,6.90571,6.90729,6.9049,6.90633,12441.0,6.9065,12441
2026-03-13 20:00:00,6.90625,6.90862,6.84322,6.90016,7506.0,6.9067,7506
2026-03-15 21:00:00,6.89789,6.90425,6.89658,6.90135,52.0,6.9002,52
2026-03-15 22:00:00,6.90109,6.90136,6.89791,6.89826,704.0,6.8984,704
2026-03-15 23:00:00,6.89835,6.90265,6.89536,6.90222,1458.0,6.9004,1458
2026-03-16 00:00:00,6.90222,6.90254,6.89804,6.89895,6556.0,6.9002,6556
2026-03-16 01:00:00,6.89888,6.90617,6.89853,6.90029,7803.0,6.9019,7803
2026-03-16 02:00:00,6.90009,6.9038,6.89813,6.9026,13847.0,6.9005,13847
2026-03-16 03:00:00,6.90243,6.90525,6.90161,6.90251,9854.0,6.9034,9854
2026-03-16 04:00:00,6.90257,6.90357,6.90175,6.90347,5362.0,6.9027,5362
2026-03-16 05:00:00,6.90349,6.90361,6.89975,6.90216,10033.0,6.9025,10033
2026-03-16 06:00:00,6.90218,6.90414,6.90092,6.90205,11709.0,6.9023,11709
2026-03-16 07:00:00,6.90205,6.90857,6.89951,6.90575,14910.0,6.904,14910
2026-03-16 08:00:00,6.90574,6.90582,6.90019,6.90024,16685.0,6.9033,16685
2026-03-16 09:00:00,6.9002,6.90215,6.89653,6.89815,15391.0,6.8994,15391
2026-03-16 10:00:00,6.89821,6.89908,6.88937,6.89416,15107.0,6.8955,15107
2026-03-16 11:00:00,6.89389,6.89463,6.89066,6.89244,14150.0,6.893,14150
2026-03-16 12:00:00,6.8924,6.89303,6.88972,6.89241,15591.0,6.8913,15591
2026-03-16 13:00:00,6.89244,6.8929,6.88602,6.88668,17162.0,6.8899,17162
2026-03-16 14:00:00,6.88658,6.8929,6.8854,6.89168,18705.0,6.8891,18705
2026-03-16 15:00:00,6.89164,6.89516,6.8899,6.89331,16300.0,6.892,16300
2026-03-16 16:00:00,6.89333,6.89657,6.89166,6.89487,16348.0,6.8942,16348
2026-03-16 17:00:00,6.89472,6.89567,6.85351,6.89488,14272.0,6.8934,14272
2026-03-16 18:00:00,6.89488,6.89488,6.8888,6.8904,14101.0,6.8913,14101
2026-03-16 19:00:00,6.89033,6.89048,6.88656,6.88843,13587.0,6.8883,13587
2026-03-16 20:00:00,6.88844,6.88985,6.88539,6.88755,6155.0,6.8888,6155
2026-03-16 21:00:00,6.88755,6.89339,6.8771,6.8927,1081.0,6.8894,1081
2026-03-16 22:00:00,6.88863,6.89404,6.88705,6.89307,1444.0,6.8914,1444
2026-03-16 23:00:00,6.89134,6.89356,6.89047,6.89211,1695.0,6.8922,1695
2026-03-17 00:00:00,6.89211,6.89361,6.88274,6.88687,4861.0,6.8906,4861
2026-03-17 01:00:00,6.88675,6.88973,6.88321,6.88321,7031.0,6.887,7031
2026-03-17 02:00:00,6.88319,6.88584,6.88263,6.88556,11618.0,6.8842,11618
2026-03-17 03:00:00,6.88557,6.88672,6.88311,6.88487,11048.0,6.8848,11048
2026-03-17 04:00:00,6.88488,6.88556,6.8834,6.88479,7381.0,6.8847,7381
2026-03-17 05:00:00,6.8848,6.88983,6.88438,6.88956,11711.0,6.887,11711
2026-03-17 06:00:00,6.88954,6.89215,6.88902,6.8905,14966.0,6.8909,14966
2026-03-17 07:00:00,6.89049,6.89175,6.88727,6.88904,14635.0,6.8893,14635
2026-03-17 08:00:00,6.88904,6.89094,6.88431,6.8871,17278.0,6.888,17278
2026-03-17 09:00:00,6.88717,6.88935,6.88459,6.88746,14953.0,6.8871,14953
2026-03-17 10:00:00,6.88756,6.89135,6.88753,6.89042,13403.0,6.8897,13403
2026-03-17 11:00:00,6.89043,6.89085,6.8821,6.88354,14450.0,6.887,14450
2026-03-17 12:00:00,6.88334,6.88528,6.88241,6.88297,15345.0,6.8837,15345
2026-03-17 13:00:00,6.88309,6.88325,6.87958,6.88153,18780.0,6.8813,18780
2026-03-17 14:00:00,6.88153,6.88425,6.8798,6.88264,17422.0,6.8826,17422
2026-03-17 15:00:00,6.88265,6.88633,6.88125,6.88475,19022.0,6.8843,19022
2026-03-17 16:00:00,6.88468,6.88715,6.8828,6.88397,16016.0,6.8844,16016
2026-03-17 17:00:00,6.88389,6.88465,6.8822,6.88278,11961.0,6.8836,11961
2026-03-17 18:00:00,6.88264,6.88362,6.8807,6.88252,10392.0,6.8823,10392
2026-03-17 19:00:00,6.88247,6.88418,6.8821,6.8833,7689.0,6.8833,7689
2026-03-17 20:00:00,6.88319,6.88358,6.86129,6.88042,3933.0,6.8827,3933
2026-03-17 21:00:00,6.88042,6.88403,6.84243,6.88109,824.0,6.8818,824
2026-03-17 22:00:00,6.88114,6.88437,6.88103,6.88282,1664.0,6.8827,1664
2026-03-17 23:00:00,6.88412,6.88467,6.88274,6.88318,1854.0,6.8836,1854
2026-03-18 00:00:00,6.8834,6.88407,6.88112,6.8829,8158.0,6.8827,8158
2026-03-18 01:00:00,6.88301,6.88668,6.8796,6.88547,5659.0,6.8832,5659
2026-03-18 02:00:00,6.88551,6.88653,6.88242,6.88309,10162.0,6.8846,10162
2026-03-18 03:00:00,6.8831,6.88348,6.8802,6.8815,8490.0,6.8817,8490
2026-03-18 04:00:00,6.88149,6.88212,6.88045,6.88143,6932.0,6.8812,6932
2026-03-18 05:00:00,6.88134,6.88143,6.87516,6.87592,11374.0,6.878,11374
2026-03-18 06:00:00,6.87592,6.87753,6.87191,6.87573,13663.0,6.8749,13663
2026-03-18 07:00:00,6.87565,6.87865,6.87352,6.87651,12210.0,6.8763,12210
2026-03-18 08:00:00,6.87651,6.87811,6.8727,6.87423,14537.0,6.876,14537
2026-03-18 09:00:00,6.87445,6.87515,6.8716,6.87324,12969.0,6.8735,12969
2026-03-18 10:00:00,6.87309,6.87582,6.87235,6.87476,10690.0,6.8738,10690
2026-03-18 11:00:00,6.87473,6.8801,6.87266,6.87713,15999.0,6.8764,15999
2026-03-18 12:00:00,6.87701,6.89063,6.87678,6.88995,21156.0,6.8841,21156
2026-03-18 13:00:00,6.88967,6.89136,6.8851,6.88651,20389.0,6.8885,20389
2026-03-18 14:00:00,6.88641,6.89015,6.88422,6.88754,20423.0,6.888,20423
2026-03-18 15:00:00,6.88763,6.88793,6.88396,6.88674,18240.0,6.8862,18240
2026-03-18 16:00:00,6.88687,6.8881,6.884,6.88717,15747.0,6.8866,15747
2026-03-18 17:00:00,6.88718,6.88927,6.8831,6.88513,14010.0,6.8873,14010
2026-03-18 18:00:00,6.88513,6.89347,6.8793,6.89335,18815.0,6.8885,18815
2026-03-18 19:00:00,6.89335,6.89874,6.89267,6.89847,15666.0,6.8951,15666
2026-03-18 20:00:00,6.89838,6.90396,6.88855,6.89158,10690.0,6.9007,10690
2026-03-18 21:00:00,6.89175,6.90159,6.86008,6.8986,1091.0,6.8992,1091
2026-03-18 22:00:00,6.89879,6.90086,6.89725,6.90013,1884.0,6.8993,1884
2026-03-18 23:00:00,6.89844,6.90046,6.89568,6.89664,2656.0,6.8981,2656
2026-03-19 00:00:00,6.89682,6.89856,6.8935,6.89543,8282.0,6.8964,8282
2026-03-19 01:00:00,6.89541,6.89908,6.89286,6.89733,7784.0,6.8962,7784
2026-03-19 02:00:00,6.89733,6.90275,6.89381,6.8999,16264.0,6.8985,16264
2026-03-19 03:00:00,6.8999,6.90239,6.89782,6.90176,11152.0,6.9,11152
2026-03-19 04:00:00,6.90175,6.90322,6.90157,6.90293,9014.0,6.9024,9014
2026-03-19 05:00:00,6.90293,6.90501,6.90133,6.90356,11632.0,6.9035,11632
2026-03-19 06:00:00,6.90361,6.90435,6.90001,6.90206,15454.0,6.9025,15454
2026-03-19 07:00:00,6.90206,6.90758,6.90079,6.90555,18809.0,6.9047,18809
2026-03-19 08:00:00,6.90552,6.90715,6.90283,6.90628,19291.0,6.9052,19291
2026-03-19 09:00:00,6.90618,6.90641,6.8953,6.89698,20393.0,6.9025,20393
2026-03-19 10:00:00,6.89701,6.8998,6.89672,6.89934,16900.0,6.8986,16900
2026-03-19 11:00:00,6.89934,6.90123,6.8973,6.89855,16560.0,6.8997,16560
2026-03-19 12:00:00,6.89855,6.906,6.89842,6.90264,20838.0,6.9026,20838
2026-03-19 13:00:00,6.90255,6.907,6.89512,6.89709,21128.0,6.9032,21128
2026-03-19 14:00:00,6.89704,6.90055,6.89306,6.89858,21512.0,6.8974,21512
2026-03-19 15:00:00,6.89871,6.9027,6.89387,6.89889,21210.0,6.8989,21210
2026-03-19 16:00:00,6.89887,6.89945,6.89095,6.89249,20972.0,6.8943,20972
2026-03-19 17:00:00,6.89244,6.89327,6.88457,6.88822,18125.0,6.8895,18125
2026-03-19 18:00:00,6.88828,6.88971,6.88487,6.88517,16467.0,6.888,16467
2026-03-19 19:00:00,6.88492,6.88517,6.8734,6.88098,18959.0,6.8792,18959
2026-03-19 20:00:00,6.881,6.88282,6.8592,6.87251,5450.0,6.8815,5450
2026-03-19 21:00:00,6.87251,6.8806,6.85832,6.87499,841.0,6.877,841
2026-03-19 22:00:00,6.87499,6.87963,6.8741,6.87596,2240.0,6.8757,2240
2026-03-19 23:00:00,6.87596,6.88406,6.87543,6.88298,2272.0,6.8817,2272
2026-03-20 00:00:00,6.88329,6.88419,6.88156,6.88314,7271.0,6.8829,7271
2026-03-20 01:00:00,6.88316,6.88912,6.88178,6.88803,9028.0,6.8854,9028
2026-03-20 02:00:00,6.88807,6.89437,6.8864,6.89417,13726.0,6.8923,13726
2026-03-20 03:00:00,6.89407,6.8978,6.89366,6.89737,11859.0,6.8965,11859
2026-03-20 04:00:00,6.89744,6.89773,6.8951,6.8959,7019.0,6.8966,7019
2026-03-20 05:00:00,6.89586,6.90056,6.89495,6.89879,12158.0,6.898,12158
2026-03-20 06:00:00,6.89883,6.89922,6.89234,6.89353,14171.0,6.8958,14171
2026-03-20 07:00:00,6.89365,6.8954,6.8825,6.88373,18137.0,6.8887,18137
2026-03-20 08:00:00,6.88366,6.88683,6.88097,6.88532,17906.0,6.8841,17906
2026-03-20 09:00:00,6.88522,6.89077,6.88474,6.8891,17443.0,6.8877,17443
2026-03-20 10:00:00,6.88901,6.89364,6.88896,6.8903,17483.0,6.8916,17483
2026-03-20 11:00:00,6.89027,6.89145,6.88716,6.89018,16005.0,6.8887,16005
2026-03-20 12:00:00,6.89002,6.89706,6.8893,6.89521,18489.0,6.893,18489
2026-03-20 13:00:00,6.89521,6.90626,6.89467,6.90602,19827.0,6.9005,19827
2026-03-20 14:00:00,6.90591,6.90681,6.90342,6.90524,20965.0,6.9054,20965
2026-03-20 15:00:00,6.90524,6.9068,6.89983,6.90673,20854.0,6.9035,20854
2026-03-20 16:00:00,6.90673,6.90751,6.90117,6.90423,18892.0,6.9044,18892
2026-03-20 17:00:00,6.90435,6.90707,6.89955,6.90536,17335.0,6.9049,17335
2026-03-20 18:00:00,6.90536,6.90825,6.90391,6.90746,17050.0,6.9059,17050
2026-03-20 19:00:00,6.90754,6.90921,6.90551,6.90708,16098.0,6.9079,16098
2026-03-20 20:00:00,6.90708,6.90835,6.89023,6.8914,8019.0,6.9068,8019
2026-03-22 21:00:00,6.89741,6.90705,6.89527,6.90428,800.0,6.9031,800
2026-03-22 22:00:00,6.90423,6.90667,6.90399,6.90445,1325.0,6.9054,1325
2026-03-22 23:00:00,6.90445,6.90509,6.90135,6.90199,3503.0,6.9043,3503
2026-03-23 00:00:00,6.90231,6.90973,6.90041,6.90886,9959.0,6.9044,9959
2026-03-23 01:00:00,6.90904,6.91611,6.90494,6.91238,9209.0,6.9107,9209
2026-03-23 02:00:00,6.91227,6.91849,6.8827,6.91652,17252.0,6.9148,17252
2026-03-23 03:00:00,6.91663,6.91668,6.91361,6.91432,13333.0,6.9148,13333
2026-03-23 04:00:00,6.91432,6.9154,6.91338,6.91429,9533.0,6.9146,9533
2026-03-23 05:00:00,6.91417,6.91708,6.9133,6.91702,12878.0,6.9157,12878
2026-03-23 06:00:00,6.91681,6.91705,6.91119,6.91229,17077.0,6.9151,17077
2026-03-23 07:00:00,6.91235,6.91485,6.90868,6.91099,19038.0,6.9121,19038
2026-03-23 08:00:00,6.91102,6.9124,6.90773,6.91071,20689.0,6.9103,20689
2026-03-23 09:00:00,6.91054,6.91833,6.91012,6.91563,19942.0,6.9143,19942
2026-03-23 10:00:00,6.91576,6.91845,6.91234,6.91582,18760.0,6.9163,18760
2026-03-23 11:00:00,6.91583,6.91594,6.87774,6.89991,22541.0,6.8976,22541
2026-03-23 12:00:00,6.90018,6.90323,6.8842,6.88572,22366.0,6.8944,22366
2026-03-23 13:00:00,6.88542,6.89163,6.88297,6.88315,21432.0,6.8876,21432
2026-03-23 14:00:00,6.88311,6.88483,6.87719,6.88375,21930.0,6.8811,21930
2026-03-23 15:00:00,6.88398,6.8931,6.87753,6.89247,21586.0,6.8854,21586
2026-03-23 16:00:00,6.89247,6.89435,6.8866,6.88892,20935.0,6.8909,20935
2026-03-23 17:00:00,6.88867,6.88972,6.88455,6.88692,18440.0,6.887,18440
2026-03-23 18:00:00,6.88682,6.88906,6.88034,6.8811,18054.0,6.8842,18054
2026-03-23 19:00:00,6.88099,6.88559,6.88093,6.88525,15099.0,6.8835,15099
2026-03-23 20:00:00,6.88531,6.88653,6.85812,6.88026,6617.0,6.8855,6617
2026-03-23 21:00:00,6.88026,6.88546,6.85858,6.88231,477.0,6.8824,477
2026-03-23 22:00:00,6.88237,6.88597,6.88144,6.88564,1248.0,6.8844,1248
2026-03-23 23:00:00,6.88424,6.88616,6.88371,6.88571,1862.0,6.8848,1862
2026-03-24 00:00:00,6.88516,6.8944,6.8849,6.89199,9392.0,6.89,9392
2026-03-24 01:00:00,6.89197,6.89796,6.89034,6.89696,9870.0,6.8932,9870
2026-03-24 02:00:00,6.89702,6.89859,6.89345,6.89404,17262.0,6.8959,17262
2026-03-24 03:00:00,6.89391,6.89744,6.89272,6.89541,14787.0,6.8951,14787
2026-03-24 04:00:00,6.89542,6.89705,6.8947,6.89575,10278.0,6.8958,10278
2026-03-24 05:00:00,6.89589,6.8973,6.89238,6.89256,15532.0,6.8953,15532
2026-03-24 06:00:00,6.89277,6.8935,6.89008,6.89172,16560.0,6.8919,16560
2026-03-24 07:00:00,6.8919,6.89202,6.88346,6.88777,19111.0,6.8872,19111
2026-03-24 08:00:00,6.8878,6.89341,6.88659,6.89268,19977.0,6.8902,19977
2026-03-24 09:00:00,6.89254,6.89458,6.89126,6.89283,18124.0,6.893,18124
2026-03-24 10:00:00,6.89294,6.8952,6.89224,6.89297,16265.0,6.8938,16265
2026-03-24 11:00:00,6.89298,6.89871,6.89258,6.89702,16565.0,6.8955,16565
2026-03-24 12:00:00,6.897,6.89901,6.89552,6.89794,18339.0,6.8973,18339
2026-03-24 13:00:00,6.89806,6.90065,6.89525,6.89769,20243.0,6.8981,20243
2026-03-24 14:00:00,6.89758,6.89837,6.8825,6.89369,20160.0,6.895,20160
2026-03-24 15:00:00,6.89373,6.89619,6.8918,6.89536,20470.0,6.8938,20470
2026-03-24 16:00:00,6.89548,6.89825,6.8946,6.8974,18805.0,6.8964,18805
2026-03-24 17:00:00,6.89742,6.90495,6.89669,6.90174,19697.0,6.9021,19697
2026-03-24 18:00:00,6.9018,6.90285,6.89798,6.8995,19122.0,6.9003,19122
2026-03-24 19:00:00,6.89954,6.89971,6.89669,6.89917,14848.0,6.8985,14848
2026-03-24 20:00:00,6.89892,6.90006,6.83515,6.8903,15217.0,6.8945,15217
2026-03-24 21:00:00,6.8903,6.8952,6.87059,6.89087,1116.0,6.8917,1116
2026-03-24 22:00:00,6.8909,6.89426,6.89073,6.89203,1551.0,6.8924,1551
2026-03-24 23:00:00,6.89192,6.89441,6.89145,6.89296,1895.0,6.8924,1895
2026-03-25 00:00:00,6.89221,6.8932,6.8866,6.888,8683.0,6.8891,8683
2026-03-25 01:00:00,6.88822,6.89084,6.88366,6.88761,9586.0,6.8877,9586
2026-03-25 02:00:00,6.88746,6.89486,6.886,6.89415,16280.0,6.8912,16280
2026-03-25 03:00:00,6.89413,6.89548,6.88703,6.89476,12583.0,6.894,12583
2026-03-25 04:00:00,6.8948,6.8974,6.8945,6.89679,10278.0,6.8962,10278
2026-03-25 05:00:00,6.8969,6.89861,6.89564,6.89757,13872.0,6.8973,13872
2026-03-25 06:00:00,6.89767,6.90057,6.89342,6.89945,14031.0,6.899,14031
2026-03-25 07:00:00,6.89975,6.9032,6.89667,6.90247,17421.0,6.9001,17421
2026-03-25 08:00:00,6.90244,6.90435,6.8976,6.90081,19533.0,6.9008,19533
2026-03-25 09:00:00,6.90098,6.90495,6.8974,6.90278,17420.0,6.9019,17420
2026-03-25 10:00:00,6.90268,6.90327,6.9007,6.90083,15071.0,6.902,15071
2026-03-25 11:00:00,6.90096,6.90114,6.89737,6.89803,15815.0,6.8992,15815
2026-03-25 12:00:00,6.89804,6.9038,6.89644,6.90292,19783.0,6.9004,19783
2026-03-25 13:00:00,6.90271,6.90854,6.90053,6.90844,20287.0,6.9048,20287
2026-03-25 14:00:00,6.90836,6.90927,6.90045,6.90177,20792.0,6.9038,20792
2026-03-25 15:00:00,6.90171,6.90679,6.8965,6.90322,18115.0,6.9029,18115
2026-03-25 16:00:00,6.9032,6.90543,6.90052,6.90238,17756.0,6.9029,17756
2026-03-25 17:00:00,6.90219,6.90388,6.89982,6.90117,15906.0,6.902,15906
2026-03-25 18:00:00,6.90137,6.90481,6.89998,6.90362,13557.0,6.9017,13557
2026-03-25 19:00:00,6.90364,6.90516,6.9029,6.90383,13428.0,6.904,13428
2026-03-25 20:00:00,6.90389,6.90496,6.88905,6.89981,6058.0,6.904,6058
2026-03-25 21:00:00,6.89981,6.90291,6.88976,6.9027,1719.0,6.9018,1719
2026-03-25 22:00:00,6.90135,6.90305,6.90089,6.90115,2173.0,6.9018,2173
2026-03-25 23:00:00,6.90116,6.90438,6.90115,6.90346,1809.0,6.903,1809
2026-03-26 00:00:00,6.90383,6.90613,6.9022,6.90594,5799.0,6.9039,5799
2026-03-26 01:00:00,6.90592,6.90939,6.90396,6.90775,8740.0,6.9066,8740
2026-03-26 02:00:00,6.90775,6.9113,6.90646,6.90957,13179.0,6.9086,13179
2026-03-26 03:00:00,6.90943,6.90963,6.90369,6.9053,13029.0,6.9058,13029
2026-03-26 04:00:00,6.9052,6.90563,6.9035,6.90444,7152.0,6.9048,7152
2026-03-26 05:00:00,6.90438,6.90913,6.9039,6.90893,12329.0,6.907,12329
2026-03-26 06:00:00,6.90912,6.90966,6.90263,6.90388,14647.0,6.9072,14647
2026-03-26 07:00:00,6.9039,6.90995,6.90381,6.9086,15775.0,6.9072,15775
2026-03-26 08:00:00,6.90843,6.91,6.90694,6.9076,16889.0,6.9082,16889
2026-03-26 09:00:00,6.90765,6.91437,6.90747,6.91234,16051.0,6.9112,16051
2026-03-26 10:00:00,6.91234,6.91455,6.91107,6.91416,14215.0,6.9124,14215
2026-03-26 11:00:00,6.91432,6.9191,6.91356,6.91888,15109.0,6.9163,15109
2026-03-26 12:00:00,6.91901,6.91956,6.91256,6.91773,16068.0,6.9183,16068
2026-03-26 13:00:00,6.91761,6.91839,6.9144,6.91555,19476.0,6.9163,19476
2026-03-26 14:00:00,6.91556,6.91746,6.91203,6.91545,20559.0,6.915,20559
2026-03-26 15:00:00,6.91529,6.9192,6.91463,6.91795,18854.0,6.917,18854
2026-03-26 16:00:00,6.91794,6.91998,6.91649,6.9197,15813.0,6.9187,15813
2026-03-26 17:00:00,6.91957,6.9221,6.91882,6.92169,12308.0,6.9205,12308
2026-03-26 18:00:00,6.92143,6.92189,6.9203,6.92047,11278.0,6.9213,11278
2026-03-26 19:00:00,6.92051,6.9227,6.92017,6.92259,10327.0,6.9219,10327
2026-03-26 20:00:00,6.9226,6.92289,6.90233,6.92023,15141.0,6.9194,15141
2026-03-26 21:00:00,6.92023,6.92023,6.87554,6.91518,1402.0,6.9152,1402
2026-03-26 22:00:00,6.91353,6.9197,6.91292,6.91613,1770.0,6.9153,1770
2026-03-26 23:00:00,6.91465,6.91974,6.91428,6.91879,2088.0,6.9166,2088
2026-03-27 00:00:00,6.91905,6.92298,6.9176,6.91956,8679.0,6.92,8679
2026-03-27 01:00:00,6.91952,6.92187,6.91526,6.91769,7848.0,6.9183,7848
2026-03-27 02:00:00,6.91766,6.92123,6.915,6.91836,13155.0,6.9187,13155
2026-03-27 03:00:00,6.91854,6.91917,6.91726,6.91817,10070.0,6.9183,10070
2026-03-27 04:00:00,6.91817,6.91933,6.9173,6.91815,7692.0,6.9186,7692
2026-03-27 05:00:00,6.91814,6.91834,6.91542,6.91716,13085.0,6.9167,13085
2026-03-27 06:00:00,6.9173,6.91905,6.91695,6.9184,11993.0,6.9183,11993
2026-03-27 07:00:00,6.91834,6.91915,6.9152,6.91764,14855.0,6.9174,14855
2026-03-27 08:00:00,6.91767,6.92005,6.91586,6.9184,17539.0,6.9179,17539
2026-03-27 09:00:00,6.9184,6.91973,6.91392,6.91488,15936.0,6.9169,15936
2026-03-27 10:00:00,6.91485,6.91792,6.91351,6.9176,14604.0,6.9158,14604
2026-03-27 11:00:00,6.9176,6.92074,6.91671,6.92057,14002.0,6.9181,14002
2026-03-27 12:00:00,6.92045,6.92239,6.9196,6.92117,15418.0,6.9211,15418
2026-03-27 13:00:00,6.92114,6.92365,6.92003,6.92262,18558.0,6.922,18558
2026-03-27 14:00:00,6.92257,6.92355,6.91839,6.91946,19791.0,6.9211,19791
2026-03-27 15:00:00,6.91947,6.92025,6.91354,6.9157,20603.0,6.9167,20603
2026-03-27 16:00:00,6.91564,6.91856,6.91369,6.91755,16385.0,6.9165,16385
2026-03-27 17:00:00,6.91765,6.92174,6.91361,6.92005,14437.0,6.9196,14437
2026-03-27 18:00:00,6.92027,6.92142,6.91824,6.91956,12682.0,6.92,12682
2026-03-27 19:00:00,6.91939,6.92203,6.9191,6.91949,12173.0,6.9201,12173
2026-03-27 20:00:00,6.91971,6.9219,6.88064,6.91271,11245.0,6.9196,11245
2026-03-29 21:00:00,6.91429,6.91645,6.91227,6.91645,516.0,6.9149,516
2026-03-29 22:00:00,6.91629,6.91975,6.91406,6.91859,1517.0,6.9183,1517
2026-03-29 23:00:00,6.91859,6.92322,6.91805,6.92249,4273.0,6.9211,4273
2026-03-30 00:00:00,6.92246,6.92384,6.91353,6.91807,11314.0,6.9198,11314
2026-03-30 01:00:00,6.91808,6.92685,6.91729,6.92557,18487.0,6.922,18487
2026-03-30 02:00:00,6.9254,6.92645,6.92239,6.92401,15281.0,6.9247,15281
2026-03-30 03:00:00,6.92405,6.92418,6.91335,6.91442,15062.0,6.918,15062
2026-03-30 04:00:00,6.91442,6.91455,6.91207,6.9134,10185.0,6.9132,10185
2026-03-30 05:00:00,6.91329,6.91537,6.91092,6.91134,13104.0,6.9137,13104
2026-03-30 06:00:00,6.91126,6.91293,6.9086,6.91168,15746.0,6.911,15746
2026-03-30 07:00:00,6.91168,6.91806,6.91168,6.91729,17502.0,6.9158,17502
2026-03-30 08:00:00,6.9173,6.91895,6.91605,6.91721,14895.0,6.9177,14895
2026-03-30 09:00:00,6.91709,6.9186,6.91496,6.91607,14966.0,6.9165,14966
2026-03-30 10:00:00,6.91595,6.91831,6.9155,6.91747,11486.0,6.9167,11486
2026-03-30 11:00:00,6.91746,6.9189,6.91468,6.91873,14782.0,6.9175,14782
2026-03-30 12:00:00,6.91874,6.91965,6.916,6.9163,15805.0,6.9177,15805
2026-03-30 13:00:00,6.91621,6.9195,6.91499,6.91876,18638.0,6.9169,18638
2026-03-30 14:00:00,6.91848,6.92105,6.91717,6.91789,20000.0,6.9194,20000
2026-03-30 15:00:00,6.91798,6.92031,6.9163,6.91754,17620.0,6.9183,17620
2026-03-30 16:00:00,6.91754,6.9192,6.91626,6.91657,13854.0,6.9175,13854
2026-03-30 17:00:00,6.91657,6.91756,6.91037,6.91682,14018.0,6.9164,14018
2026-03-30 18:00:00,6.9169,6.91719,6.915,6.91634,14189.0,6.9163,14189
2026-03-30 19:00:00,6.91647,6.91823,6.9155,6.91609,14611.0,6.9171,14611
2026-03-30 20:00:00,6.91594,6.91707,6.91423,6.91656,6893.0,6.9162,6893
2026-03-30 21:00:00,6.91656,6.91702,6.91291,6.91625,1018.0,6.9149,1018
2026-03-30 22:00:00,6.91395,6.91648,6.91321,6.91445,1716.0,6.9146,1716
2026-03-30 23:00:00,6.91499,6.91967,6.91445,6.91784,4769.0,6.9178,4769
2026-03-31 00:00:00,6.9176,6.9215,6.9139,6.91611,8787.0,6.9179,8787
2026-03-31 01:00:00,6.91621,6.91788,6.90545,6.90815,19782.0,6.9114,19782
2026-03-31 02:00:00,6.90808,6.91097,6.90674,6.9104,16737.0,6.9089,16737
2026-03-31 03:00:00,6.91028,6.91536,6.91022,6.91494,11437.0,6.9129,11437
2026-03-31 04:00:00,6.91494,6.91653,6.91427,6.91562,9142.0,6.9154,9142
2026-03-31 05:00:00,6.91559,6.91666,6.91244,6.91375,12796.0,6.9146,12796
2026-03-31 06:00:00,6.91373,6.9147,6.91036,6.91095,15651.0,6.9126,15651
2026-03-31 07:00:00,6.91085,6.91328,6.91057,6.91103,16207.0,6.9118,16207
2026-03-31 08:00:00,6.911,6.913,6.90955,6.9118,14746.0,6.9112,14746
2026-03-31 09:00:00,6.9118,6.91392,6.91052,6.9131,14664.0,6.9123,14664
2026-03-31 10:00:00,6.91306,6.91592,6.91222,6.9154,12183.0,6.914,12183
2026-03-31 11:00:00,6.91541,6.9159,6.90505,6.90539,18069.0,6.9101,18069
2026-03-31 12:00:00,6.90554,6.90585,6.8992,6.90179,19643.0,6.9026,19643
2026-03-31 13:00:00,6.90168,6.9025,6.89626,6.89712,19017.0,6.8999,19017
2026-03-31 14:00:00,6.89684,6.90725,6.89627,6.90712,21005.0,6.8994,21005
2026-03-31 15:00:00,6.90725,6.90753,6.89876,6.90334,19746.0,6.9022,19746
2026-03-31 16:00:00,6.90335,6.90377,6.89409,6.89747,18614.0,6.9004,18614
2026-03-31 17:00:00,6.89745,6.89774,6.8886,6.89211,21123.0,6.8916,21123
2026-03-31 18:00:00,6.89173,6.8925,6.88965,6.89073,17350.0,6.891,17350
2026-03-31 19:00:00,6.89055,6.89159,6.8865,6.88752,13528.0,6.8895,13528
2026-03-31 20:00:00,6.88769,6.88845,6.88292,6.88842,9924.0,6.8867,9924
2026-03-31 21:00:00,6.88842,6.8904,6.87517,6.88503,745.0,6.8862,745
2026-03-31 22:00:00,6.88495,6.88818,6.88408,6.88505,1431.0,6.8859,1431
2026-03-31 23:00:00,6.88599,6.88797,6.8826,6.88345,3279.0,6.8857,3279
2026-04-01 00:00:00,6.88357,6.88515,6.88097,6.88214,6340.0,6.8829,6340
2026-04-01 01:00:00,6.88236,6.88981,6.8821,6.88595,17910.0,6.8864,17910
2026-04-01 02:00:00,6.88584,6.8884,6.88233,6.88495,14089.0,6.8856,14089
2026-04-01 03:00:00,6.88489,6.88865,6.8828,6.88815,11437.0,6.8858,11437
2026-04-01 04:00:00,6.88815,6.88947,6.8873,6.88816,8078.0,6.8886,8078
2026-04-01 05:00:00,6.88818,6.88845,6.88437,6.88575,12426.0,6.8863,12426
2026-04-01 06:00:00,6.88587,6.88649,6.87461,6.87506,19306.0,6.8804,19306
2026-04-01 07:00:00,6.8751,6.88055,6.8726,6.88029,20290.0,6.8764,20290
2026-04-01 08:00:00,6.88028,6.88085,6.87301,6.87632,19051.0,6.8765,19051
2026-04-01 09:00:00,6.87619,6.87875,6.87402,6.87436,17240.0,6.8763,17240
2026-04-01 10:00:00,6.8743,6.87835,6.87386,6.87567,15159.0,6.876,15159
2026-04-01 11:00:00,6.87582,6.87703,6.87368,6.87429,13988.0,6.8754,13988
2026-04-01 12:00:00,6.87416,6.8794,6.8672,6.87837,18339.0,6.8765,18339
2026-04-01 13:00:00,6.87828,6.88055,6.87515,6.87564,20418.0,6.8777,20418
2026-04-01 14:00:00,6.87565,6.87764,6.87194,6.8733,21039.0,6.8747,21039
2026-04-01 15:00:00,6.8732,6.87785,6.87234,6.87542,16969.0,6.8754,16969
2026-04-01 16:00:00,6.87529,6.87578,6.87096,6.87138,14692.0,6.8736,14692
2026-04-01 17:00:00,6.87134,6.8762,6.87066,6.87594,13486.0,6.8735,13486
2026-04-01 18:00:00,6.8759,6.88018,6.87567,6.879,16309.0,6.8784,16309
2026-04-01 19:00:00,6.87901,6.88063,6.87794,6.87926,12522.0,6.8792,12522
2026-04-01 20:00:00,6.8791,6.87961,6.87621,6.87802,5628.0,6.8783,5628
2026-04-01 21:00:00,6.87802,6.87931,6.85384,6.8789,576.0,6.877,576
2026-04-01 22:00:00,6.87697,6.87954,6.87555,6.87654,1225.0,6.8777,1225
2026-04-01 23:00:00,6.87648,6.87752,6.87531,6.87691,2053.0,6.8763,2053
2026-04-02 00:00:00,6.8765,6.87818,6.87388,6.87578,6479.0,6.8766,6479
2026-04-02 01:00:00,6.87571,6.88858,6.87192,6.88622,21600.0,6.8823,21600
2026-04-02 02:00:00,6.88629,6.88749,6.88385,6.88679,17610.0,6.8858,17610
2026-04-02 03:00:00,6.88679,6.88945,6.88607,6.8887,12671.0,6.8874,12671
2026-04-02 04:00:00,6.8887,6.89024,6.8879,6.88839,11271.0,6.8893,11271
2026-04-02 05:00:00,6.88839,6.89255,6.8876,6.89238,13536.0,6.8896,13536
2026-04-02 06:00:00,6.89232,6.8932,6.88919,6.88957,17894.0,6.8911,17894
2026-04-02 07:00:00,6.88946,6.89766,6.889,6.89405,18378.0,6.8938,18378
2026-04-02 08:00:00,6.89392,6.89971,6.89353,6.89895,16117.0,6.8976,16117
2026-04-02 09:00:00,6.89898,6.90083,6.8972,6.89779,13440.0,6.8995,13440
2026-04-02 10:00:00,6.89772,6.90355,6.8974,6.90318,14107.0,6.9012,14107
2026-04-02 11:00:00,6.90327,6.9042,6.9021,6.90286,13608.0,6.903,13608
2026-04-02 12:00:00,6.9029,6.9032,6.8973,6.8996,17764.0,6.9,17764
2026-04-02 13:00:00,6.8997,6.90225,6.89628,6.89645,19458.0,6.8996,19458
2026-04-02 14:00:00,6.89633,6.89727,6.8765,6.89144,20385.0,6.8938,20385
2026-04-02 15:00:00,6.89145,6.89235,6.88799,6.8896,19424.0,6.8899,19424
2026-04-02 16:00:00,6.88937,6.8909,6.8883,6.89053,16001.0,6.8897,16001
2026-04-02 17:00:00,6.89061,6.89099,6.8881,6.88933,13614.0,6.8895,13614
2026-04-02 18:00:00,6.88914,6.89059,6.88883,6.89013,11102.0,6.8897,11102
2026-04-02 19:00:00,6.88996,6.89047,6.88839,6.88978,11728.0,6.8896,11728
2026-04-02 20:00:00,6.88953,6.88979,6.88704,6.88961,6133.0,6.8888,6133
2026-04-02 21:00:00,6.88961,6.89037,6.86728,6.89001,426.0,6.8881,426
2026-04-02 22:00:00,6.88714,6.89027,6.88438,6.88771,429.0,6.8885,429
2026-04-02 23:00:00,6.88839,6.89024,6.88719,6.88889,1961.0,6.8887,1961
2026-04-03 00:00:00,6.88886,6.88964,6.88556,6.8876,2816.0,6.8873,2816
2026-04-03 01:00:00,6.88741,6.88931,6.88221,6.88269,8088.0,6.8868,8088
2026-04-03 02:00:00,6.88276,6.88575,6.88094,6.88376,6900.0,6.8835,6900
2026-04-03 03:00:00,6.88361,6.88447,6.88182,6.88381,3972.0,6.8835,3972
2026-04-03 04:00:00,6.88363,6.88506,6.8833,6.88449,4474.0,6.8842,4474
2026-04-03 05:00:00,6.88438,6.88497,6.88218,6.88367,4666.0,6.8839,4666
2026-04-03 06:00:00,6.88359,6.88437,6.88021,6.88148,5451.0,6.8821,5451
2026-04-03 07:00:00,6.88157,6.88179,6.8784,6.88084,6249.0,6.8802,6249
2026-04-03 08:00:00,6.88101,6.88424,6.88064,6.88146,4777.0,6.8821,4777
2026-04-03 09:00:00,6.88165,6.8858,6.88146,6.88445,4832.0,6.8832,4832
2026-04-03 10:00:00,6.8843,6.88534,6.88301,6.88448,4193.0,6.8843,4193
2026-04-03 11:00:00,6.88454,6.8847,6.88216,6.88356,5235.0,6.8834,5235
2026-04-03 12:00:00,6.88331,6.88733,6.87488,6.88556,9987.0,6.8849,9987
2026-04-03 13:00:00,6.88542,6.88606,6.88302,6.88334,7031.0,6.8842,7031
2026-04-03 14:00:00,6.88335,6.88589,6.883,6.88472,5810.0,6.8843,5810
2026-04-03 15:00:00,6.88455,6.88558,6.88386,6.88481,9242.0,6.8844,9242
2026-04-03 16:00:00,6.88486,6.88595,6.88463,6.88579,6762.0,6.8854,6762
2026-04-03 17:00:00,6.88576,6.88686,6.88518,6.88672,6728.0,6.8861,6728
2026-04-03 18:00:00,6.88647,6.88763,6.88583,6.8868,4628.0,6.8868,4628
2026-04-03 19:00:00,6.88601,6.8872,6.88446,6.88556,9331.0,6.8865,9331
2026-04-03 20:00:00,6.88567,6.88685,6.87366,6.88643,7429.0,6.8854,7429
2026-04-05 21:00:00,6.868,6.87944,6.85719,6.87694,221.0,6.8729,221
2026-04-05 22:00:00,6.87895,6.8891,6.87694,6.88525,793.0,6.8839,793
2026-04-05 23:00:00,6.88566,6.88771,6.88394,6.8871,2810.0,6.8856,2810
2026-04-06 00:00:00,6.88714,6.88955,6.88632,6.88756,7126.0,6.8874,7126
2026-04-06 01:00:00,6.88781,6.88845,6.88514,6.88707,9735.0,6.8867,9735
2026-04-06 02:00:00,6.88702,6.88925,6.87901,6.88837,12943.0,6.8825,12943
2026-04-06 03:00:00,6.88858,6.89149,6.88524,6.88635,10742.0,6.8869,10742
2026-04-06 04:00:00,6.88635,6.88666,6.88406,6.88456,7743.0,6.885,7743
2026-04-06 05:00:00,6.88469,6.88514,6.883,6.88501,7437.0,6.8841,7437
2026-04-06 06:00:00,6.88508,6.88585,6.88217,6.8833,9599.0,6.8846,9599
2026-04-06 07:00:00,6.88342,6.8891,6.87567,6.87698,13428.0,6.8808,13428
2026-04-06 08:00:00,6.87692,6.87692,6.87376,6.87495,13441.0,6.8751,13441
2026-04-06 09:00:00,6.87487,6.87775,6.87356,6.87703,9747.0,6.8751,9747
2026-04-06 10:00:00,6.87735,6.88001,6.87603,6.87774,9882.0,6.8772,9882
2026-04-06 11:00:00,6.87753,6.8799,6.87685,6.87789,10743.0,6.8781,10743
2026-04-06 12:00:00,6.87788,6.87904,6.87529,6.87589,11154.0,6.8775,11154
2026-04-06 13:00:00,6.87603,6.87708,6.87194,6.87407,13303.0,6.8751,13303
2026-04-06 14:00:00,6.87324,6.8866,6.87095,6.87585,17379.0,6.8741,17379
2026-04-06 15:00:00,6.87572,6.87774,6.87501,6.87526,13260.0,6.8763,13260
2026-04-06 16:00:00,6.87507,6.87741,6.87408,6.87709,10671.0,6.8757,10671
2026-04-06 17:00:00,6.87708,6.8797,6.87524,6.87823,12529.0,6.878,12529
2026-04-06 18:00:00,6.87846,6.8891,6.87494,6.87592,12621.0,6.8765,12621
2026-04-06 19:00:00,6.87591,6.87821,6.87551,6.8778,8143.0,6.8771,8143
2026-04-06 20:00:00,6.87755,6.8781,6.87003,6.87592,4577.0,6.8762,4577
2026-04-06 21:00:00,6.87592,6.87592,6.85761,6.8712,1028.0,6.8738,1028
2026-04-06 22:00:00,6.87118,6.87655,6.86994,6.87381,2028.0,6.8734,2028
2026-04-06 23:00:00,6.87512,6.87648,6.87358,6.87616,2625.0,6.875,2625
2026-04-07 00:00:00,6.87611,6.87757,6.87503,6.87664,7078.0,6.8762,7078
2026-04-07 01:00:00,6.87682,6.88366,6.87469,6.88143,16562.0,6.8788,16562
2026-04-07 02:00:00,6.88122,6.8837,6.88006,6.88129,13170.0,6.8819,13170
2026-04-07 03:00:00,6.88124,6.88224,6.87963,6.87992,8742.0,6.8811,8742
2026-04-07 04:00:00,6.88002,6.88003,6.8759,6.87617,8776.0,6.8779,8776
2026-04-07 05:00:00,6.87623,6.87911,6.87536,6.87776,12313.0,6.8771,12313
2026-04-07 06:00:00,6.8777,6.87829,6.87435,6.87468,14558.0,6.8766,14558
2026-04-07 07:00:00,6.87469,6.87595,6.86807,6.86913,15374.0,6.8722,15374
2026-04-07 08:00:00,6.86903,6.86922,6.85646,6.85718,20084.0,6.8615,20084
2026-04-07 09:00:00,6.85715,6.8629,6.8565,6.86269,17303.0,6.8588,17303
2026-04-07 10:00:00,6.8627,6.86675,6.86148,6.86405,19028.0,6.8639,19028
2026-04-07 11:00:00,6.86409,6.86694,6.86328,6.86518,15977.0,6.8654,15977
2026-04-07 12:00:00,6.8649,6.86695,6.85924,6.86275,17596.0,6.8639,17596
2026-04-07 13:00:00,6.86275,6.86585,6.86141,6.8641,19839.0,6.8636,19839
2026-04-07 14:00:00,6.86389,6.86601,6.86242,6.8656,20200.0,6.8642,20200
2026-04-07 15:00:00,6.86559,6.86685,6.86223,6.86358,19019.0,6.8649,19019
2026-04-07 16:00:00,6.86356,6.86476,6.86071,6.86445,16893.0,6.8632,16893
2026-04-07 17:00:00,6.86429,6.8648,6.85984,6.86122,16248.0,6.8623,16248
2026-04-07 18:00:00,6.86124,6.86311,6.8591,6.86218,15173.0,6.8611,15173
2026-04-07 19:00:00,6.86218,6.86347,6.85545,6.85628,18576.0,6.8596,18576
2026-04-07 20:00:00,6.85628,6.85713,6.85292,6.85618,12432.0,6.855,12432
2026-04-07 21:00:00,6.85618,6.85618,6.85215,6.85275,835.0,6.8542,835
2026-04-07 22:00:00,6.85544,6.85546,6.84038,6.84471,2603.0,6.8495,2603
2026-04-07 23:00:00,6.8455,6.84742,6.82858,6.82868,5881.0,6.8367,5881
2026-04-08 00:00:00,6.82864,6.83956,6.82632,6.83803,10296.0,6.8349,10296
2026-04-08 01:00:00,6.83807,6.83991,6.8281,6.83258,19089.0,6.8326,19089
2026-04-08 02:00:00,6.83262,6.83527,6.8295,6.83164,16714.0,6.8324,16714
2026-04-08 03:00:00,6.83153,6.8338,6.82922,6.83182,15358.0,6.8317,15358
2026-04-08 04:00:00,6.83175,6.83226,6.829,6.82996,12862.0,6.8306,12862
2026-04-08 05:00:00,6.82996,6.83211,6.82285,6.82679,17779.0,6.8272,17779
2026-04-08 06:00:00,6.82679,6.82764,6.82129,6.82204,19677.0,6.8248,19677
2026-04-08 07:00:00,6.82208,6.82732,6.82169,6.82346,20134.0,6.8241,20134
2026-04-08 08:00:00,6.82346,6.83174,6.82273,6.828,19310.0,6.8263,19310
2026-04-08 09:00:00,6.82788,6.83065,6.8234,6.8297,17213.0,6.8265,17213
2026-04-08 10:00:00,6.82988,6.83127,6.8274,6.82833,15239.0,6.8291,15239
2026-04-08 11:00:00,6.82829,6.82985,6.82447,6.82518,18331.0,6.8269,18331
2026-04-08 12:00:00,6.82519,6.82816,6.81978,6.82177,19871.0,6.8233,19871
2026-04-08 13:00:00,6.82154,6.82838,6.82031,6.82586,20537.0,6.8246,20537
2026-04-08 14:00:00,6.82573,6.864,6.82372,6.82784,21538.0,6.826,21538
2026-04-08 15:00:00,6.82799,6.8319,6.8264,6.82823,19102.0,6.8285,19102
2026-04-08 16:00:00,6.82824,6.8301,6.8261,6.82648,16546.0,6.8284,16546
2026-04-08 17:00:00,6.82651,6.83022,6.8252,6.82977,15751.0,6.8286,15751
2026-04-08 18:00:00,6.82883,6.83665,6.82875,6.83646,16960.0,6.833,16960
2026-04-08 19:00:00,6.83647,6.8373,6.8308,6.83145,16070.0,6.8346,16070
2026-04-08 20:00:00,6.83146,6.8339,6.83023,6.83314,7066.0,6.8323,7066
2026-04-08 21:00:00,6.83314,6.83369,6.82886,6.83344,1041.0,6.8328,1041
2026-04-08 22:00:00,6.83205,6.83392,6.83189,6.83348,1317.0,6.8329,1317
2026-04-08 23:00:00,6.83277,6.83437,6.83234,6.83362,2753.0,6.8333,2753
2026-04-09 00:00:00,6.83362,6.83726,6.83207,6.83477,6170.0,6.8349,6170
2026-04-09 01:00:00,6.83483,6.84058,6.8337,6.83547,15678.0,6.8366,15678
2026-04-09 02:00:00,6.83549,6.8367,6.83116,6.8331,13208.0,6.8336,13208
2026-04-09 03:00:00,6.8332,6.83605,6.83259,6.83429,10109.0,6.8344,10109
2026-04-09 04:00:00,6.83441,6.83498,6.8305,6.83334,9029.0,6.8323,9029
2026-04-09 05:00:00,6.83333,6.83675,6.83208,6.83559,10821.0,6.8342,10821
2026-04-09 06:00:00,6.83559,6.83627,6.8312,6.83183,15864.0,6.8342,15864
2026-04-09 07:00:00,6.83183,6.84048,6.8302,6.8374,18182.0,6.836,18182
2026-04-09 08:00:00,6.8373,6.8417,6.83714,6.83844,16367.0,6.8393,16367
2026-04-09 09:00:00,6.83855,6.84005,6.83594,6.83863,13258.0,6.8379,13258
2026-04-09 10:00:00,6.83862,6.8405,6.83796,6.83945,11965.0,6.8392,11965
2026-04-09 11:00:00,6.83959,6.84005,6.8334,6.83468,13772.0,6.8367,13772
2026-04-09 12:00:00,6.83445,6.83882,6.83182,6.83718,15302.0,6.8369,15302
2026-04-09 13:00:00,6.8371,6.83765,6.83286,6.83553,17283.0,6.8356,17283
2026-04-09 14:00:00,6.83553,6.83885,6.83473,6.83617,19139.0,6.8365,19139
2026-04-09 15:00:00,6.8363,6.8389,6.83089,6.83096,18921.0,6.8342,18921
2026-04-09 16:00:00,6.83105,6.8317,6.82647,6.82888,16501.0,6.8287,16501
2026-04-09 17:00:00,6.82878,6.82897,6.82422,6.82598,14863.0,6.8258,14863
2026-04-09 18:00:00,6.82596,6.83074,6.82583,6.82984,16127.0,6.8294,16127
2026-04-09 19:00:00,6.83003,6.83017,6.82709,6.82828,13462.0,6.8283,13462
2026-04-09 20:00:00,6.82829,6.8294,6.82715,6.8281,5966.0,6.8284,5966
2026-04-09 21:00:00,6.8281,6.8299,6.82446,6.82923,738.0,6.8267,738
2026-04-09 22:00:00,6.82904,6.8297,6.82435,6.82833,1584.0,6.827,1584
2026-04-09 23:00:00,6.82755,6.83003,6.82727,6.82952,2258.0,6.8283,2258
2026-04-10 00:00:00,6.82952,6.83245,6.82952,6.8307,5278.0,6.831,5278
2026-04-10 01:00:00,6.83069,6.8343,6.8273,6.82907,13197.0,6.8317,13197
2026-04-10 02:00:00,6.82896,6.83274,6.82824,6.8311,12527.0,6.831,12527
2026-04-10 03:00:00,6.83103,6.8315,6.8293,6.83016,9239.0,6.8305,9239
2026-04-10 04:00:00,6.83025,6.83106,6.8288,6.83047,7446.0,6.8301,7446
2026-04-10 05:00:00,6.83046,6.8318,6.8297,6.83052,8796.0,6.8309,8796
2026-04-10 06:00:00,6.8305,6.83344,6.82856,6.83255,13414.0,6.8315,13414
2026-04-10 07:00:00,6.83245,6.8339,6.83009,6.83371,15005.0,6.8317,15005
2026-04-10 08:00:00,6.8339,6.83425,6.83132,6.83185,14949.0,6.8327,14949
2026-04-10 09:00:00,6.83174,6.83286,6.82716,6.8273,14225.0,6.8306,14225
2026-04-10 10:00:00,6.82727,6.82925,6.82594,6.82778,12403.0,6.8276,12403
2026-04-10 11:00:00,6.82767,6.82843,6.8252,6.82582,10601.0,6.8269,10601
2026-04-10 12:00:00,6.82577,6.82661,6.82093,6.8246,16693.0,6.8249,16693
2026-04-10 13:00:00,6.82443,6.82523,6.82166,6.82341,17403.0,6.8239,17403
2026-04-10 14:00:00,6.82343,6.82485,6.82111,6.82314,18504.0,6.8226,18504
2026-04-10 15:00:00,6.82334,6.8291,6.82135,6.82423,16708.0,6.8233,16708
2026-04-10 16:00:00,6.82427,6.82841,6.82357,6.82624,14810.0,6.8261,14810
2026-04-10 17:00:00,6.82609,6.8266,6.82484,6.82585,11220.0,6.8258,11220
2026-04-10 18:00:00,6.8258,6.82688,6.82356,6.82463,12536.0,6.8252,12536
2026-04-10 19:00:00,6.82463,6.82567,6.8241,6.82473,8469.0,6.8248,8469
2026-04-10 20:00:00,6.82472,6.8269,6.81451,6.82569,7510.0,6.8251,7510
2026-04-12 21:00:00,6.83336,6.83953,6.81602,6.83605,986.0,6.8364,986
2026-04-12 22:00:00,6.83556,6.84204,6.83453,6.8411,1659.0,6.8389,1659
2026-04-12 23:00:00,6.84152,6.84303,6.83796,6.83939,5948.0,6.8413,5948
2026-04-13 00:00:00,6.83946,6.84084,6.83443,6.83465,8050.0,6.8369,8050
2026-04-13 01:00:00,6.83457,6.83687,6.82967,6.83285,15611.0,6.8339,15611
2026-04-13 02:00:00,6.8327,6.83326,6.83062,6.83124,12769.0,6.832,12769
2026-04-13 03:00:00,6.83129,6.83277,6.83083,6.83107,8714.0,6.8317,8714
2026-04-13 04:00:00,6.83095,6.83164,6.83021,6.83143,6671.0,6.8309,6671
2026-04-13 05:00:00,6.83144,6.83207,6.83012,6.83088,10245.0,6.8312,10245
2026-04-13 06:00:00,6.83106,6.83241,6.8298,6.83163,15085.0,6.8311,15085
2026-04-13 07:00:00,6.83165,6.83447,6.83089,6.8334,15511.0,6.8326,15511
2026-04-13 08:00:00,6.83352,6.83449,6.8321,6.83278,13815.0,6.8331,13815
2026-04-13 09:00:00,6.8329,6.83382,6.82889,6.82911,13072.0,6.832,13072
2026-04-13 10:00:00,6.82896,6.83199,6.8272,6.83087,11760.0,6.8308,11760
2026-04-13 11:00:00,6.83085,6.83371,6.82912,6.83352,15072.0,6.8314,15072
2026-04-13 12:00:00,6.83351,6.83383,6.82863,6.82898,15635.0,6.8317,15635
2026-04-13 13:00:00,6.829,6.83024,6.8254,6.82778,17658.0,6.8288,17658
2026-04-13 14:00:00,6.82769,6.83008,6.82602,6.82655,19385.0,6.8274,19385
2026-04-13 15:00:00,6.82655,6.82942,6.8259,6.82669,17184.0,6.8278,17184
2026-04-13 16:00:00,6.8267,6.82788,6.82085,6.82246,18306.0,6.8243,18306
2026-04-13 17:00:00,6.82237,6.82262,6.81957,6.82094,13531.0,6.8209,13531
2026-04-13 18:00:00,6.82094,6.82121,6.8181,6.81839,12748.0,6.8199,12748
2026-04-13 19:00:00,6.81828,6.81859,6.8163,6.81826,10294.0,6.8174,10294
2026-04-13 20:00:00,6.8182,6.81952,6.81551,6.81933,5835.0,6.818,5835
2026-04-13 21:00:00,6.81933,6.82047,6.81533,6.81897,3240.0,6.8162,3240
2026-04-13 22:00:00,6.81645,6.81941,6.81622,6.81838,1875.0,6.818,1875
2026-04-13 23:00:00,6.81801,6.81881,6.81299,6.81549,3490.0,6.8157,3490
2026-04-14 00:00:00,6.81533,6.81795,6.81477,6.81554,6755.0,6.8164,6755
2026-04-14 01:00:00,6.81554,6.81831,6.81371,6.81629,15210.0,6.8164,15210
2026-04-14 02:00:00,6.81621,6.81884,6.8148,6.81639,11962.0,6.8168,11962
2026-04-14 03:00:00,6.81646,6.81741,6.8141,6.81502,9500.0,6.8161,9500
2026-04-14 04:00:00,6.81507,6.81521,6.81211,6.81351,7976.0,6.8135,7976
2026-04-14 05:00:00,6.81352,6.81736,6.81302,6.8155,11799.0,6.8155,11799
2026-04-14 06:00:00,6.8155,6.81726,6.81274,6.81319,15207.0,6.8152,15207
2026-04-14 07:00:00,6.81307,6.81478,6.81165,6.81401,17094.0,6.8135,17094
2026-04-14 08:00:00,6.81404,6.81502,6.812,6.81278,15314.0,6.8136,15314
2026-04-14 09:00:00,6.81285,6.81314,6.81048,6.81233,14372.0,6.8121,14372
2026-04-14 10:00:00,6.8125,6.81312,6.81021,6.81135,13744.0,6.8117,13744
2026-04-14 11:00:00,6.81121,6.81176,6.80737,6.80874,13141.0,6.8102,13141
2026-04-14 12:00:00,6.80873,6.81121,6.8079,6.80964,16972.0,6.8099,16972
2026-04-14 13:00:00,6.80944,6.81144,6.8073,6.80748,18479.0,6.8091,18479
2026-04-14 14:00:00,6.80759,6.80834,6.80568,6.8069,18341.0,6.8068,18341
2026-04-14 15:00:00,6.8069,6.81007,6.80661,6.8088,16481.0,6.8082,16481
2026-04-14 16:00:00,6.8086,6.824,6.8083,6.8102,11995.0,6.8095,11995
2026-04-14 17:00:00,6.81021,6.81054,6.80757,6.80926,10639.0,6.809,10639
2026-04-14 18:00:00,6.8093,6.81107,6.80855,6.81035,11391.0,6.8097,11391
2026-04-14 19:00:00,6.8105,6.81165,6.8096,6.81146,8104.0,6.8109,8104
2026-04-14 20:00:00,6.81129,6.81211,6.8088,6.81075,4244.0,6.8115,4244
2026-04-14 21:00:00,6.81075,6.81075,6.80798,6.8082,749.0,6.8095,749
2026-04-14 22:00:00,6.81038,6.81126,6.80792,6.81012,1430.0,6.8101,1430
2026-04-14 23:00:00,6.81025,6.81106,6.80833,6.80917,4034.0,6.8094,4034
2026-04-15 00:00:00,6.80917,6.81111,6.80835,6.80914,4784.0,6.8097,4784
2026-04-15 01:00:00,6.80923,6.81558,6.80608,6.81358,15751.0,6.8121,15751
2026-04-15 02:00:00,6.81358,6.81822,6.8129,6.81549,12976.0,6.8159,12976
2026-04-15 03:00:00,6.81547,6.81661,6.8138,6.81483,11332.0,6.815,11332
2026-04-15 04:00:00,6.81483,6.81571,6.8143,6.81485,6234.0,6.8151,6234
2026-04-15 05:00:00,6.81498,6.81536,6.8133,6.81438,12223.0,6.8145,12223
2026-04-15 06:00:00,6.81431,6.81619,6.8132,6.81544,14905.0,6.815,14905
2026-04-15 07:00:00,6.8156,6.81708,6.81457,6.81618,15681.0,6.8157,15681
2026-04-15 08:00:00,6.81601,6.81628,6.8136,6.81497,16095.0,6.815,16095
2026-04-15 09:00:00,6.81497,6.82073,6.81442,6.81799,16910.0,6.818,16910
2026-04-15 10:00:00,6.81799,6.82251,6.81657,6.81918,16821.0,6.8193,16821
2026-04-15 11:00:00,6.81928,6.82021,6.817,6.81785,14958.0,6.8187,14958
2026-04-15 12:00:00,6.81806,6.81981,6.8164,6.81746,16013.0,6.8178,16013
2026-04-15 13:00:00,6.81739,6.81785,6.81516,6.81703,16997.0,6.8167,16997
2026-04-15 14:00:00,6.81691,6.81766,6.81509,6.81659,17415.0,6.8164,17415
2026-04-15 15:00:00,6.8165,6.8187,6.81493,6.81809,16742.0,6.8165,16742
2026-04-15 16:00:00,6.81818,6.81847,6.8156,6.8161,14792.0,6.8169,14792
2026-04-15 17:00:00,6.81626,6.81864,6.81595,6.81845,10643.0,6.8173,10643
2026-04-15 18:00:00,6.81836,6.81874,6.8167,6.81698,12145.0,6.8175,12145
2026-04-15 19:00:00,6.81698,6.81761,6.81586,6.81703,8953.0,6.8166,8953
2026-04-15 20:00:00,6.817,6.81857,6.81523,6.81712,4822.0,6.8172,4822
2026-04-15 21:00:00,6.81712,6.81817,6.81468,6.81543,797.0,6.8161,797
2026-04-15 22:00:00,6.81535,6.81801,6.81504,6.81735,973.0,6.8168,973
2026-04-15 23:00:00,6.81655,6.81753,6.81434,6.81483,3104.0,6.816,3104
2026-04-16 00:00:00,6.81483,6.81492,6.8122,6.81332,4967.0,6.8137,4967
2026-04-16 01:00:00,6.81332,6.81719,6.81239,6.81543,14008.0,6.8152,14008
2026-04-16 02:00:00,6.81538,6.81635,6.81265,6.81408,14144.0,6.815,14144
2026-04-16 03:00:00,6.81413,6.81559,6.81313,6.81552,11209.0,6.8144,11209
2026-04-16 04:00:00,6.81553,6.81642,6.8143,6.81518,6418.0,6.8155,6418
2026-04-16 05:00:00,6.81503,6.81639,6.8141,6.81507,11029.0,6.8152,11029
2026-04-16 06:00:00,6.81523,6.81678,6.81425,6.81503,14111.0,6.8156,14111
2026-04-16 07:00:00,6.81502,6.81722,6.81376,6.81598,15166.0,6.8153,15166
2026-04-16 08:00:00,6.81612,6.81987,6.81558,6.81846,14548.0,6.8179,14548
2026-04-16 09:00:00,6.81853,6.82055,6.81818,6.81994,12578.0,6.8196,12578
2026-04-16 10:00:00,6.82002,6.82349,6.8194,6.82109,11323.0,6.8214,11323
2026-04-16 11:00:00,6.82119,6.82119,6.8186,6.82055,13001.0,6.8198,13001
2026-04-16 12:00:00,6.8206,6.82341,6.8199,6.82104,14604.0,6.8221,14604
2026-04-16 13:00:00,6.82104,6.82697,6.81983,6.82544,15907.0,6.822,15907
2026-04-16 14:00:00,6.82543,6.82603,6.82178,6.82438,19496.0,6.8236,19496
2026-04-16 15:00:00,6.82438,6.82462,6.81971,6.82085,16639.0,6.8218,16639
2026-04-16 16:00:00,6.82085,6.82431,6.8198,6.82318,15136.0,6.8219,15136
2026-04-16 17:00:00,6.82326,6.82466,6.8229,6.82329,13020.0,6.8237,13020
2026-04-16 18:00:00,6.8235,6.82367,6.82136,6.82251,13848.0,6.8226,13848
2026-04-16 19:00:00,6.82252,6.82307,6.8211,6.82224,10832.0,6.8222,10832
2026-04-16 20:00:00,6.82205,6.82294,6.82053,6.82269,5918.0,6.822,5918
2026-04-16 21:00:00,6.82269,6.824,6.81942,6.82264,707.0,6.822,707
2026-04-16 22:00:00,6.8197,6.82252,6.81942,6.82093,1519.0,6.8206,1519
2026-04-16 23:00:00,6.82027,6.82339,6.82027,6.82325,3974.0,6.8221,3974
2026-04-17 00:00:00,6.82308,6.82373,6.82026,6.82128,5135.0,6.8221,5135
2026-04-17 01:00:00,6.82127,6.82455,6.819,6.82273,12748.0,6.8226,12748
2026-04-17 02:00:00,6.82266,6.82655,6.82174,6.82518,10383.0,6.8248,10383
2026-04-17 03:00:00,6.82508,6.82577,6.8237,6.8247,7532.0,6.8249,7532
2026-04-17 04:00:00,6.82451,6.82549,6.8241,6.8248,5825.0,6.8248,5825
2026-04-17 05:00:00,6.82481,6.82554,6.82367,6.8245,9484.0,6.8249,9484
2026-04-17 06:00:00,6.82439,6.82667,6.8221,6.82647,14179.0,6.8246,14179
2026-04-17 07:00:00,6.82635,6.82969,6.8252,6.82689,15158.0,6.8274,15158
2026-04-17 08:00:00,6.82703,6.82809,6.8242,6.82469,14627.0,6.8265,14627
2026-04-17 09:00:00,6.82468,6.82556,6.82296,6.82359,13521.0,6.8242,13521
2026-04-17 10:00:00,6.82378,6.82513,6.82328,6.82448,11414.0,6.8243,11414
2026-04-17 11:00:00,6.82449,6.82569,6.82294,6.82365,11145.0,6.8241,11145
2026-04-17 12:00:00,6.82351,6.82389,6.8125,6.81281,16243.0,6.8197,16243
2026-04-17 13:00:00,6.81266,6.81644,6.80995,6.81268,21484.0,6.8128,21484
2026-04-17 14:00:00,6.81272,6.81491,6.8105,6.81259,20281.0,6.8123,20281
2026-04-17 15:00:00,6.81236,6.81704,6.81227,6.81499,19002.0,6.8152,19002
2026-04-17 16:00:00,6.81487,6.81568,6.8124,6.81337,13288.0,6.814,13288
2026-04-17 17:00:00,6.81338,6.81641,6.8126,6.81349,14814.0,6.8146,14814
2026-04-17 18:00:00,6.81357,6.81695,6.81272,6.8162,13137.0,6.8143,13137
2026-04-17 19:00:00,6.81639,6.81742,6.81523,6.81705,10982.0,6.8165,10982
2026-04-17 20:00:00,6.81706,6.81802,6.81344,6.81597,5666.0,6.817,5666
2026-04-19 21:00:00,6.82669,6.82817,6.82303,6.82652,831.0,6.826,831
2026-04-19 22:00:00,6.82653,6.82829,6.82435,6.82781,1677.0,6.8271,1677
2026-04-19 23:00:00,6.82762,6.82821,6.82477,6.82604,4111.0,6.8265,4111
2026-04-20 00:00:00,6.82589,6.82675,6.81921,6.82155,6776.0,6.822,6776
2026-04-20 01:00:00,6.82151,6.82429,6.8174,6.81892,16249.0,6.821,16249
2026-04-20 02:00:00,6.81893,6.81982,6.81676,6.81826,12531.0,6.8185,12531
2026-04-20 03:00:00,6.81841,6.81934,6.81726,6.81852,9084.0,6.8183,9084
2026-04-20 04:00:00,6.8185,6.81921,6.81775,6.81851,6572.0,6.8186,6572
2026-04-20 05:00:00,6.81846,6.82187,6.81793,6.81991,11391.0,6.8197,11391
2026-04-20 06:00:00,6.81982,6.82257,6.81893,6.81902,15275.0,6.8207,15275
2026-04-20 07:00:00,6.81898,6.82077,6.8171,6.82023,17101.0,6.8189,17101
2026-04-20 08:00:00,6.8203,6.82053,6.81806,6.819,14760.0,6.8193,14760
2026-04-20 09:00:00,6.81884,6.81902,6.81677,6.81678,13490.0,6.8182,13490
2026-04-20 10:00:00,6.81679,6.81797,6.81486,6.8152,11786.0,6.8168,11786
2026-04-20 11:00:00,6.81508,6.81668,6.81409,6.81489,13598.0,6.8155,13598
2026-04-20 12:00:00,6.81473,6.81841,6.81473,6.81517,15854.0,6.8167,15854
2026-04-20 13:00:00,6.81514,6.81822,6.81367,6.81459,19134.0,6.8157,19134
2026-04-20 14:00:00,6.81481,6.82031,6.81448,6.81699,19686.0,6.8162,19686
2026-04-20 15:00:00,6.81699,6.81822,6.81419,6.8157,17512.0,6.8162,17512
2026-04-20 16:00:00,6.81554,6.81695,6.8144,6.81554,12021.0,6.8157,12021
2026-04-20 17:00:00,6.81542,6.8166,6.8141,6.81565,11178.0,6.8156,11178
2026-04-20 18:00:00,6.81564,6.81673,6.8146,6.81632,11037.0,6.8156,11037
2026-04-20 19:00:00,6.81632,6.81642,6.8139,6.81473,8513.0,6.8149,8513
2026-04-20 20:00:00,6.81475,6.81583,6.8141,6.81577,4582.0,6.815,4582
2026-04-20 21:00:00,6.81577,6.81629,6.81433,6.81608,1605.0,6.8155,1605
2026-04-20 22:00:00,6.8148,6.81644,6.81448,6.8158,1075.0,6.8154,1075
2026-04-20 23:00:00,6.8154,6.81613,6.81461,6.81493,2846.0,6.8153,2846
2026-04-21 00:00:00,6.8148,6.81588,6.81256,6.81343,5242.0,6.8147,5242
2026-04-21 01:00:00,6.81342,6.81652,6.81214,6.81568,12464.0,6.8143,12464
2026-04-21 02:00:00,6.8156,6.81644,6.8131,6.81416,10024.0,6.8152,10024
2026-04-21 03:00:00,6.8141,6.81546,6.8137,6.8144,7680.0,6.8146,7680
2026-04-21 04:00:00,6.81439,6.81477,6.81361,6.814,5632.0,6.8143,5632
2026-04-21 05:00:00,6.81392,6.81417,6.81121,6.81342,10952.0,6.8127,10952
2026-04-21 06:00:00,6.81341,6.8146,6.8124,6.81335,13751.0,6.8136,13751
2026-04-21 07:00:00,6.81332,6.81583,6.81313,6.8153,13631.0,6.8145,13631
2026-04-21 08:00:00,6.81532,6.81781,6.81474,6.81631,12419.0,6.8163,12419
2026-04-21 09:00:00,6.81632,6.81867,6.8156,6.81662,11158.0,6.8172,11158
2026-04-21 10:00:00,6.81656,6.8179,6.8152,6.81615,10300.0,6.8165,10300
2026-04-21 11:00:00,6.81604,6.81813,6.8147,6.81545,9916.0,6.816,9916
2026-04-21 12:00:00,6.81538,6.81857,6.81497,6.81787,12609.0,6.8169,12609
2026-04-21 13:00:00,6.81795,6.81824,6.8153,6.81667,13412.0,6.8169,13412
2026-04-21 14:00:00,6.81656,6.8226,6.8154,6.82249,15180.0,6.8183,15180
2026-04-21 15:00:00,6.82239,6.82513,6.82022,6.82463,16629.0,6.8229,16629
2026-04-21 16:00:00,6.82446,6.82761,6.82359,6.82729,12571.0,6.8257,12571
2026-04-21 17:00:00,6.82725,6.83239,6.8229,6.82699,16709.0,6.8286,16709
2026-04-21 18:00:00,6.82699,6.83111,6.82549,6.82867,13854.0,6.8287,13854
2026-04-21 19:00:00,6.82863,6.83322,6.82616,6.83226,16636.0,6.8293,16636
2026-04-21 20:00:00,6.83226,6.83334,6.82511,6.82837,11550.0,6.8283,11550
2026-04-21 21:00:00,6.82837,6.82976,6.821,6.82221,1771.0,6.8246,1771
2026-04-21 22:00:00,6.82216,6.82865,6.821,6.82635,1447.0,6.8261,1447
2026-04-21 23:00:00,6.82699,6.82846,6.8245,6.82524,3382.0,6.8261,3382
2026-04-22 00:00:00,6.82507,6.82559,6.82191,6.82547,5669.0,6.8236,5669
2026-04-22 01:00:00,6.82544,6.82653,6.8226,6.82312,12636.0,6.8245,12636
2026-04-22 02:00:00,6.82311,6.82561,6.8222,6.82516,8785.0,6.8235,8785
2026-04-22 03:00:00,6.82517,6.82631,6.8232,6.82481,7803.0,6.825,7803
2026-04-22 04:00:00,6.82477,6.82489,6.8229,6.82453,5008.0,6.8241,5008
2026-04-22 05:00:00,6.82446,6.82492,6.82174,6.82342,10939.0,6.823,10939
2026-04-22 06:00:00,6.82344,6.82501,6.82263,6.82454,11085.0,6.8238,11085
2026-04-22 07:00:00,6.82454,6.82462,6.82147,6.82297,12377.0,6.823,12377
2026-04-22 08:00:00,6.82284,6.82571,6.8219,6.82481,11441.0,6.8239,11441
2026-04-22 09:00:00,6.82472,6.82721,6.8238,6.82664,9962.0,6.8252,9962
2026-04-22 10:00:00,6.82684,6.82886,6.82603,6.82688,10429.0,6.8274,10429
2026-04-22 11:00:00,6.82692,6.82864,6.8251,6.82821,11330.0,6.8268,11330
2026-04-22 12:00:00,6.8282,6.83003,6.82669,6.82971,12835.0,6.8287,12835
2026-04-22 13:00:00,6.82972,6.82984,6.8252,6.82756,15711.0,6.8273,15711
2026-04-22 14:00:00,6.82756,6.83111,6.8242,6.83098,15818.0,6.8287,15818
2026-04-22 15:00:00,6.83094,6.8315,6.82918,6.83073,13946.0,6.8305,13946
2026-04-22 16:00:00,6.83063,6.83181,6.83012,6.83172,11238.0,6.8312,11238
2026-04-22 17:00:00,6.83174,6.83237,6.8299,6.8317,10855.0,6.8314,10855
2026-04-22 18:00:00,6.8317,6.83281,6.8308,6.8319,8789.0,6.832,8789
2026-04-22 19:00:00,6.8319,6.83293,6.8316,6.83278,7494.0,6.8324,7494
2026-04-22 20:00:00,6.83262,6.83312,6.83025,6.83179,5315.0,6.8324,5315
2026-04-22 21:00:00,6.83179,6.83191,6.82951,6.83036,2839.0,6.8306,2839
2026-04-22 22:00:00,6.83045,6.83118,6.82983,6.83091,1459.0,6.8305,1459
2026-04-22 23:00:00,6.8303,6.83171,6.82924,6.82944,2403.0,6.8306,2403
2026-04-23 00:00:00,6.82951,6.83297,6.8273,6.82817,6974.0,6.8292,6974
2026-04-23 01:00:00,6.82821,6.82907,6.82581,6.8271,11976.0,6.8276,11976
2026-04-23 02:00:00,6.82711,6.83698,6.82684,6.83695,13441.0,6.8326,13441
2026-04-23 03:00:00,6.83697,6.8379,6.8347,6.83579,10129.0,6.8363,10129
2026-04-23 04:00:00,6.83572,6.83629,6.8341,6.83423,5999.0,6.8351,5999
2026-04-23 05:00:00,6.83423,6.83512,6.8319,6.83237,7621.0,6.8339,7621
2026-04-23 06:00:00,6.8324,6.83412,6.8306,6.83382,10711.0,6.8324,10711
2026-04-23 07:00:00,6.83388,6.83753,6.83228,6.83529,14080.0,6.8352,14080
2026-04-23 08:00:00,6.83529,6.83806,6.83422,6.837,12016.0,6.8365,12016
2026-04-23 09:00:00,6.83702,6.83873,6.8356,6.83677,13003.0,6.8372,13003
2026-04-23 10:00:00,6.83672,6.83803,6.8361,6.83707,10463.0,6.8371,10463
2026-04-23 11:00:00,6.837,6.83747,6.83175,6.83214,13148.0,6.8354,13148
2026-04-23 12:00:00,6.83201,6.83357,6.8296,6.83053,14890.0,6.8316,14890
2026-04-23 13:00:00,6.83056,6.83314,6.82985,6.83241,14598.0,6.8316,14598
2026-04-23 14:00:00,6.83233,6.83425,6.8286,6.83002,14866.0,6.8312,14866
2026-04-23 15:00:00,6.82995,6.83246,6.8269,6.83087,13562.0,6.8298,13562
2026-04-23 16:00:00,6.83094,6.8317,6.8293,6.83034,10456.0,6.8307,10456
2026-04-23 17:00:00,6.83026,6.83941,6.82998,6.83338,19339.0,6.8356,19339
2026-04-23 18:00:00,6.83322,6.83441,6.83151,6.83399,14590.0,6.8327,14590
2026-04-23 19:00:00,6.83401,6.83565,6.83383,6.8349,11779.0,6.8346,11779
2026-04-23 20:00:00,6.8348,6.83661,6.83347,6.83611,5893.0,6.8355,5893
2026-04-23 21:00:00,6.83611,6.83611,6.82704,6.83215,768.0,6.8332,768
2026-04-23 22:00:00,6.834,6.83683,6.83144,6.83387,1711.0,6.8337,1711
2026-04-23 23:00:00,6.83387,6.83576,6.8334,6.83443,2634.0,6.8344,2634
2026-04-24 00:00:00,6.83453,6.83562,6.83346,6.83392,5655.0,6.8346,5655
2026-04-24 01:00:00,6.833740000000001,6.83956,6.83187,6.8371,12082.0,6.8358,12082
2026-04-24 02:00:00,6.83704,6.839219999999999,6.8358,6.83875,10289.0,6.8374,10289
2026-04-24 03:00:00,6.83872,6.84027,6.837699999999999,6.83841,8924.0,6.839,8924
2026-04-24 04:00:00,6.83835,6.83857,6.8363000000000005,6.837009999999999,7028.0,6.8375,7028
2026-04-24 05:00:00,6.83685,6.83773,6.836099999999999,6.8364,8036.0,6.837,8036
2026-04-24 06:00:00,6.836499999999999,6.83924,6.835,6.838940000000001,11388.0,6.8369,11388
2026-04-24 07:00:00,6.83894,6.83993,6.83457,6.83532,11703.0,6.8373,11703
2026-04-24 08:00:00,6.83535,6.83767,6.83453,6.835190000000001,12369.0,6.8361,12369
2026-04-24 09:00:00,6.83519,6.83944,6.83457,6.83769,10750.0,6.8373,10750
2026-04-24 10:00:00,6.83769,6.83881,6.83495,6.83512,8848.0,6.8374,8848
2026-04-24 11:00:00,6.83505,6.83612,6.8303,6.83204,15168.0,6.8331,15168
2026-04-24 12:00:00,6.831849999999999,6.8366,6.8309,6.83437,13917.0,6.8333,13917
2026-04-24 13:00:00,6.83436,6.83662,6.83239,6.83458,15007.0,6.8347,15007
2026-04-24 14:00:00,6.83455,6.83582,6.83228,6.8346,17448.0,6.8342,17448
2026-04-24 15:00:00,6.83474,6.83674,6.83208,6.83271,14427.0,6.8345,14427
2026-04-24 16:00:00,6.83256,6.83421,6.8321,6.832940000000001,11438.0,6.8334,11438
2026-04-24 17:00:00,6.83292,6.83426,6.8321,6.83393,10906.0,6.8333,10906
2026-04-24 18:00:00,6.83391,6.83508,6.8332,6.83397,9016.0,6.8343,9016
2026-04-24 19:00:00,6.833889999999999,6.834969999999999,6.8332,6.8333900000000005,8126.0,6.8343,8126
2026-04-24 20:00:00,6.83355,6.83455,6.83109,6.83374,4381.0,6.8336,4381
2026-04-26 21:00:00,6.83602,6.836270000000001,6.83382,6.836099999999999,304.0,6.836,304
2026-04-26 22:00:00,6.836060000000001,6.837820000000001,6.83602,6.83717,1187.0,6.8373,1187
2026-04-26 23:00:00,6.83709,6.838430000000001,6.83676,6.83745,2394.0,6.8377,2394
2026-04-27 00:00:00,6.8371900000000005,6.83764,6.834099999999999,6.835030000000001,4551.0,6.836,4551
2026-04-27 01:00:00,6.83476,6.835420000000001,6.82545,6.8284,12754.0,6.8286,12754
2026-04-27 02:00:00,6.828339999999999,6.829969999999999,6.82744,6.82803,9009.0,6.8285,9009
2026-04-27 03:00:00,6.82804,6.828670000000001,6.827420000000001,6.82776,7679.0,6.8281,7679
2026-04-27 04:00:00,6.82788,6.82909,6.82747,6.8289100000000005,5534.0,6.8282,5534
2026-04-27 05:00:00,6.82892,6.831049999999999,6.8282,6.83023,8663.0,6.8297,8663
2026-04-27 06:00:00,6.83021,6.83126,6.827939999999999,6.82841,10499.0,6.8299,10499
2026-04-27 07:00:00,6.82841,6.82853,6.82468,6.82524,12103.0,6.8271,12103
2026-04-27 08:00:00,6.82524,6.82581,6.8211,6.82155,13504.0,6.8235,13504
2026-04-27 09:00:00,6.82149,6.823569999999999,6.82054,6.82152,10765.0,6.8222,10765
2026-04-27 10:00:00,6.82152,6.82279,6.81913,6.819369999999999,9775.0,6.8208,9775
2026-04-27 11:00:00,6.81927,6.82352,6.81911,6.82304,11616.0,6.8218,11616
2026-04-27 12:00:00,6.82291,6.82422,6.82165,6.82394,12315.0,6.8229,12315
2026-04-27 13:00:00,6.82396,6.82455,6.8215,6.823500000000001,14390.0,6.8232,14390
2026-04-27 14:00:00,6.82352,6.8253,6.8223,6.82428,14042.0,6.8238,14042
2026-04-27 15:00:00,6.82424,6.82659,6.82408,6.826350000000001,13477.0,6.8258,13477
2026-04-27 16:00:00,6.826339999999999,6.826979999999999,6.825500000000001,6.82678,8895.0,6.8264,8895
2026-04-27 17:00:00,6.8266,6.82797,6.825900000000001,6.826849999999999,8511.0,6.8271,8511
2026-04-27 18:00:00,6.82673,6.82752,6.825900000000001,6.82718,7278.0,6.8269,7278
2026-04-27 19:00:00,6.827190000000001,6.82785,6.826,6.82707,7281.0,6.827,7281
2026-04-27 20:00:00,6.82707,6.82733,6.823900000000001,6.826339999999999,4040.0,6.8265,4040
2026-04-27 21:00:00,6.826339999999999,6.8264,6.82291,6.82365,621.0,6.825,621
2026-04-27 22:00:00,6.82365,6.82621,6.82341,6.82604,1065.0,6.8254,1065
2026-04-27 23:00:00,6.82525,6.82586,6.8236,6.82512,3182.0,6.8246,3182
2026-04-28 00:00:00,6.825139999999999,6.82645,6.82388,6.825219999999999,5233.0,6.8254,5233
2026-04-28 01:00:00,6.82532,6.82972,6.82495,6.82956,10280.0,6.8276,10280
2026-04-28 02:00:00,6.82957,6.83195,6.8288,6.83128,10302.0,6.8304,10302
2026-04-28 03:00:00,6.83137,6.8314200000000005,6.827939999999999,6.82954,9136.0,6.8293,9136
2026-04-28 04:00:00,6.82955,6.830140000000001,6.82881,6.83004,6279.0,6.8294,6279
2026-04-28 05:00:00,6.82976,6.833089999999999,6.8296,6.832750000000001,11000.0,6.8316,11000
2026-04-28 06:00:00,6.832809999999999,6.83705,6.83205,6.83592,14017.0,6.8346,14017
2026-04-28 07:00:00,6.836,6.837470000000001,6.83459,6.83725,14323.0,6.8359,14323
2026-04-28 08:00:00,6.83711,6.839340000000001,6.83658,6.83791,13603.0,6.838,13603
2026-04-28 09:00:00,6.83793,6.84048,6.837180000000001,6.83772,12972.0,6.8387,12972
2026-04-28 10:00:00,6.837820000000001,6.84,6.83715,6.83853,11917.0,6.8386,11917
2026-04-28 11:00:00,6.83853,6.84266,6.83805,6.84165,13974.0,6.8404,13974
2026-04-28 12:00:00,6.84182,6.84256,6.838499999999999,6.83926,16665.0,6.841,16665
2026-04-28 13:00:00,6.839340000000001,6.84173,6.8371,6.83804,16842.0,6.8392,16842
2026-04-28 14:00:00,6.83795,6.842350000000001,6.837859999999999,6.84005,18383.0,6.8401,18383
2026-04-28 15:00:00,6.83992,6.84027,6.836329999999999,6.836739999999999,14915.0,6.8387,14915
2026-04-28 16:00:00,6.836899999999999,6.84106,6.83664,6.84015,11306.0,6.8392,11306
2026-04-28 17:00:00,6.84009,6.840529999999999,6.83808,6.83863,11618.0,6.8393,11618
2026-04-28 18:00:00,6.8386,6.83992,6.8378,6.83952,10046.0,6.8389,10046
2026-04-28 19:00:00,6.83965,6.84012,6.83828,6.8396,7289.0,6.8394,7289
2026-04-28 20:00:00,6.83954,6.8404,6.8386,6.83999,4049.0,6.8395,4049
2026-04-28 21:00:00,6.83999,6.84015,6.83621,6.83689,1325.0,6.8384,1325
2026-04-28 22:00:00,6.836860000000001,6.83886,6.83614,6.83687,1297.0,6.8372,1297
2026-04-28 23:00:00,6.836390000000001,6.837059999999999,6.835500000000001,6.83608,2131.0,6.8363,2131
2026-04-29 00:00:00,6.835980000000001,6.83728,6.83456,6.835980000000001,3373.0,6.8359,3373
2026-04-29 01:00:00,6.83614,6.8389500000000005,6.834179999999999,6.835859999999999,13309.0,6.8369,13309
2026-04-29 02:00:00,6.83573,6.84233,6.834499999999999,6.83912,11873.0,6.8385,11873
2026-04-29 03:00:00,6.8390200000000005,6.83921,6.836099999999999,6.83737,8258.0,6.8374,8258
2026-04-29 04:00:00,6.83733,6.837630000000001,6.836099999999999,6.836950000000001,5078.0,6.8372,5078
2026-04-29 05:00:00,6.83699,6.840380000000001,6.83672,6.83857,7899.0,6.8384,7899
2026-04-29 06:00:00,6.838380000000001,6.8386,6.83291,6.833779999999999,12718.0,6.8361,12718
2026-04-29 07:00:00,6.83375,6.83421,6.8304,6.83292,14183.0,6.8325,14183
2026-04-29 08:00:00,6.83306,6.83648,6.832,6.83533,13963.0,6.8351,13963
2026-04-29 09:00:00,6.83524,6.8376600000000005,6.834499999999999,6.83711,11197.0,6.8363,11197
2026-04-29 10:00:00,6.83712,6.8376600000000005,6.8346,6.83527,8775.0,6.8359,8775
2026-04-29 11:00:00,6.83512,6.83676,6.8348,6.836099999999999,11522.0,6.8359,11522
2026-04-29 12:00:00,6.83618,6.83908,6.83461,6.838769999999999,11832.0,6.837,11832
2026-04-29 13:00:00,6.838780000000001,6.84237,6.83789,6.841830000000001,14631.0,6.8404,14631
2026-04-29 14:00:00,6.84199,6.843660000000001,6.84,6.84097,15616.0,6.8418,15616
2026-04-29 15:00:00,6.84096,6.84421,6.84035,6.84304,15305.0,6.8419,15305
2026-04-29 16:00:00,6.8429400000000005,6.845129999999999,6.84187,6.844780000000001,13143.0,6.8438,13143
2026-04-29 17:00:00,6.84454,6.84601,6.84316,6.8442,12272.0,6.8451,12272
2026-04-29 18:00:00,6.84372,6.8488,6.84308,6.84832,16400.0,6.8469,16400
2026-04-29 19:00:00,6.84811,6.84924,6.8463,6.84811,13762.0,6.8481,13762
2026-04-29 20:00:00,6.84815,6.84879,6.846380000000001,6.84761,8099.0,6.848,8099
2026-04-29 21:00:00,6.84761,6.84761,6.841139999999999,6.84328,911.0,6.8437,911
2026-04-29 22:00:00,6.84328,6.84676,6.84265,6.84561,1276.0,6.8451,1276
2026-04-29 23:00:00,6.84557,6.84789,6.84421,6.84452,4117.0,6.8462,4117
2026-04-30 00:00:00,6.84454,6.84463,6.842009999999999,6.8438300000000005,6351.0,6.8434,6351
2026-04-30 01:00:00,6.84385,6.84588,6.84105,6.84176,12329.0,6.8441,12329
2026-04-30 02:00:00,6.841609999999999,6.84417,6.8401,6.84226,12260.0,6.8424,12260
2026-04-30 03:00:00,6.8422,6.84279,6.840300000000001,6.84271,9180.0,6.8417,9180
2026-04-30 04:00:00,6.84278,6.84536,6.8418,6.84414,9179.0,6.8438,9179
2026-04-30 05:00:00,6.84419,6.84521,6.843459999999999,6.8443000000000005,10595.0,6.8444,10595
2026-04-30 06:00:00,6.84432,6.8447000000000005,6.84196,6.843539999999999,14119.0,6.8434,14119
2026-04-30 07:00:00,6.84334,6.843590000000001,6.837699999999999,6.8389,14306.0,6.8407,14306
2026-04-30 08:00:00,6.83891,6.8389500000000005,6.834969999999999,6.835929999999999,15496.0,6.8368,15496
2026-04-30 09:00:00,6.835929999999999,6.836380000000001,6.83154,6.831740000000001,15273.0,6.834,15273
2026-04-30 10:00:00,6.83159,6.83221,6.82781,6.83048,16300.0,6.8303,16300
2026-04-30 11:00:00,6.8302,6.8326,6.827710000000001,6.832540000000001,17255.0,6.8299,17255
2026-04-30 12:00:00,6.832590000000001,6.83506,6.83195,6.83356,15726.0,6.8335,15726
2026-04-30 13:00:00,6.83352,6.8342,6.830620000000001,6.83313,16869.0,6.8327,16869
2026-04-30 14:00:00,6.833209999999999,6.83391,6.830220000000001,6.83216,18392.0,6.8321,18392
2026-04-30 15:00:00,6.832140000000001,6.833830000000001,6.83116,6.83248,14585.0,6.8324,14585
2026-04-30 16:00:00,6.83237,6.8331800000000005,6.83114,6.83277,10353.0,6.8324,10353
2026-04-30 17:00:00,6.83272,6.83353,6.831510000000001,6.8329,9941.0,6.8326,9941
2026-04-30 18:00:00,6.8329,6.83291,6.8299,6.83087,8360.0,6.8314,8360
2026-04-30 19:00:00,6.83081,6.83143,6.8298,6.83137,8493.0,6.8308,8493
2026-04-30 20:00:00,6.83164,6.83211,6.8302,6.83188,4633.0,6.831,4633
2026-04-30 21:00:00,6.83188,6.83243,6.82968,6.830099999999999,1120.0,6.8312,1120
2026-04-30 22:00:00,6.830099999999999,6.83236,6.82979,6.83109,1368.0,6.8309,1368
2026-04-30 23:00:00,6.83059,6.832470000000001,6.83021,6.83215,2820.0,6.8312,2820
2026-05-01 00:00:00,6.83195,6.83305,6.830540000000001,6.831790000000001,6078.0,6.8318,6078
2026-05-01 01:00:00,6.831790000000001,6.832540000000001,6.828380000000001,6.829289999999999,9229.0,6.831,9229
2026-05-01 02:00:00,6.8295,6.83114,6.8288,6.82967,8592.0,6.8298,8592
2026-05-01 03:00:00,6.82953,6.83169,6.829340000000001,6.831100000000001,7939.0,6.8303,7939
2026-05-01 04:00:00,6.83119,6.83352,6.83091,6.83329,7752.0,6.8324,7752
2026-05-01 05:00:00,6.8333,6.83534,6.832990000000001,6.83471,8029.0,6.8339,8029
2026-05-01 06:00:00,6.83464,6.835459999999999,6.8308,6.8316,11936.0,6.8338,11936
2026-05-01 07:00:00,6.8316,6.83544,6.83085,6.83437,15247.0,6.8325,15247
2026-05-01 08:00:00,6.8342,6.83455,6.83128,6.83257,12173.0,6.833,12173
2026-05-01 09:00:00,6.8324,6.83564,6.831500000000001,6.83527,11138.0,6.8341,11138
2026-05-01 10:00:00,6.83527,6.83597,6.833489999999999,6.83425,9124.0,6.8346,9124
2026-05-01 11:00:00,6.83412,6.83453,6.831580000000001,6.83305,10080.0,6.833,10080
2026-05-01 12:00:00,6.83302,6.83416,6.82896,6.831619999999999,14329.0,6.8312,14329
2026-05-01 13:00:00,6.83177,6.8321,6.826230000000001,6.82736,14417.0,6.8297,14417
2026-05-01 14:00:00,6.827310000000001,6.827859999999999,6.8230200000000005,6.82565,17894.0,6.8252,17894
2026-05-01 15:00:00,6.825670000000001,6.82797,6.82349,6.82706,14836.0,6.8255,14836
2026-05-01 16:00:00,6.82704,6.8326,6.82596,6.82952,12406.0,6.8278,12406
2026-05-01 17:00:00,6.829459999999999,6.83053,6.82847,6.82992,11436.0,6.8295,11436
2026-05-01 18:00:00,6.82991,6.8316300000000005,6.82956,6.830380000000001,12042.0,6.8308,12042
2026-05-01 19:00:00,6.83036,6.831900000000001,6.82992,6.831510000000001,9370.0,6.8308,9370
2026-05-01 20:00:00,6.83147,6.83172,6.82769,6.8306700000000005,7407.0,6.8307,7407
2026-05-03 21:00:00,6.826,6.826009999999999,6.82235,6.82504,696.0,6.8242,696
2026-05-03 22:00:00,6.82512,6.82945,6.82502,6.8278,1123.0,6.8264,1123
2026-05-03 23:00:00,6.8278,6.83093,6.82767,6.83021,3096.0,6.8295,3096
2026-05-04 00:00:00,6.830489999999999,6.83097,6.8271500000000005,6.827249999999999,5642.0,6.8293,5642
2026-05-04 01:00:00,6.827299999999999,6.82923,6.82356,6.82369,11976.0,6.8272,11976
2026-05-04 02:00:00,6.82344,6.824179999999999,6.820609999999999,6.82189,10448.0,6.8226,10448
2026-05-04 03:00:00,6.82188,6.822940000000001,6.820060000000001,6.82105,11163.0,6.8214,11163
2026-05-04 04:00:00,6.82108,6.821689999999999,6.820380000000001,6.82087,7933.0,6.8211,7933
2026-05-04 05:00:00,6.82092,6.82138,6.8165,6.817489999999999,9257.0,6.8202,9257
2026-05-04 06:00:00,6.81719,6.82092,6.81552,6.81948,14006.0,6.8179,14006
2026-05-04 07:00:00,6.81974,6.82424,6.8188,6.823500000000001,13466.0,6.8209,13466
2026-05-04 08:00:00,6.823619999999999,6.825100000000001,6.8203000000000005,6.82139,12870.0,6.8224,12870
2026-05-04 09:00:00,6.82139,6.82304,6.8207,6.82269,10648.0,6.822,10648
2026-05-04 10:00:00,6.822780000000001,6.83021,6.82263,6.8262,17180.0,6.8268,17180
2026-05-04 11:00:00,6.82598,6.82915,6.82503,6.827660000000001,14937.0,6.8276,14937
2026-05-04 12:00:00,6.82761,6.82796,6.8238,6.825,14657.0,6.8253,14657
2026-05-04 13:00:00,6.825219999999999,6.8278,6.824129999999999,6.8258,16914.0,6.8261,16914
2026-05-04 14:00:00,6.82582,6.827859999999999,6.82516,6.82776,15822.0,6.8263,15822
2026-05-04 15:00:00,6.82769,6.83328,6.82676,6.83316,18195.0,6.8304,18195
2026-05-04 16:00:00,6.83325,6.83478,6.82813,6.83375,16175.0,6.833,16175
2026-05-04 17:00:00,6.83375,6.83428,6.8299,6.83155,13875.0,6.8315,13875
2026-05-04 18:00:00,6.831379999999999,6.83256,6.82936,6.83018,12187.0,6.8317,12187
2026-05-04 19:00:00,6.83035,6.831619999999999,6.8286,6.83035,12076.0,6.8299,12076
2026-05-04 20:00:00,6.830419999999999,6.83171,6.82815,6.831110000000001,3939.0,6.8311,3939
2026-05-04 21:00:00,6.831110000000001,6.83121,6.8282300000000005,6.828609999999999,2149.0,6.8301,2149
2026-05-04 22:00:00,6.828460000000001,6.8308,6.8284,6.830620000000001,1495.0,6.8296,1495
2026-05-04 23:00:00,6.83016,6.83175,6.829699999999999,6.83126,2585.0,6.8305,2585
2026-05-05 00:00:00,6.83165,6.83471,6.830499999999999,6.833219999999999,5787.0,6.8328,5787
2026-05-05 01:00:00,6.83319,6.836,6.83291,6.83356,10485.0,6.8342,10485
2026-05-05 02:00:00,6.83335,6.83397,6.82888,6.83104,8883.0,6.8311,8883
2026-05-05 03:00:00,6.831219999999999,6.83332,6.8303,6.83316,6469.0,6.8322,6469
2026-05-05 04:00:00,6.83307,6.834300000000001,6.8312,6.834230000000001,7960.0,6.8324,7960
2026-05-05 05:00:00,6.83432,6.83495,6.8328,6.8345400000000005,10559.0,6.8337,10559
2026-05-05 06:00:00,6.83465,6.83589,6.83204,6.8327800000000005,11311.0,6.8341,11311
2026-05-05 07:00:00,6.8327800000000005,6.83292,6.82995,6.83152,12610.0,6.8313,12610
2026-05-05 08:00:00,6.83155,6.83221,6.8302,6.83108,10902.0,6.8313,10902
2026-05-05 09:00:00,6.83103,6.83368,6.8306,6.83175,11886.0,6.8322,11886
2026-05-05 10:00:00,6.83165,6.83251,6.828899999999999,6.83047,10119.0,6.8309,10119
2026-05-05 11:00:00,6.83033,6.83223,6.829699999999999,6.8303,11845.0,6.831,11845
2026-05-05 12:00:00,6.83016,6.83155,6.82832,6.83064,12984.0,6.8299,12984
2026-05-05 13:00:00,6.83074,6.830769999999999,6.8278,6.828390000000001,13626.0,6.8289,13626
2026-05-05 14:00:00,6.828259999999999,6.831110000000001,6.827310000000001,6.828259999999999,15583.0,6.8288,15583
2026-05-05 15:00:00,6.828220000000001,6.82863,6.825500000000001,6.8264700000000005,12643.0,6.8274,12643
2026-05-05 16:00:00,6.8264700000000005,6.82842,6.82609,6.827929999999999,9480.0,6.8276,9480
2026-05-05 17:00:00,6.82791,6.828729999999999,6.827,6.82819,8935.0,6.828,8935
2026-05-05 18:00:00,6.82804,6.828259999999999,6.8268,6.827699999999999,6315.0,6.8278,6315
2026-05-05 19:00:00,6.82756,6.82921,6.827500000000001,6.828659999999999,5999.0,6.8285,5999
2026-05-05 20:00:00,6.828659999999999,6.829059999999999,6.826620000000001,6.82729,3588.0,6.8285,3588
2026-05-05 21:00:00,6.82729,6.82769,6.824809999999999,6.827580000000001,862.0,6.8266,862
2026-05-05 22:00:00,6.826499999999999,6.82832,6.82436,6.8251100000000005,1703.0,6.8267,1703
2026-05-05 23:00:00,6.824870000000001,6.825260000000001,6.8216600000000005,6.82248,3836.0,6.8232,3836
2026-05-06 00:00:00,6.822380000000001,6.82411,6.819,6.820060000000001,7258.0,6.8219,7258
2026-05-06 01:00:00,6.82009,6.824470000000001,6.818220000000001,6.81969,14268.0,6.8208,14268
2026-05-06 02:00:00,6.81964,6.82161,6.81821,6.82116,11543.0,6.8199,11543
2026-05-06 03:00:00,6.82116,6.82168,6.81927,6.821009999999999,9398.0,6.8204,9398
2026-05-06 04:00:00,6.82093,6.82143,6.81729,6.818579999999999,11991.0,6.8189,11991
2026-05-06 05:00:00,6.81884,6.82008,6.817939999999999,6.818169999999999,11058.0,6.8189,11058
2026-05-06 06:00:00,6.81836,6.82117,6.81765,6.81784,12901.0,6.8194,12901
2026-05-06 07:00:00,6.817889999999999,6.81944,6.81531,6.81543,13838.0,6.8178,13838
2026-05-06 08:00:00,6.81541,6.81636,6.80958,6.81128,14439.0,6.8136,14439
2026-05-06 09:00:00,6.81155,6.812620000000001,6.80707,6.80727,15967.0,6.8101,15967
2026-05-06 10:00:00,6.80727,6.809889999999999,6.8058,6.80685,14679.0,6.8079,14679
2026-05-06 11:00:00,6.80685,6.811990000000001,6.805699999999999,6.809830000000001,16138.0,6.8083,16138
2026-05-06 12:00:00,6.809609999999999,6.81355,6.809609999999999,6.81353,17080.0,6.8121,17080
2026-05-06 13:00:00,6.8134,6.815740000000001,6.809900000000001,6.81112,17264.0,6.8127,17264
2026-05-06 14:00:00,6.81124,6.813619999999999,6.808700000000001,6.81101,16779.0,6.8113,16779
2026-05-06 15:00:00,6.810910000000001,6.81298,6.810099999999999,6.81285,13365.0,6.8116,13365
2026-05-06 16:00:00,6.813020000000001,6.814489999999999,6.8114,6.813580000000001,11165.0,6.8126,11165
2026-05-06 17:00:00,6.81372,6.814369999999999,6.81244,6.8131900000000005,9611.0,6.8132,9611
2026-05-06 18:00:00,6.813070000000001,6.81336,6.8112,6.81175,8180.0,6.8125,8180
2026-05-06 19:00:00,6.811870000000001,6.81304,6.81157,6.813020000000001,7783.0,6.8122,7783
2026-05-06 20:00:00,6.81294,6.813859999999999,6.8119000000000005,6.813740000000001,4604.0,6.8132,4604
2026-05-06 21:00:00,6.813740000000001,6.813740000000001,6.811299999999999,6.811580000000001,1170.0,6.8122,1170
2026-05-06 22:00:00,6.81162,6.81272,6.811299999999999,6.81202,1500.0,6.8121,1500
2026-05-06 23:00:00,6.81241,6.81355,6.811710000000001,6.81276,1866.0,6.8128,1866
2026-05-08 00:00:00,6.80701,6.808339999999999,6.804620000000001,6.80673,6726.0,6.8066,6726
2026-05-08 01:00:00,6.80664,6.80832,6.80308,6.80357,13762.0,6.8052,13762
2026-05-08 02:00:00,6.80361,6.80568,6.80276,6.80413,11723.0,6.8042,11723
2026-05-08 03:00:00,6.80388,6.804790000000001,6.802099999999999,6.80308,8621.0,6.8037,8621
2026-05-08 04:00:00,6.80313,6.80431,6.802300000000001,6.80312,6683.0,6.8036,6683
2026-05-08 05:00:00,6.8032,6.80338,6.8005,6.80172,10003.0,6.802,10003
2026-05-08 06:00:00,6.80163,6.80201,6.7992,6.80125,12488.0,6.8005,12488
2026-05-08 07:00:00,6.80123,6.80476,6.80049,6.802739999999999,13278.0,6.803,13278
2026-05-08 08:00:00,6.8028,6.80324,6.79961,6.799980000000001,12444.0,6.8014,12444
2026-05-08 09:00:00,6.79989,6.80202,6.7986,6.800070000000001,11273.0,6.8004,11273
2026-05-08 10:00:00,6.80022,6.801089999999999,6.799110000000001,6.80037,9872.0,6.8002,9872
2026-05-08 11:00:00,6.80028,6.80091,6.7994,6.800190000000001,9237.0,6.8003,9237
2026-05-08 12:00:00,6.800190000000001,6.80171,6.79708,6.79888,15267.0,6.7994,15267
2026-05-08 13:00:00,6.79897,6.79971,6.795699999999999,6.79654,15291.0,6.7976,15291
2026-05-08 14:00:00,6.79652,6.79929,6.796380000000001,6.79745,15749.0,6.7976,15749
2026-05-08 15:00:00,6.79752,6.79839,6.7961100000000005,6.7968,14395.0,6.7971,14395
2026-05-08 16:00:00,6.7967900000000006,6.796950000000001,6.7952,6.796380000000001,9682.0,6.7964,9682
2026-05-08 17:00:00,6.7962,6.79711,6.7955000000000005,6.7971,9385.0,6.7966,9385
2026-05-08 18:00:00,6.79714,6.79755,6.795100000000001,6.79717,7634.0,6.7963,7634
2026-05-08 19:00:00,6.79732,6.79739,6.7954,6.79653,6122.0,6.7962,6122
2026-05-08 20:00:00,6.79658,6.79688,6.794620000000001,6.7967900000000006,3904.0,6.7959,3904
2026-05-10 21:00:00,6.798310000000001,6.798710000000001,6.798220000000001,6.798540000000001,956.0,6.7985,956
2026-05-10 22:00:00,6.798700000000001,6.79981,6.79796,6.79932,1027.0,6.7992,1027
2026-05-10 23:00:00,6.79955,6.800129999999999,6.79371,6.794099999999999,2714.0,6.7967,2714
2026-05-11 14:00:00,6.7906200000000005,6.7916,6.79032,6.79109,3415.0,6.791,3415
2026-05-11 15:00:00,6.79116,6.79187,6.7899,6.7912300000000005,8895.0,6.791,8895
2026-05-11 16:00:00,6.791219999999999,6.79329,6.791,6.7929,8055.0,6.7921,8055
2026-05-11 17:00:00,6.7927100000000005,6.793609999999999,6.7917,6.7924,8695.0,6.7927,8695
2026-05-11 18:00:00,6.79235,6.793219999999999,6.791500000000001,6.792860000000001,8235.0,6.7924,8235
2026-05-11 19:00:00,6.7929,6.79319,6.792,6.79297,6297.0,6.7927,6297
2026-05-11 20:00:00,6.79291,6.793539999999999,6.791100000000001,6.79188,3981.0,6.7925,3981
2026-05-11 21:00:00,6.79188,6.79261,6.79087,6.7922,881.0,6.7918,881
2026-05-11 22:00:00,6.79216,6.79279,6.790220000000001,6.7906200000000005,1500.0,6.7918,1500
2026-05-11 23:00:00,6.7912300000000005,6.792060000000001,6.79,6.79154,2277.0,6.791,2277
2026-05-12 00:00:00,6.79141,6.79505,6.79141,6.79442,5546.0,6.793,5546
2026-05-12 01:00:00,6.79456,6.79755,6.791059999999999,6.794220000000001,13018.0,6.7945,13018
2026-05-12 02:00:00,6.7941400000000005,6.79456,6.79047,6.79144,11612.0,6.7923,11612
2026-05-12 03:00:00,6.79147,6.79283,6.7912,6.79262,7772.0,6.7923,7772
2026-05-12 04:00:00,6.79261,6.793340000000001,6.7917,6.7927100000000005,7404.0,6.7928,7404
2026-05-12 05:00:00,6.7927100000000005,6.79303,6.78976,6.79149,9953.0,6.7921,9953
2026-05-12 06:00:00,6.79176,6.7943500000000006,6.790649999999999,6.79404,11413.0,6.7931,11413
2026-05-12 07:00:00,6.79405,6.7963000000000005,6.79384,6.795139999999999,10778.0,6.7952,10778
2026-05-12 08:00:00,6.79508,6.79647,6.7938,6.7959000000000005,6751.0,6.7953,6751
2026-05-12 09:00:00,6.795929999999999,6.79602,6.79164,6.792009999999999,8820.0,6.7949,8820
2026-05-12 10:00:00,6.79196,6.79432,6.791110000000001,6.79364,8964.0,6.7928,8964
2026-05-12 11:00:00,6.79364,6.79431,6.7909,6.79236,9645.0,6.7928,9645
2026-05-12 12:00:00,6.79236,6.79335,6.78976,6.79044,11122.0,6.7921,11122
2026-05-12 13:00:00,6.79046,6.79441,6.789740000000001,6.793820000000001,12356.0,6.7918,12356
2026-05-12 14:00:00,6.79391,6.79467,6.79172,6.79432,12685.0,6.7932,12685
2026-05-12 15:00:00,6.79421,6.7969100000000005,6.79412,6.79488,11031.0,6.7953,11031
2026-05-12 16:00:00,6.795030000000001,6.79575,6.7933,6.79532,8657.0,6.7949,8657
2026-05-12 17:00:00,6.79501,6.795299999999999,6.7926,6.79302,8450.0,6.7937,8450
2026-05-12 18:00:00,6.79302,6.794,6.7912,6.79212,8548.0,6.7928,8548
2026-05-12 19:00:00,6.79209,6.79209,6.7905,6.79192,7108.0,6.7914,7108
2026-05-12 20:00:00,6.791779999999999,6.792339999999999,6.789859999999999,6.79057,4563.0,6.7915,4563
2026-05-12 21:00:00,6.79057,6.79165,6.78361,6.7895900000000005,2125.0,6.79,2125
2026-05-12 22:00:00,6.78972,6.79177,6.788220000000001,6.78854,2505.0,6.7895,2505
2026-05-12 23:00:00,6.7883,6.79101,6.787710000000001,6.78989,4631.0,6.7891,4631
2026-05-13 00:00:00,6.78994,6.79176,6.78885,6.791,11678.0,6.7904,11678
2026-05-13 01:00:00,6.79084,6.79256,6.78888,6.79164,12343.0,6.791,12343
2026-05-13 02:00:00,6.79181,6.79279,6.79,6.79272,9925.0,6.7914,9925
2026-05-13 03:00:00,6.7927800000000005,6.792940000000001,6.7905,6.791939999999999,8905.0,6.7919,8905
2026-05-13 04:00:00,6.7918,6.792070000000001,6.7906,6.791059999999999,5231.0,6.7915,5231
2026-05-13 05:00:00,6.79108,6.791340000000001,6.7895,6.79084,8399.0,6.7907,8399
2026-05-13 06:00:00,6.790769999999999,6.79165,6.7898,6.790649999999999,10817.0,6.7908,10817
2026-05-13 07:00:00,6.79073,6.790769999999999,6.78836,6.78936,11666.0,6.7895,11666
2026-05-13 08:00:00,6.78937,6.79023,6.7875000000000005,6.788670000000001,10895.0,6.7888,10895
2026-05-13 09:00:00,6.78853,6.79019,6.78785,6.78818,10274.0,6.7892,10274
2026-05-13 10:00:00,6.78803,6.79021,6.7875000000000005,6.78983,9546.0,6.7895,9546
2026-05-13 11:00:00,6.78988,6.789980000000001,6.787260000000001,6.78795,8942.0,6.7886,8942
2026-05-13 12:00:00,6.787939999999999,6.79008,6.78676,6.78944,12012.0,6.7884,12012
2026-05-13 13:00:00,6.78939,6.789689999999999,6.78644,6.788049999999999,12483.0,6.7885,12483
2026-05-13 14:00:00,6.78812,6.78953,6.78779,6.78817,12089.0,6.7888,12089
2026-05-13 15:00:00,6.78815,6.788390000000001,6.786300000000001,6.7876,10995.0,6.7875,10995
2026-05-13 16:00:00,6.787459999999999,6.78772,6.785500000000001,6.787020000000001,9521.0,6.7868,9521
2026-05-13 17:00:00,6.78701,6.78727,6.785900000000001,6.78712,6853.0,6.7866,6853
2026-05-13 18:00:00,6.78729,6.787649999999999,6.785609999999999,6.78741,7901.0,6.7867,7901
2026-05-13 19:00:00,6.7874300000000005,6.78762,6.786099999999999,6.78748,7001.0,6.7871,7001
2026-05-13 20:00:00,6.78736,6.78777,6.786300000000001,6.78673,4888.0,6.7872,4888
2026-05-13 21:00:00,6.78678,6.78823,6.7794,6.78153,2064.0,6.7856,2064
2026-05-13 22:00:00,6.78585,6.78712,6.78445,6.78597,1618.0,6.7857,1618
2026-05-13 23:00:00,6.78587,6.78641,6.7845,6.78542,3632.0,6.7856,3632
2026-05-14 00:00:00,6.78541,6.7865400000000005,6.7846,6.7854,10350.0,6.7858,10350
2026-05-14 01:00:00,6.785270000000001,6.78768,6.7812,6.78723,12852.0,6.7842,12852
2026-05-14 02:00:00,6.78723,6.78818,6.78423,6.78572,10700.0,6.7863,10700
2026-05-14 03:00:00,6.78572,6.7864,6.783900000000001,6.78502,7931.0,6.7854,7931
2026-05-14 04:00:00,6.785139999999999,6.78547,6.7832,6.78473,7041.0,6.7846,7041
2026-05-14 05:00:00,6.78467,6.78575,6.7833,6.7846,10193.0,6.785,10193
2026-05-14 06:00:00,6.7846,6.78495,6.782099999999999,6.784529999999999,10866.0,6.7836,10866
2026-05-14 07:00:00,6.78461,6.78736,6.784300000000001,6.787190000000001,11083.0,6.7856,11083
2026-05-14 08:00:00,6.787190000000001,6.78778,6.783500000000001,6.78443,11403.0,6.7857,11403
2026-05-14 09:00:00,6.7844,6.78562,6.78411,6.78472,10249.0,6.7848,10249
2026-05-14 10:00:00,6.78452,6.785219999999999,6.78233,6.7832300000000005,10422.0,6.7836,10422
2026-05-14 11:00:00,6.782940000000001,6.78464,6.7826,6.78392,9765.0,6.7837,9765
2026-05-14 12:00:00,6.784019999999999,6.78461,6.78204,6.783900000000001,11656.0,6.7834,11656
2026-05-14 13:00:00,6.78376,6.785219999999999,6.78125,6.78497,13452.0,6.784,13452
2026-05-14 14:00:00,6.78517,6.78547,6.7823,6.78336,13252.0,6.7838,13252
2026-05-14 15:00:00,6.783510000000001,6.78609,6.78328,6.78541,10203.0,6.7853,10203
2026-05-14 16:00:00,6.78544,6.7866,6.7836,6.78579,10098.0,6.7856,10098
2026-05-14 17:00:00,6.785660000000001,6.786099999999999,6.7844,6.78585,10324.0,6.7855,10324
2026-05-14 18:00:00,6.78586,6.786620000000001,6.785,6.785489999999999,8279.0,6.7859,8279
2026-05-14 19:00:00,6.785500000000001,6.787249999999999,6.7849,6.787,6533.0,6.7863,6533
2026-05-14 20:00:00,6.78701,6.78775,6.7858,6.786060000000001,4283.0,6.7872,4283
2026-05-14 21:00:00,6.78602,6.787129999999999,6.779100000000001,6.786220000000001,1535.0,6.7848,1535
2026-05-14 22:00:00,6.784339999999999,6.787190000000001,6.78396,6.78648,2640.0,6.7864,2640
2026-05-14 23:00:00,6.7866,6.788659999999999,6.78511,6.78832,5849.0,6.7866,5849
2026-05-15 00:00:00,6.78815,6.79588,6.787859999999999,6.793340000000001,12482.0,6.7911,12482
2026-05-15 01:00:00,6.79375,6.79857,6.791980000000001,6.797630000000001,14706.0,6.7947,14706
2026-05-15 02:00:00,6.79751,6.80026,6.795649999999999,6.79757,13720.0,6.7979,13720
2026-05-15 03:00:00,6.797459999999999,6.79779,6.79544,6.796,10566.0,6.7967,10566
2026-05-15 04:00:00,6.79585,6.798310000000001,6.795,6.79785,9294.0,6.7967,9294
2026-05-15 05:00:00,6.798140000000001,6.80521,6.7978,6.8041100000000005,13896.0,6.8014,13896
2026-05-15 06:00:00,6.804390000000001,6.80776,6.802060000000001,6.807049999999999,13866.0,6.804,13866
2026-05-15 07:00:00,6.807379999999999,6.8074,6.80271,6.8054,14021.0,6.8046,14021
2026-05-15 08:00:00,6.8054,6.808460000000001,6.805180000000001,6.80728,13070.0,6.8067,13070
2026-05-15 09:00:00,6.80748,6.81411,6.78609,6.81079,13178.0,6.8117,13178
2026-05-15 10:00:00,6.81067,6.810969999999999,6.80322,6.80497,12343.0,6.8075,12343
2026-05-15 11:00:00,6.80472,6.80971,6.80468,6.80872,12223.0,6.8082,12223
2026-05-15 12:00:00,6.80883,6.81106,6.80729,6.809139999999999,13758.0,6.8093,13758
2026-05-15 13:00:00,6.809150000000001,6.815390000000001,6.80906,6.814540000000001,13890.0,6.8124,13890
2026-05-15 14:00:00,6.8145,6.81512,6.807900000000001,6.811820000000001,15772.0,6.8117,15772
2026-05-15 15:00:00,6.811710000000001,6.81644,6.81134,6.81434,13522.0,6.8144,13522
2026-05-15 16:00:00,6.8145,6.815900000000001,6.7955000000000005,6.814620000000001,12737.0,6.8147,12737
2026-05-15 17:00:00,6.81456,6.81469,6.81285,6.81385,10506.0,6.8136,10506
2026-05-15 18:00:00,6.813859999999999,6.816470000000001,6.8135,6.81525,10694.0,6.8152,10694
2026-05-15 19:00:00,6.815230000000001,6.81549,6.814,6.8149,9407.0,6.8149,9407
2026-05-15 20:00:00,6.815110000000001,6.816019999999999,6.806380000000001,6.80873,5472.0,6.8142,5472
2026-05-17 21:00:00,6.808,6.81059,6.805980000000001,6.81043,340.0,6.8082,340
2026-05-17 22:00:00,6.80964,6.813969999999999,6.80948,6.81392,402.0,6.8126,402
2026-05-17 23:00:00,6.813980000000001,6.81782,6.810300000000001,6.8172,3199.0,6.816,3199
2026-05-18 00:00:00,6.817,6.81831,6.81468,6.81645,10841.0,6.8168,10841
2026-05-18 01:00:00,6.81651,6.820339999999999,6.814819999999999,6.81816,15234.0,6.817,15234
2026-05-18 02:00:00,6.818739999999999,6.8215,6.8167100000000005,6.819030000000001,12725.0,6.8187,12725
2026-05-18 03:00:00,6.81923,6.819859999999999,6.81656,6.81732,10741.0,6.8183,10741
2026-05-18 04:00:00,6.81705,6.817379999999999,6.81509,6.81596,9239.0,6.816,9239
2026-05-18 05:00:00,6.8158,6.815939999999999,6.8128,6.81467,11772.0,6.8143,11772
2026-05-18 06:00:00,6.81474,6.81496,6.806,6.808339999999999,13473.0,6.8096,13473
2026-05-18 07:00:00,6.80792,6.8085,6.8028,6.804940000000001,14464.0,6.8058,14464
2026-05-18 08:00:00,6.804780000000001,6.80537,6.7972600000000005,6.79874,13818.0,6.8012,13818
2026-05-18 09:00:00,6.79886,6.802689999999999,6.798380000000001,6.80227,11836.0,6.8007,11836
2026-05-18 10:00:00,6.802289999999999,6.80477,6.8022,6.80465,10769.0,6.8031,10769
2026-05-18 11:00:00,6.80464,6.806150000000001,6.79812,6.80072,13909.0,6.8025,13909
2026-05-18 12:00:00,6.800409999999999,6.80181,6.79704,6.79861,15489.0,6.7998,15489
2026-05-18 13:00:00,6.798419999999999,6.80191,6.798419999999999,6.8000300000000005,14994.0,6.8001,14994
2026-05-18 14:00:00,6.79989,6.80321,6.799849999999999,6.80238,14650.0,6.8019,14650
2026-05-18 15:00:00,6.80248,6.80423,6.801,6.80168,13743.0,6.8027,13743
2026-05-18 16:00:00,6.80176,6.802339999999999,6.8,6.80136,12491.0,6.8014,12491
2026-05-18 17:00:00,6.8016,6.80192,6.800300000000001,6.801089999999999,9720.0,6.8009,9720
2026-05-18 18:00:00,6.80092,6.803699999999999,6.80091,6.80356,11033.0,6.8023,11033
2026-05-18 19:00:00,6.803660000000001,6.80391,6.79791,6.79943,12750.0,6.7996,12750
2026-05-18 20:00:00,6.7996300000000005,6.7996300000000005,6.7974,6.7992,5973.0,6.7985,5973
2026-05-18 21:00:00,6.798419999999999,6.79928,6.79119,6.7989500000000005,1650.0,6.7978,1650
2026-05-18 22:00:00,6.797750000000001,6.79904,6.79713,6.79753,1832.0,6.7981,1832
2026-05-18 23:00:00,6.7984,6.798990000000001,6.796550000000001,6.798700000000001,3929.0,6.7977,3929
2026-05-19 00:00:00,6.798659999999999,6.8024700000000005,6.79738,6.80241,11257.0,6.8002,11257
2026-05-19 01:00:00,6.802569999999999,6.80278,6.795660000000001,6.7976600000000005,12729.0,6.7995,12729
2026-05-19 02:00:00,6.79765,6.80187,6.797630000000001,6.80173,11867.0,6.7997,11867
2026-05-19 03:00:00,6.80176,6.8045100000000005,6.8016,6.80362,9302.0,6.803,9302
2026-05-19 04:00:00,6.80362,6.80457,6.8026,6.80392,7849.0,6.8038,7849
2026-05-19 05:00:00,6.80385,6.804659999999999,6.800819999999999,6.801089999999999,10762.0,6.8032,10762
2026-05-19 06:00:00,6.80105,6.804209999999999,6.79992,6.804049999999999,11703.0,6.8018,11703
2026-05-19 07:00:00,6.80416,6.80691,6.803939999999999,6.80536,11883.0,6.8055,11883
2026-05-19 08:00:00,6.80536,6.806540000000001,6.80425,6.806150000000001,10593.0,6.8054,10593
2026-05-19 09:00:00,6.80623,6.80931,6.806,6.809209999999999,12065.0,6.808,12065
2026-05-19 10:00:00,6.809209999999999,6.8097900000000005,6.806369999999999,6.80792,12213.0,6.8079,12213
2026-05-19 11:00:00,6.80792,6.80937,6.80766,6.80905,12344.0,6.8086,12344
2026-05-19 12:00:00,6.80933,6.80951,6.807219999999999,6.809150000000001,13061.0,6.8084,13061
2026-05-19 13:00:00,6.80913,6.81474,6.80913,6.81312,15199.0,6.8127,15199
2026-05-19 14:00:00,6.8129100000000005,6.8199000000000005,6.8118,6.819539999999999,14889.0,6.8169,14889
2026-05-19 15:00:00,6.81948,6.82,6.8164,6.81744,12537.0,6.8185,12537
2026-05-19 16:00:00,6.81741,6.81848,6.81531,6.815779999999999,12788.0,6.8167,12788
2026-05-19 17:00:00,6.81582,6.816129999999999,6.8149,6.81581,11183.0,6.8156,11183
2026-05-19 18:00:00,6.81582,6.817139999999999,6.814649999999999,6.81667,11911.0,6.816,11911
2026-05-19 19:00:00,6.816590000000001,6.817270000000001,6.815500000000001,6.81617,11051.0,6.8164,11051
2026-05-19 20:00:00,6.816070000000001,6.81786,6.81509,6.81705,5229.0,6.8166,5229
2026-05-19 21:00:00,6.81507,6.81747,6.807859999999999,6.81485,1658.0,6.815,1658
2026-05-19 22:00:00,6.81485,6.81736,6.814659999999999,6.81593,1745.0,6.8159,1745
2026-05-19 23:00:00,6.815910000000001,6.817660000000001,6.8152,6.8167800000000005,5107.0,6.816,5107
2026-05-20 00:00:00,6.816739999999999,6.81911,6.8144,6.81622,13580.0,6.8164,13580
2026-05-20 01:00:00,6.81624,6.81923,6.813350000000001,6.815230000000001,14816.0,6.8161,14816
2026-05-20 02:00:00,6.81509,6.81556,6.8094,6.814150000000001,14664.0,6.8129,14664
2026-05-20 03:00:00,6.81407,6.8163100000000005,6.81188,6.8135,12211.0,6.814,12211
2026-05-20 04:00:00,6.81357,6.8149500000000005,6.811580000000001,6.81459,9821.0,6.8135,9821
2026-05-20 05:00:00,6.814659999999999,6.814990000000001,6.8123000000000005,6.81419,13447.0,6.8136,13447
2026-05-20 06:00:00,6.81417,6.81447,6.810220000000001,6.81175,14013.0,6.8122,14013
2026-05-20 07:00:00,6.811699999999999,6.812220000000001,6.80646,6.80797,14095.0,6.8082,14095
2026-05-20 08:00:00,6.80797,6.80998,6.805020000000001,6.80596,13150.0,6.8076,13150
2026-05-20 09:00:00,6.8058700000000005,6.80784,6.80369,6.80772,11929.0,6.8058,11929
2026-05-20 10:00:00,6.80756,6.80782,6.804899999999999,6.805619999999999,11023.0,6.8063,11023
2026-05-20 11:00:00,6.80553,6.80748,6.804099999999999,6.80724,10761.0,6.8061,10761
2026-05-20 12:00:00,6.8073,6.807779999999999,6.80564,6.80719,13216.0,6.8068,13216
2026-05-20 13:00:00,6.80719,6.8092,6.8066,6.80833,12897.0,6.8082,12897
2026-05-20 14:00:00,6.80823,6.8087100000000005,6.800009999999999,6.80107,14733.0,6.8037,14733
2026-05-20 15:00:00,6.80108,6.80352,6.7974,6.802969999999999,14019.0,6.8008,14019
2026-05-20 16:00:00,6.802910000000001,6.80312,6.8,6.80084,13581.0,6.8014,13581
2026-05-20 17:00:00,6.80088,6.80216,6.799619999999999,6.80129,12108.0,6.8011,12108
2026-05-20 18:00:00,6.801150000000001,6.80187,6.799449999999999,6.80024,11246.0,6.8005,11246
2026-05-20 19:00:00,6.8003100000000005,6.8013,6.7996,6.8009900000000005,10021.0,6.8007,10021
2026-05-20 20:00:00,6.8009900000000005,6.80205,6.799900000000001,6.80116,6776.0,6.8011,6776
2026-05-20 21:00:00,6.80033,6.80179,6.790419999999999,6.797859999999999,2848.0,6.7986,2848
2026-05-20 22:00:00,6.7979,6.80111,6.76946,6.80015,1736.0,6.7995,1736
2026-05-20 23:00:00,6.799619999999999,6.80106,6.7989500000000005,6.800300000000001,4872.0,6.7997,4872
2026-05-21 00:00:00,6.800579999999999,6.8014,6.799110000000001,6.8000300000000005,10495.0,6.8005,10495
2026-05-21 01:00:00,6.79993,6.80015,6.79608,6.79863,10873.0,6.7983,10873
2026-05-21 02:00:00,6.79859,6.80464,6.79795,6.80444,11633.0,6.8018,11633
2026-05-21 03:00:00,6.80441,6.80481,6.801900000000001,6.80376,9233.0,6.8033,9233
2026-05-21 04:00:00,6.80388,6.80407,6.802,6.802739999999999,6701.0,6.8032,6701
2026-05-21 05:00:00,6.802739999999999,6.80761,6.80187,6.80633,11307.0,6.8047,11307
2026-05-21 06:00:00,6.80607,6.80821,6.805219999999999,6.80656,13321.0,6.8065,13321
2026-05-21 07:00:00,6.80669,6.80736,6.80395,6.80459,12542.0,6.8059,12542
2026-05-21 08:00:00,6.80452,6.80499,6.798089999999999,6.80021,14031.0,6.8002,14031
2026-05-21 09:00:00,6.80036,6.80077,6.7983,6.799859999999999,11763.0,6.7996,11763
2026-05-21 10:00:00,6.799859999999999,6.80594,6.79959,6.80505,9049.0,6.8031,9049
2026-05-21 11:00:00,6.80493,6.80533,6.802,6.8046,6734.0,6.8039,6734
2026-05-21 12:00:00,6.80458,6.806940000000001,6.80349,6.805,7844.0,6.8049,7844
2026-05-21 13:00:00,6.805020000000001,6.80783,6.80316,6.80484,8713.0,6.8057,8713
2026-05-21 14:00:00,6.80477,6.80623,6.80305,6.80341,9375.0,6.8049,9375
2026-05-21 15:00:00,6.803369999999999,6.80608,6.80308,6.80524,8595.0,6.8046,8595
2026-05-21 16:00:00,6.805020000000001,6.805340000000001,6.803299999999999,6.80372,7078.0,6.8042,7078
2026-05-21 17:00:00,6.80368,6.804209999999999,6.79631,6.797350000000001,9071.0,6.799,9071
2026-05-21 18:00:00,6.79753,6.80244,6.796499999999999,6.800819999999999,8128.0,6.7983,8128
2026-05-21 19:00:00,6.80105,6.80124,6.798089999999999,6.798940000000001,6933.0,6.7992,6933
2026-05-21 20:00:00,6.79893,6.80032,6.7983,6.800009999999999,2764.0,6.7996,2764
2026-05-21 21:00:00,6.800009999999999,6.80039,6.78763,6.79745,1361.0,6.7971,1361
2026-05-21 22:00:00,6.79745,6.80051,6.79482,6.798310000000001,1894.0,6.7987,1894
2026-05-21 23:00:00,6.798369999999999,6.79996,6.797009999999999,6.797180000000001,5560.0,6.7987,5560
2026-05-22 00:00:00,6.79812,6.8002,6.7968,6.79873,9688.0,6.799,9688
2026-05-22 01:00:00,6.79875,6.8034,6.7975900000000005,6.8031500000000005,12872.0,6.8002,12872
2026-05-22 02:00:00,6.803190000000001,6.80322,6.8002,6.802230000000001,10212.0,6.8021,10212
2026-05-22 03:00:00,6.802169999999999,6.80282,6.80016,6.80064,8648.0,6.8015,8648
2026-05-22 04:00:00,6.80073,6.80135,6.80005,6.80076,5836.0,6.8007,5836
2026-05-22 05:00:00,6.8006,6.80129,6.800009999999999,6.80092,8615.0,6.8007,8615
2026-05-22 06:00:00,6.80085,6.80186,6.79811,6.79968,11935.0,6.7999,11935
2026-05-22 07:00:00,6.79968,6.801830000000001,6.79538,6.796780000000001,13695.0,6.7986,13695
2026-05-22 08:00:00,6.79681,6.798540000000001,6.796,6.79754,11887.0,6.7972,11887
2026-05-22 09:00:00,6.79765,6.798659999999999,6.79562,6.79752,10100.0,6.7975,10100
2026-05-22 10:00:00,6.79752,6.79885,6.796499999999999,6.79732,9926.0,6.7977,9926
2026-05-22 11:00:00,6.79728,6.798380000000001,6.795649999999999,6.796499999999999,10155.0,6.7972,10155
2026-05-22 12:00:00,6.79648,6.79704,6.79186,6.79358,13351.0,6.7946,13351
2026-05-22 13:00:00,6.79363,6.797969999999999,6.79256,6.79589,13764.0,6.7949,13764
2026-05-22 14:00:00,6.79631,6.79901,6.79568,6.797,13653.0,6.7974,13653
2026-05-22 15:00:00,6.79692,6.79721,6.795100000000001,6.79632,11093.0,6.7964,11093
2026-05-22 16:00:00,6.796329999999999,6.79717,6.795,6.79578,9393.0,6.7962,9393
2026-05-22 17:00:00,6.79569,6.79652,6.79371,6.79614,9952.0,6.7955,9952
2026-05-22 18:00:00,6.796099999999999,6.797070000000001,6.7952,6.795980000000001,9553.0,6.7964,9553
2026-05-22 19:00:00,6.795859999999999,6.7972,6.79567,6.7969100000000005,8487.0,6.7967,8487
2026-05-22 20:00:00,6.79681,6.79793,6.78818,6.7921,6634.0,6.7958,6634
2026-05-24 21:00:00,6.78752,6.7916300000000005,6.787100000000001,6.791619999999999,194.0,6.7897,194
2026-05-24 22:00:00,6.78948,6.791340000000001,6.788729999999999,6.78915,1369.0,6.7896,1369
2026-05-24 23:00:00,6.78915,6.78977,6.78797,6.78921,2824.0,6.7891,2824
2026-05-25 00:00:00,6.789420000000001,6.790830000000001,6.78681,6.787859999999999,9019.0,6.7891,9019
2026-05-25 01:00:00,6.78788,6.78797,6.782769999999999,6.78537,12409.0,6.7853,12409
2026-05-25 02:00:00,6.78537,6.78563,6.78014,6.782769999999999,10495.0,6.7818,10495
2026-05-25 03:00:00,6.7826200000000005,6.78288,6.7807,6.78217,8971.0,6.7818,8971
2026-05-25 04:00:00,6.78221,6.78252,6.78053,6.78112,6962.0,6.7816,6962
2026-05-25 05:00:00,6.78105,6.78324,6.7799000000000005,6.78297,8749.0,6.7816,8749
2026-05-25 06:00:00,6.78324,6.78369,6.780499999999999,6.78145,9612.0,6.7821,9612
2026-05-25 07:00:00,6.7814700000000006,6.78551,6.78103,6.7847800000000005,12277.0,6.7838,12277
2026-05-25 08:00:00,6.78473,6.78553,6.78293,6.784140000000001,9687.0,6.7843,9687
2026-05-25 09:00:00,6.783980000000001,6.78511,6.783100000000001,6.78472,7413.0,6.7843,7413
2026-05-25 10:00:00,6.784700000000001,6.78628,6.78421,6.78504,7140.0,6.7852,7140
2026-05-25 11:00:00,6.78496,6.785950000000001,6.7833,6.78479,8274.0,6.7848,8274
2026-05-25 12:00:00,6.78488,6.78587,6.78368,6.78571,9932.0,6.7848,9932
2026-05-25 13:00:00,6.78562,6.786230000000001,6.784129999999999,6.78599,9874.0,6.7855,9874
2026-05-25 14:00:00,6.786060000000001,6.78615,6.783100000000001,6.784350000000001,9215.0,6.7845,9215
2026-05-25 15:00:00,6.78422,6.78444,6.7819,6.782990000000001,9057.0,6.7832,9057
2026-05-25 16:00:00,6.78296,6.78375,6.7822,6.783049999999999,5899.0,6.7831,5899
2026-05-25 17:00:00,6.782979999999999,6.78375,6.782,6.78356,3252.0,6.7831,3252
2026-05-25 18:00:00,6.78341,6.783729999999999,6.782700000000001,6.78331,2063.0,6.7835,2063
2026-05-25 19:00:00,6.78342,6.784140000000001,6.7828,6.783779999999999,2282.0,6.7837,2282
2026-05-25 20:00:00,6.78364,6.784750000000001,6.782380000000001,6.783500000000001,2225.0,6.7838,2225
2026-05-25 21:00:00,6.782099999999999,6.78451,6.77521,6.777489999999999,2157.0,6.7827,2157
2026-05-25 22:00:00,6.78235,6.78451,6.78178,6.78347,1399.0,6.7834,1399
2026-05-25 23:00:00,6.78347,6.78616,6.78261,6.7852,7963.0,6.7842,7963
2026-05-26 00:00:00,6.7852,6.78656,6.7838,6.784419999999999,10405.0,6.7849,10405
2026-05-26 01:00:00,6.78455,6.789580000000001,6.78229,6.7863500000000005,12821.0,6.7864,12821
2026-05-26 02:00:00,6.786230000000001,6.787590000000001,6.784860000000001,6.78682,10528.0,6.7863,10528
2026-05-26 03:00:00,6.78682,6.78728,6.7854,6.78608,7397.0,6.7864,7397
2026-05-26 04:00:00,6.78601,6.78854,6.785100000000001,6.78842,6104.0,6.7865,6104
2026-05-26 05:00:00,6.78843,6.7894,6.786899999999999,6.78812,8801.0,6.7882,8801
2026-05-26 06:00:00,6.78792,6.78831,6.78433,6.78501,10291.0,6.7866,10291
2026-05-26 07:00:00,6.784870000000001,6.78784,6.78416,6.78648,11519.0,6.7863,11519
2026-05-26 08:00:00,6.78659,6.787939999999999,6.785779999999999,6.786230000000001,9300.0,6.7869,9300
2026-05-26 09:00:00,6.786339999999999,6.78729,6.785,6.786230000000001,9013.0,6.7863,9013
2026-05-26 10:00:00,6.78604,6.786499999999999,6.7819,6.782769999999999,8783.0,6.7843,8783
2026-05-26 11:00:00,6.782830000000001,6.78519,6.78205,6.78512,9210.0,6.7837,9210
2026-05-26 12:00:00,6.78503,6.7858,6.7841,6.784739999999999,10329.0,6.785,10329
2026-05-26 13:00:00,6.784750000000001,6.786569999999999,6.78444,6.78552,11689.0,6.7856,11689
2026-05-26 14:00:00,6.78552,6.78625,6.784300000000001,6.785939999999999,11128.0,6.7855,11128
2026-05-26 15:00:00,6.785950000000001,6.787710000000001,6.78556,6.78671,10552.0,6.7867,10552
2026-05-26 16:00:00,6.78672,6.78693,6.785299999999999,6.78631,8262.0,6.7862,8262
2026-05-26 17:00:00,6.78637,6.786790000000001,6.785100000000001,6.7864,8654.0,6.7862,8654
2026-05-26 18:00:00,6.78633,6.78689,6.785100000000001,6.785769999999999,8324.0,6.7863,8324
2026-05-26 19:00:00,6.78584,6.78619,6.784700000000001,6.78531,6636.0,6.7857,6636
2026-05-26 20:00:00,6.78535,6.78558,6.783939999999999,6.783980000000001,3415.0,6.785,3415
2026-05-26 21:00:00,6.784070000000001,6.78626,6.77353,6.78445,2202.0,6.7842,2202
2026-05-26 22:00:00,6.78445,6.786169999999999,6.782659999999999,6.78512,1569.0,6.7851,1569
2026-05-26 23:00:00,6.78512,6.78593,6.782579999999999,6.783939999999999,3724.0,6.7842,3724
2026-05-27 00:00:00,6.78397,6.78423,6.77763,6.78025,10163.0,6.7805,10163
2026-05-27 01:00:00,6.78024,6.784190000000001,6.77831,6.78342,12376.0,6.7813,12376
2026-05-27 02:00:00,6.7833,6.784009999999999,6.78099,6.78221,10308.0,6.7827,10308
2026-05-27 03:00:00,6.78212,6.78229,6.779299999999999,6.781009999999999,8556.0,6.7808,8556
2026-05-27 04:00:00,6.78108,6.78124,6.7795000000000005,6.78036,6154.0,6.7806,6154
2026-05-27 05:00:00,6.780339999999999,6.780940000000001,6.778300000000001,6.780220000000001,10627.0,6.7797,10627
2026-05-27 06:00:00,6.78028,6.7822,6.77927,6.78206,11856.0,6.7809,11856
2026-05-27 07:00:00,6.78189,6.78382,6.78054,6.781569999999999,11424.0,6.7825,11424
2026-05-27 08:00:00,6.78137,6.78204,6.77955,6.78032,10554.0,6.7809,10554
2026-05-27 09:00:00,6.78032,6.78176,6.779100000000001,6.78084,9123.0,6.7805,9123
2026-05-27 10:00:00,6.780899999999999,6.78221,6.78,6.7818700000000005,7847.0,6.7812,7847
2026-05-27 11:00:00,6.782030000000001,6.78395,6.781630000000001,6.78287,9393.0,6.7828,9393
2026-05-27 12:00:00,6.78275,6.784750000000001,6.77923,6.78164,13736.0,6.7816,13736
2026-05-27 13:00:00,6.781619999999999,6.78176,6.7782,6.779020000000001,13514.0,6.7797,13514
2026-05-27 14:00:00,6.77888,6.77929,6.775459999999999,6.77826,13967.0,6.7776,13967
2026-05-27 15:00:00,6.77833,6.77995,6.7764,6.778510000000001,11541.0,6.7784,11541
2026-05-27 16:00:00,6.778300000000001,6.77947,6.777539999999999,6.77865,8942.0,6.7785,8942
2026-05-27 17:00:00,6.7788,6.78058,6.77831,6.779939999999999,8545.0,6.7799,8545
2026-05-27 18:00:00,6.780099999999999,6.78077,6.7788,6.77929,7161.0,6.78,7161
2026-05-27 19:00:00,6.779249999999999,6.7795000000000005,6.777699999999999,6.778449999999999,6686.0,6.7787,6686
2026-05-27 20:00:00,6.77838,6.77934,6.77748,6.77816,3957.0,6.7786,3957
2026-05-27 21:00:00,6.7776,6.778969999999999,6.7647,6.77665,2094.0,6.776,2094
2026-05-27 22:00:00,6.774979999999999,6.77746,6.77441,6.77716,1425.0,6.7765,1425
2026-05-27 23:00:00,6.77645,6.78016,6.77503,6.7790300000000006,7058.0,6.7778,7058
2026-05-28 00:00:00,6.77808,6.77976,6.7773900000000005,6.77853,10926.0,6.7785,10926
2026-05-28 01:00:00,6.77849,6.78071,6.775449999999999,6.78015,12821.0,6.7781,12821
2026-05-28 02:00:00,6.78008,6.78296,6.77967,6.781820000000001,10286.0,6.7813,10286
2026-05-28 03:00:00,6.781859999999999,6.78776,6.781,6.78695,11754.0,6.7845,11754
2026-05-28 04:00:00,6.78693,6.788220000000001,6.785430000000001,6.785489999999999,9562.0,6.7863,9562
2026-05-28 05:00:00,6.78552,6.78659,6.7826,6.7834,11264.0,6.7849,11264
2026-05-28 06:00:00,6.783329999999999,6.783510000000001,6.78077,6.78154,11028.0,6.7822,11028
2026-05-28 07:00:00,6.78165,6.78312,6.7795000000000005,6.780620000000001,11085.0,6.7818,11085
2026-05-28 08:00:00,6.78054,6.78132,6.7791500000000005,6.7808,10216.0,6.7804,10216
2026-05-28 09:00:00,6.7808,6.78151,6.7792,6.78045,9190.0,6.7805,9190
2026-05-28 10:00:00,6.78054,6.78155,6.7794,6.781230000000001,9084.0,6.7804,9084
2026-05-28 11:00:00,6.781420000000001,6.78151,6.7802,6.780819999999999,3589.0,6.7809,3589
2026-05-28 12:00:00,6.78112,6.78128,6.7778,6.77836,9931.0,6.7793,9931
2026-05-28 13:00:00,6.77838,6.779249999999999,6.7769,6.77842,10929.0,6.7784,10929
2026-05-28 14:00:00,6.778230000000001,6.77907,6.7723,6.7736,14314.0,6.7752,14314
2026-05-28 15:00:00,6.77348,6.77441,6.772270000000001,6.77361,11427.0,6.7734,11427
2026-05-28 16:00:00,6.77343,6.773630000000001,6.770860000000001,6.77185,10028.0,6.7722,10028
2026-05-28 17:00:00,6.77179,6.77293,6.771299999999999,6.772259999999999,8979.0,6.7723,8979
2026-05-28 18:00:00,6.772270000000001,6.77367,6.7715000000000005,6.7727900000000005,8477.0,6.7727,8477
2026-05-28 19:00:00,6.77299,6.773569999999999,6.772,6.77305,7521.0,6.773,7521
2026-05-28 20:00:00,6.773,6.773859999999999,6.77108,6.77285,5157.0,6.7732,5157
2026-05-28 21:00:00,6.772339999999999,6.7732600000000005,6.76646,6.77271,1954.0,6.7712,1954
2026-05-28 22:00:00,6.77025,6.77297,6.77025,6.77225,1700.0,6.7719,1700
2026-05-28 23:00:00,6.77253,6.773969999999999,6.7716,6.77254,5557.0,6.7727,5557
2026-05-29 00:00:00,6.7727,6.77497,6.7722,6.773980000000001,9100.0,6.7736,9100
2026-05-29 01:00:00,6.773580000000001,6.774710000000001,6.76852,6.76972,14155.0,6.7712,14155
2026-05-29 02:00:00,6.76951,6.769939999999999,6.76719,6.76888,9566.0,6.7688,9566
2026-05-29 03:00:00,6.76885,6.77109,6.767849999999999,6.76969,10058.0,6.7694,10058
2026-05-29 04:00:00,6.76972,6.770169999999999,6.768,6.768529999999999,7672.0,6.7693,7672
2026-05-29 05:00:00,6.768529999999999,6.7696,6.7674,6.768460000000001,10000.0,6.7688,10000
2026-05-29 06:00:00,6.76822,6.76963,6.7669,6.76867,11344.0,6.7684,11344
2026-05-29 07:00:00,6.76873,6.77108,6.7672,6.767340000000001,12017.0,6.7691,12017
2026-05-29 08:00:00,6.76737,6.76918,6.767100000000001,6.7685900000000006,10775.0,6.7682,10775
2026-05-29 09:00:00,6.7686,6.7689900000000005,6.7654,6.76708,10356.0,6.7673,10356
2026-05-29 10:00:00,6.767110000000001,6.768070000000001,6.76617,6.766179999999999,8449.0,6.7672,8449
2026-05-29 11:00:00,6.766179999999999,6.766579999999999,6.764499999999999,6.76465,9036.0,6.7658,9036
2026-05-29 12:00:00,6.76452,6.765689999999999,6.759900000000001,6.762339999999999,11557.0,6.7639,11557
2026-05-29 13:00:00,6.76238,6.76436,6.76186,6.7628,11532.0,6.7631,11532
2026-05-29 14:00:00,6.76282,6.764259999999999,6.7601,6.76185,12541.0,6.7626,12541
2026-05-29 15:00:00,6.76188,6.76268,6.760300000000001,6.761900000000001,11830.0,6.7614,11830
2026-05-29 16:00:00,6.76179,6.7642,6.76165,6.76328,9027.0,6.7629,9027
2026-05-29 17:00:00,6.76327,6.766030000000001,6.763129999999999,6.766030000000001,7909.0,6.7645,7909
2026-05-29 18:00:00,6.76594,6.76621,6.764,6.76533,8246.0,6.7651,8246
2026-05-29 19:00:00,6.765340000000001,6.7655,6.7635000000000005,6.764950000000001,7733.0,6.7647,7733
2026-05-29 20:00:00,6.76496,6.76583,6.7568600000000005,6.75793,5149.0,6.7644,5149
2026-05-31 21:00:00,6.75959,6.7608,6.75864,6.758929999999999,752.0,6.7596,752
2026-05-31 22:00:00,6.758990000000001,6.76402,6.75795,6.763649999999999,591.0,6.7622,591
2026-05-31 23:00:00,6.763660000000001,6.76428,6.76295,6.76379,3278.0,6.7636,3278
2026-06-01 00:00:00,6.763459999999999,6.76503,6.76216,6.764049999999999,11033.0,6.7639,11033
2026-06-01 01:00:00,6.763939999999999,6.76844,6.76348,6.766179999999999,14393.0,6.7662,14393
2026-06-01 02:00:00,6.766220000000001,6.7676,6.76521,6.766710000000001,10519.0,6.7667,10519
2026-06-01 03:00:00,6.766700000000001,6.768140000000001,6.76599,6.76744,8864.0,6.7671,8864
2026-06-01 04:00:00,6.76743,6.76756,6.76644,6.7665500000000005,5491.0,6.7669,5491
2026-06-01 05:00:00,6.76651,6.766769999999999,6.764099999999999,6.76514,10272.0,6.7655,10272
2026-06-01 06:00:00,6.764819999999999,6.76661,6.7639000000000005,6.765630000000001,12022.0,6.7652,12022
2026-06-01 07:00:00,6.765740000000001,6.76651,6.76448,6.7648600000000005,11234.0,6.7653,11234
2026-06-01 08:00:00,6.76499,6.76516,6.7631000000000006,6.764620000000001,11742.0,6.7645,11742
2026-06-01 09:00:00,6.76475,6.76515,6.762899999999999,6.76357,10614.0,6.7643,10614
2026-06-01 10:00:00,6.763539999999999,6.764,6.7624,6.76344,9434.0,6.7635,9434
2026-06-01 11:00:00,6.76341,6.764380000000001,6.762910000000001,6.76376,10151.0,6.7638,10151
2026-06-01 12:00:00,6.76377,6.764609999999999,6.762300000000001,6.76308,11977.0,6.7635,11977
2026-06-01 13:00:00,6.763059999999999,6.77064,6.762099999999999,6.76971,14818.0,6.7676,14818
2026-06-01 14:00:00,6.769769999999999,6.770860000000001,6.76796,6.76851,13940.0,6.7692,13940
2026-06-01 15:00:00,6.768460000000001,6.76953,6.765009999999999,6.76667,12132.0,6.7672,12132
2026-06-01 16:00:00,6.76667,6.76804,6.764329999999999,6.76472,10596.0,6.7665,10596
2026-06-01 17:00:00,6.76492,6.7661,6.7631000000000006,6.7642,10600.0,6.7649,10600
2026-06-01 18:00:00,6.76413,6.76517,6.763299999999999,6.764889999999999,7914.0,6.7646,7914
2026-06-01 19:00:00,6.764889999999999,6.76531,6.764,6.7647900000000005,7618.0,6.7648,7618
2026-06-01 20:00:00,6.76496,6.765459999999999,6.76256,6.765020000000001,4837.0,6.7648,4837
2026-06-01 21:00:00,6.765020000000001,6.76545,6.751340000000001,6.7616700000000005,2234.0,6.763,2234
2026-06-01 22:00:00,6.763190000000001,6.76553,6.76044,6.76413,1933.0,6.7633,1933
2026-06-01 23:00:00,6.763699999999999,6.764609999999999,6.76252,6.76351,3711.0,6.7636,3711
2026-06-02 00:00:00,6.7634300000000005,6.76539,6.762569999999999,6.76339,9531.0,6.764,9531
2026-06-02 01:00:00,6.76339,6.76481,6.76036,6.76299,13068.0,6.7629,13068
2026-06-02 02:00:00,6.76299,6.763059999999999,6.75966,6.760339999999999,10755.0,6.7611,10755
2026-06-02 03:00:00,6.76033,6.76125,6.7593,6.75996,8800.0,6.7605,8800
2026-06-02 04:00:00,6.759939999999999,6.7601,6.758,6.75869,7385.0,6.7592,7385
2026-06-02 05:00:00,6.75856,6.759849999999999,6.7579,6.759729999999999,10561.0,6.7591,10561
2026-06-02 06:00:00,6.7597,6.75992,6.7579,6.75873,11460.0,6.7591,11460
2026-06-02 07:00:00,6.75881,6.76132,6.7586200000000005,6.7607800000000005,11746.0,6.76,11746
2026-06-02 08:00:00,6.76067,6.761609999999999,6.75956,6.76136,10367.0,6.7607,10367
2026-06-02 09:00:00,6.7613900000000005,6.763020000000001,6.76135,6.76203,9258.0,6.7623,9258
2026-06-02 10:00:00,6.76204,6.762460000000001,6.7604,6.76128,7041.0,6.7616,7041
2026-06-02 11:00:00,6.761270000000001,6.76186,6.7602,6.76116,7553.0,6.7612,7553
2026-06-02 12:00:00,6.76097,6.76168,6.7597,6.7609900000000005,9754.0,6.7609,9754
2026-06-02 13:00:00,6.76085,6.763260000000001,6.76067,6.762449999999999,10971.0,6.7621,10971
2026-06-02 14:00:00,6.7621400000000005,6.76423,6.76132,6.7618,11066.0,6.7624,11066
2026-06-02 15:00:00,6.761779999999999,6.763020000000001,6.7608,6.76228,10271.0,6.7622,10271
2026-06-02 16:00:00,6.7622,6.764499999999999,6.76205,6.763660000000001,8114.0,6.7632,8114
2026-06-02 17:00:00,6.76351,6.76493,6.76312,6.764780000000001,7228.0,6.7643,7228
2026-06-02 18:00:00,6.76484,6.76512,6.7632,6.76385,7214.0,6.7643,7214
2026-06-02 19:00:00,6.76373,6.76404,6.7626,6.76363,5496.0,6.7636,5496
2026-06-02 20:00:00,6.76363,6.7638,6.76111,6.76172,4482.0,6.763,4482
2026-06-02 21:00:00,6.76116,6.76281,6.75147,6.76004,1881.0,6.7601,1881
2026-06-02 22:00:00,6.76004,6.76294,6.75828,6.76157,1885.0,6.7615,1885
2026-06-02 23:00:00,6.76164,6.76459,6.76063,6.76407,6916.0,6.7631,6916
2026-06-03 00:00:00,6.76414,6.76521,6.7628,6.76362,8051.0,6.764,8051
2026-06-03 01:00:00,6.76368,6.76782,6.76277,6.76549,11428.0,6.7653,11428
2026-06-03 02:00:00,6.76549,6.768860000000001,6.764950000000001,6.76681,9191.0,6.7666,9191
2026-06-03 03:00:00,6.7673,6.768070000000001,6.766,6.7679800000000006,7868.0,6.7671,7868
2026-06-03 04:00:00,6.76789,6.768019999999999,6.766649999999999,6.76728,5675.0,6.7676,5675
2026-06-03 05:00:00,6.76735,6.76911,6.7665,6.768179999999999,9515.0,6.7677,9515
2026-06-03 06:00:00,6.76827,6.77281,6.7676,6.77141,13273.0,6.7711,13273
2026-06-03 07:00:00,6.77134,6.77456,6.769,6.77257,13475.0,6.772,13475
2026-06-03 08:00:00,6.772550000000001,6.775779999999999,6.7718,6.77441,12803.0,6.774,12803
2026-06-03 09:00:00,6.7744,6.774700000000001,6.77127,6.771299999999999,10973.0,6.7733,10973
2026-06-03 10:00:00,6.771299999999999,6.77204,6.76901,6.77179,10476.0,6.7709,10476
2026-06-03 11:00:00,6.771939999999999,6.772390000000001,6.76998,6.771,8970.0,6.7716,8970
2026-06-03 12:00:00,6.77122,6.77524,6.770099999999999,6.7745,11276.0,6.773,11276
2026-06-03 13:00:00,6.7745,6.77561,6.7727,6.77507,12411.0,6.7741,12411
2026-06-03 14:00:00,6.77504,6.777550000000001,6.7741,6.77629,12458.0,6.7761,12458
2026-06-03 15:00:00,6.77612,6.77945,6.77597,6.77905,11734.0,6.7776,11734
2026-06-03 16:00:00,6.779190000000001,6.781299999999999,6.779,6.780460000000001,9205.0,6.7804,9205
2026-06-03 17:00:00,6.780460000000001,6.781580000000001,6.779100000000001,6.78025,9396.0,6.7805,9396
2026-06-03 18:00:00,6.78014,6.78161,6.779939999999999,6.78075,8527.0,6.7809,8527
2026-06-03 19:00:00,6.78084,6.78109,6.763299999999999,6.7804,6897.0,6.7802,6897
2026-06-03 20:00:00,6.78042,6.780899999999999,6.779100000000001,6.77952,5223.0,6.7799,5223
2026-06-03 21:00:00,6.779529999999999,6.780339999999999,6.77353,6.77985,1445.0,6.778,1445
2026-06-03 22:00:00,6.7778,6.7798,6.77615,6.777139999999999,1577.0,6.7784,1577
2026-06-03 23:00:00,6.77745,6.778300000000001,6.7749500000000005,6.7769,5503.0,6.777,5503
2026-06-04 00:00:00,6.77683,6.77706,6.77417,6.7763100000000005,10280.0,6.7757,10280
2026-06-04 01:00:00,6.7763100000000005,6.7780700000000005,6.774649999999999,6.77604,12646.0,6.7768,12646
2026-06-04 02:00:00,6.77603,6.776689999999999,6.7745,6.77587,10626.0,6.7756,10626
2026-06-04 03:00:00,6.775790000000001,6.779660000000001,6.7754,6.7781400000000005,8870.0,6.7778,8870
2026-06-04 04:00:00,6.7781400000000005,6.77844,6.77555,6.77667,6170.0,6.7771,6170
2026-06-04 05:00:00,6.77666,6.77809,6.776179999999999,6.776529999999999,9588.0,6.7772,9588
2026-06-04 06:00:00,6.7763100000000005,6.777379999999999,6.772499999999999,6.77469,12448.0,6.7751,12448
2026-06-04 07:00:00,6.77445,6.779260000000001,6.7731,6.77744,12809.0,6.7763,12809
2026-06-04 08:00:00,6.77744,6.779529999999999,6.7731900000000005,6.77745,12140.0,6.7776,12140
2026-06-04 09:00:00,6.77733,6.77758,6.77104,6.774310000000001,11649.0,6.776,11649
2026-06-04 10:00:00,6.774380000000001,6.775449999999999,6.7712,6.774780000000001,9601.0,6.7745,9601
2026-06-04 11:00:00,6.774649999999999,6.77479,6.76792,6.77047,11397.0,6.7726,11397
2026-06-04 12:00:00,6.77048,6.773219999999999,6.76769,6.77316,12547.0,6.7716,12547
2026-06-04 13:00:00,6.77309,6.77504,6.76958,6.77435,12115.0,6.7738,12115
2026-06-04 14:00:00,6.77428,6.77553,6.7702,6.775180000000001,10803.0,6.7745,10803
2026-06-04 15:00:00,6.77496,6.77622,6.77135,6.774249999999999,9719.0,6.7748,9719
2026-06-04 16:00:00,6.774249999999999,6.77496,6.773299999999999,6.774780000000001,7202.0,6.7741,7202
2026-06-04 17:00:00,6.77475,6.776460000000001,6.77464,6.77604,6591.0,6.7758,6591
2026-06-04 18:00:00,6.77604,6.77691,6.775500000000001,6.77649,6017.0,6.7762,6017
2026-06-04 19:00:00,6.77649,6.77756,6.775900000000001,6.77697,5775.0,6.7769,5775
2026-06-04 20:00:00,6.7769900000000005,6.7774,6.7758,6.77644,3686.0,6.7769,3686
2026-06-04 21:00:00,6.77644,6.77961,6.767110000000001,6.771020000000001,2268.0,6.7736,2268
2026-06-04 22:00:00,6.77305,6.776809999999999,6.77296,6.77519,1429.0,6.7752,1429
2026-06-04 23:00:00,6.77535,6.77701,6.774380000000001,6.77664,4233.0,6.7756,4233
2026-06-05 00:00:00,6.776070000000001,6.77843,6.77592,6.777939999999999,9433.0,6.7775,9433
2026-06-05 01:00:00,6.778,6.78014,6.775729999999999,6.77657,12272.0,6.7776,12272
2026-06-05 02:00:00,6.776460000000001,6.77772,6.77416,6.77692,11544.0,6.7759,11544
2026-06-05 03:00:00,6.776979999999999,6.77742,6.775100000000001,6.7758,9437.0,6.7763,9437
2026-06-05 04:00:00,6.77577,6.7761,6.774540000000001,6.7749,6269.0,6.7755,6269
2026-06-05 05:00:00,6.77491,6.77564,6.772899999999999,6.775379999999999,8375.0,6.7747,8375
2026-06-05 06:00:00,6.77532,6.77656,6.773289999999999,6.77507,11845.0,6.775,11845
2026-06-05 07:00:00,6.775059999999999,6.77514,6.770630000000001,6.77275,13062.0,6.7734,13062
2026-06-05 08:00:00,6.77275,6.77298,6.76962,6.77123,11407.0,6.7707,11407
2026-06-05 09:00:00,6.77124,6.77156,6.7656600000000005,6.765689999999999,12221.0,6.7678,12221
2026-06-05 10:00:00,6.765689999999999,6.76685,6.7644,6.76675,9423.0,6.7658,9423
2026-06-05 11:00:00,6.76656,6.76815,6.766140000000001,6.76624,9075.0,6.7673,9075
2026-06-05 12:00:00,6.766140000000001,6.777430000000001,6.76576,6.777340000000001,13162.0,6.7704,13162
2026-06-05 13:00:00,6.77692,6.78054,6.77429,6.78048,14713.0,6.7771,14713
2026-06-05 14:00:00,6.78047,6.78496,6.77852,6.78332,14265.0,6.7833,14265
2026-06-05 15:00:00,6.78327,6.78912,6.78285,6.78905,11876.0,6.7869,11876
2026-06-05 16:00:00,6.789,6.79047,6.7883,6.78927,11463.0,6.7895,11463
2026-06-05 17:00:00,6.7892600000000005,6.79069,6.78828,6.79005,11012.0,6.7894,11012
2026-06-05 18:00:00,6.7898700000000005,6.791900000000001,6.78972,6.79159,9788.0,6.791,9788
2026-06-05 19:00:00,6.791500000000001,6.7920300000000005,6.790700000000001,6.79103,9323.0,6.7913,9323
2026-06-05 20:00:00,6.790979999999999,6.79346,6.785379999999999,6.79125,7990.0,6.7904,7990
2026-06-07 21:00:00,6.7853900000000005,6.791,6.7853900000000005,6.79088,348.0,6.79,348
2026-06-07 22:00:00,6.7909,6.79155,6.79059,6.7910200000000005,650.0,6.7909,650
2026-06-07 23:00:00,6.79092,6.79131,6.788860000000001,6.78928,2146.0,6.7901,2146
2026-06-08 00:00:00,6.78925,6.78964,6.784750000000001,6.78506,8391.0,6.787,8391
2026-06-08 01:00:00,6.7854,6.791779999999999,6.78403,6.78587,14272.0,6.7865,14272
2026-06-08 02:00:00,6.785900000000001,6.78763,6.78502,6.786230000000001,13170.0,6.7861,13170
2026-06-08 03:00:00,6.786179999999999,6.78677,6.78536,6.78551,9462.0,6.7861,9462
2026-06-08 04:00:00,6.78536,6.7866,6.78436,6.786289999999999,8569.0,6.7854,8569
2026-06-08 05:00:00,6.78621,6.78816,6.7852,6.78738,11597.0,6.7867,11597
2026-06-08 06:00:00,6.78732,6.78937,6.7858,6.788940000000001,11975.0,6.7872,11975
2026-06-08 07:00:00,6.788889999999999,6.789470000000001,6.78516,6.785699999999999,13023.0,6.7869,13023
2026-06-08 08:00:00,6.7856,6.787129999999999,6.7844,6.78695,11837.0,6.7861,11837
2026-06-08 09:00:00,6.78678,6.78864,6.78448,6.78633,11766.0,6.7868,11766
2026-06-08 10:00:00,6.78633,6.78808,6.783740000000001,6.786339999999999,11691.0,6.7862,11691
2026-06-08 11:00:00,6.7863500000000005,6.7866,6.78161,6.782780000000001,11979.0,6.7838,11979
2026-06-08 12:00:00,6.78276,6.78297,6.780099999999999,6.78112,11943.0,6.7818,11943
2026-06-08 13:00:00,6.78117,6.78336,6.78017,6.78312,12149.0,6.7814,12149
2026-06-08 14:00:00,6.7832300000000005,6.78551,6.7828,6.78324,12761.0,6.7841,12761
2026-06-08 15:00:00,6.78326,6.78457,6.7823,6.783980000000001,11243.0,6.7835,11243
2026-06-08 16:00:00,6.7839100000000006,6.784179999999999,6.782700000000001,6.7836300000000005,9389.0,6.7836,9389
2026-06-08 17:00:00,6.78368,6.7914,6.7828,6.78375,9400.0,6.7838,9400
2026-06-08 18:00:00,6.78381,6.784700000000001,6.7825,6.784590000000001,7868.0,6.7836,7868
2026-06-08 19:00:00,6.78457,6.78466,6.7833,6.78422,7829.0,6.7842,7829
2026-06-08 20:00:00,6.7842,6.78492,6.7836,6.78427,3419.0,6.7844,3419
2026-06-08 21:00:00,6.78428,6.78462,6.7768,6.78412,1771.0,6.7821,1771
2026-06-08 22:00:00,6.78155,6.784540000000001,6.77872,6.784140000000001,1608.0,6.783,1608
2026-06-08 23:00:00,6.7832300000000005,6.78581,6.78287,6.784809999999999,4783.0,6.7842,4783
2026-06-09 00:00:00,6.785340000000001,6.78579,6.78208,6.78319,10680.0,6.7838,10680
2026-06-09 01:00:00,6.783100000000001,6.78341,6.77746,6.77927,13064.0,6.7803,13064
2026-06-09 02:00:00,6.77916,6.78208,6.77877,6.78002,11322.0,6.7803,11322
2026-06-09 03:00:00,6.77992,6.78108,6.779420000000001,6.77963,10088.0,6.7801,10088
2026-06-09 04:00:00,6.77978,6.78008,6.77664,6.77685,8435.0,6.7786,8435
2026-06-09 05:00:00,6.776819999999999,6.778,6.773289999999999,6.77401,11761.0,6.7761,11761
2026-06-09 06:00:00,6.773969999999999,6.774150000000001,6.770460000000001,6.77138,13722.0,6.7723,13722
2026-06-09 07:00:00,6.77112,6.77325,6.769660000000001,6.772819999999999,13518.0,6.7718,13518
2026-06-09 08:00:00,6.772940000000001,6.774140000000001,6.7685,6.769539999999999,12937.0,6.7713,12937
2026-06-09 09:00:00,6.76946,6.77265,6.76923,6.77244,10303.0,6.7705,10303
2026-06-09 10:00:00,6.772380000000001,6.774489999999999,6.771100000000001,6.771859999999999,9224.0,6.7724,9224
2026-06-09 11:00:00,6.77191,6.77259,6.7706,6.772209999999999,9822.0,6.7718,9822
2026-06-09 12:00:00,6.772209999999999,6.77315,6.7716,6.77177,10067.0,6.7723,10067
2026-06-09 13:00:00,6.77173,6.77293,6.76902,6.77144,12446.0,6.7713,12446
2026-06-09 14:00:00,6.771260000000001,6.773969999999999,6.76962,6.77368,14723.0,6.7721,14723
2026-06-09 15:00:00,6.77367,6.77649,6.7724,6.775459999999999,13634.0,6.7747,13634
2026-06-09 16:00:00,6.77532,6.779699999999999,6.77474,6.77819,12854.0,6.7773,12854
2026-06-09 17:00:00,6.77824,6.778499999999999,6.775379999999999,6.77711,12462.0,6.777,12462
2026-06-09 18:00:00,6.77713,6.77771,6.7757,6.777139999999999,11174.0,6.777,11174
2026-06-09 19:00:00,6.777209999999999,6.779139999999999,6.777100000000001,6.778860000000001,12255.0,6.7784,12255
2026-06-09 20:00:00,6.77877,6.77904,6.776819999999999,6.777,5154.0,6.778,5154
2026-06-09 21:00:00,6.7785400000000005,6.77876,6.761699999999999,6.777430000000001,1018.0,6.7764,1018
2026-06-09 22:00:00,6.777430000000001,6.778499999999999,6.77521,6.77821,1485.0,6.7775,1485
2026-06-09 23:00:00,6.777820000000001,6.77871,6.77572,6.776179999999999,3939.0,6.7774,3939
2026-06-10 00:00:00,6.776339999999999,6.77813,6.775329999999999,6.776060000000001,9949.0,6.777,9949
2026-06-10 01:00:00,6.776060000000001,6.77746,6.77429,6.7768,12987.0,6.7759,12987
2026-06-10 02:00:00,6.77692,6.77855,6.775740000000001,6.77632,11721.0,6.7771,11721
2026-06-10 03:00:00,6.77624,6.7767100000000005,6.77452,6.776179999999999,8907.0,6.7759,8907
2026-06-10 04:00:00,6.7762,6.777299999999999,6.7753,6.77702,8398.0,6.7767,8398
2026-06-10 05:00:00,6.777219999999999,6.77772,6.7742,6.77633,11185.0,6.7764,11185
2026-06-10 06:00:00,6.77626,6.77683,6.7741,6.77683,11064.0,6.7756,11064
2026-06-10 07:00:00,6.776689999999999,6.77923,6.77569,6.77821,11078.0,6.7775,11078
2026-06-10 08:00:00,6.77831,6.7801100000000005,6.777699999999999,6.7796,11780.0,6.779,11780
2026-06-10 09:00:00,6.7796,6.781619999999999,6.77934,6.78084,11177.0,6.7805,11177
2026-06-10 10:00:00,6.78075,6.78108,6.77884,6.779180000000001,9111.0,6.7802,9111
2026-06-10 11:00:00,6.779100000000001,6.78371,6.77887,6.782649999999999,13709.0,6.7825,13709
2026-06-10 12:00:00,6.78257,6.78259,6.775900000000001,6.77856,12416.0,6.7792,12416
2026-06-10 13:00:00,6.77842,6.78093,6.77519,6.777219999999999,11499.0,6.7774,11499
2026-06-10 14:00:00,6.777,6.78205,6.775500000000001,6.77865,13569.0,6.7778,13569
2026-06-10 15:00:00,6.778860000000001,6.783390000000001,6.7762,6.77815,13581.0,6.7783,13581
2026-06-10 16:00:00,6.77802,6.782220000000001,6.777500000000001,6.77922,12527.0,6.7788,12527
2026-06-10 17:00:00,6.77907,6.78274,6.778099999999999,6.77912,12588.0,6.7795,12588
2026-06-10 18:00:00,6.77911,6.7825,6.777699999999999,6.779820000000001,12123.0,6.7792,12123
2026-06-10 19:00:00,6.779710000000001,6.78343,6.77963,6.78076,11617.0,6.7806,11617
2026-06-10 20:00:00,6.78081,6.78462,6.78064,6.7816,5039.0,6.782,5039
2026-06-10 21:00:00,6.7816,6.78415,6.770849999999999,6.780460000000001,2747.0,6.7794,2747
2026-06-10 22:00:00,6.77805,6.782649999999999,6.777950000000001,6.782089999999999,2800.0,6.781,2800
2026-06-10 23:00:00,6.78208,6.7847100000000005,6.781420000000001,6.78178,7368.0,6.7825,7368
2026-06-11 00:00:00,6.781750000000001,6.782179999999999,6.7792,6.7798,13792.0,6.7803,13792
2026-06-11 01:00:00,6.77975,6.7811,6.777340000000001,6.77787,12421.0,6.7794,12421
2026-06-11 02:00:00,6.77803,6.779820000000001,6.77725,6.77799,11245.0,6.7786,11245
2026-06-11 03:00:00,6.77799,6.778110000000001,6.7757,6.77633,9235.0,6.7767,9235
2026-06-11 04:00:00,6.776339999999999,6.7769900000000005,6.7754,6.77609,7067.0,6.7764,7067
2026-06-11 05:00:00,6.776070000000001,6.77717,6.775729999999999,6.77689,9812.0,6.7765,9812
2026-06-11 06:00:00,6.776870000000001,6.77849,6.7761,6.778110000000001,10259.0,6.7774,10259
2026-06-11 07:00:00,6.778060000000001,6.7786,6.77612,6.778099999999999,11595.0,6.7776,11595
2026-06-11 08:00:00,6.778179999999999,6.780270000000001,6.77805,6.78019,10682.0,6.7791,10682
2026-06-11 09:00:00,6.78028,6.78165,6.77909,6.77948,9430.0,6.7806,9430
2026-06-11 10:00:00,6.77975,6.781,6.7788,6.78009,9482.0,6.7801,9482
2026-06-11 11:00:00,6.78,6.78014,6.7778,6.77866,9923.0,6.7789,9923
2026-06-11 12:00:00,6.778579999999999,6.781740000000001,6.77756,6.7791500000000005,13186.0,6.7798,13186
2026-06-11 13:00:00,6.77912,6.78108,6.7769,6.77888,12132.0,6.7795,12132
2026-06-11 14:00:00,6.77901,6.78045,6.77849,6.78015,12301.0,6.7796,12301
2026-06-11 15:00:00,6.78029,6.780670000000001,6.77836,6.77944,12229.0,6.7793,12229
2026-06-11 16:00:00,6.779529999999999,6.78,6.778700000000001,6.77972,10621.0,6.7795,10621
2026-06-11 17:00:00,6.77968,6.78032,6.76941,6.77093,12878.0,6.7748,12878
2026-06-11 18:00:00,6.77093,6.773969999999999,6.76837,6.76986,13401.0,6.7713,13401
2026-06-11 19:00:00,6.76997,6.76997,6.763939999999999,6.76418,12878.0,6.7667,12878
2026-06-11 20:00:00,6.76423,6.76423,6.7616,6.7628,8197.0,6.7632,8197
2026-06-11 21:00:00,6.7628,6.7656,6.75601,6.76533,1541.0,6.763,1541
2026-06-11 22:00:00,6.76203,6.765569999999999,6.760739999999999,6.76305,2957.0,6.7632,2957
2026-06-11 23:00:00,6.7626,6.76651,6.762569999999999,6.76565,6514.0,6.7646,6514
2026-06-12 00:00:00,6.765619999999999,6.76716,6.76443,6.76578,10424.0,6.766,10424
2026-06-12 01:00:00,6.76567,6.76916,6.764270000000001,6.768019999999999,12480.0,6.7669,12480
2026-06-12 02:00:00,6.76777,6.76821,6.7648,6.766430000000001,10728.0,6.7665,10728
2026-06-12 03:00:00,6.76636,6.76701,6.762179999999999,6.763020000000001,10720.0,6.7647,10720
2026-06-12 04:00:00,6.76287,6.7659,6.76282,6.76416,7548.0,6.7642,7548
2026-06-12 05:00:00,6.764339999999999,6.7655,6.7635000000000005,6.76474,11856.0,6.7647,11856
2026-06-12 06:00:00,6.76487,6.76505,6.76173,6.76361,12430.0,6.7633,12430
2026-06-12 07:00:00,6.7635000000000005,6.76515,6.7623500000000005,6.762969999999999,12698.0,6.7639,12698
2026-06-12 08:00:00,6.76294,6.763129999999999,6.759900000000001,6.7606,13186.0,6.7614,13186
2026-06-12 09:00:00,6.76062,6.761539999999999,6.75901,6.761270000000001,10753.0,6.7605,10753
2026-06-12 10:00:00,6.76136,6.764099999999999,6.760860000000001,6.76332,10732.0,6.7627,10732
2026-06-12 11:00:00,6.76338,6.764060000000001,6.76168,6.76349,9101.0,6.7632,9101
2026-06-12 12:00:00,6.76332,6.76531,6.763129999999999,6.763820000000001,11476.0,6.7641,11476
2026-06-12 13:00:00,6.76401,6.76484,6.7617400000000005,6.764609999999999,12696.0,6.7633,12696
2026-06-12 14:00:00,6.7643,6.765969999999999,6.76288,6.76316,12748.0,6.7643,12748
2026-06-12 15:00:00,6.76307,6.76397,6.762099999999999,6.763939999999999,11938.0,6.7631,11938
2026-06-12 16:00:00,6.76384,6.76483,6.7622,6.76278,10756.0,6.7632,10756
2026-06-12 17:00:00,6.76278,6.763310000000001,6.7618,6.76284,8113.0,6.7626,8113
2026-06-12 18:00:00,6.76298,6.77001,6.7618,6.76287,7351.0,6.7629,7351
2026-06-12 19:00:00,6.76289,6.763809999999999,6.762,6.76329,7886.0,6.7631,7886
2026-06-12 20:00:00,6.763310000000001,6.76488,6.758430000000001,6.763310000000001,3232.0,6.763,3232
2026-06-14 21:00:00,6.76033,6.760460000000001,6.75755,6.75781,447.0,6.7591,447
2026-06-14 22:00:00,6.75783,6.75851,6.756220000000001,6.75677,1317.0,6.7571,1317
2026-06-14 23:00:00,6.75681,6.75916,6.756780000000001,6.75781,2961.0,6.7578,2961
2026-06-15 00:00:00,6.75773,6.75841,6.755260000000001,6.758,9521.0,6.7567,9521
2026-06-15 01:00:00,6.758140000000001,6.7606,6.755260000000001,6.7572600000000005,12837.0,6.7582,12837
2026-06-15 02:00:00,6.75733,6.75851,6.75561,6.7578700000000005,11106.0,6.7575,11106
2026-06-15 03:00:00,6.75783,6.75801,6.7568600000000005,6.75737,8324.0,6.7573,8324
2026-06-15 04:00:00,6.75731,6.75804,6.7566,6.756729999999999,6653.0,6.7573,6653
2026-06-15 05:00:00,6.75672,6.75768,6.755299999999999,6.75575,10506.0,6.7566,10506
2026-06-15 06:00:00,6.75563,6.75941,6.75561,6.759169999999999,9602.0,6.7579,9602
2026-06-15 07:00:00,6.75916,6.759510000000001,6.7567,6.757580000000001,9987.0,6.7581,9987
2026-06-15 08:00:00,6.757689999999999,6.75983,6.7574700000000005,6.758830000000001,10049.0,6.7585,10049
2026-06-15 09:00:00,6.758830000000001,6.75897,6.7575,6.758419999999999,8971.0,6.7583,8971
2026-06-15 10:00:00,6.75834,6.759,6.7568,6.758179999999999,8031.0,6.758,8031
2026-06-15 11:00:00,6.7581500000000005,6.75912,6.75776,6.758249999999999,8883.0,6.7583,8883
2026-06-15 12:00:00,6.758249999999999,6.759049999999999,6.7571,6.75772,10131.0,6.7581,10131
2026-06-15 13:00:00,6.75784,6.75839,6.7566,6.757299999999999,10349.0,6.7576,10349
2026-06-15 14:00:00,6.7572,6.75828,6.7564,6.75793,11017.0,6.7573,11017
2026-06-15 15:00:00,6.75792,6.75944,6.7571,6.7590200000000005,8815.0,6.7585,8815
2026-06-15 16:00:00,6.758929999999999,6.75993,6.7584,6.75908,7632.0,6.7593,7632
2026-06-15 17:00:00,6.75909,6.75975,6.7584,6.75941,5466.0,6.7594,5466
2026-06-15 18:00:00,6.75942,6.75992,6.7585,6.75936,6267.0,6.7594,6267
2026-06-15 19:00:00,6.75929,6.75996,6.7581,6.75952,6224.0,6.7592,6224
2026-06-15 20:00:00,6.759449999999999,6.76012,6.75849,6.75857,3764.0,6.7595,3764
2026-06-15 21:00:00,6.75857,6.75949,6.74939,6.758769999999999,897.0,6.7574,897
2026-06-15 22:00:00,6.75739,6.7590200000000005,6.75548,6.75832,875.0,6.7583,875
2026-06-15 23:00:00,6.757969999999999,6.7585500000000005,6.7567,6.75806,2185.0,6.7578,2185
2026-06-16 00:00:00,6.75748,6.760009999999999,6.75748,6.75964,5847.0,6.759,5847
2026-06-16 01:00:00,6.75964,6.761550000000001,6.75699,6.76011,9907.0,6.7597,9907
2026-06-16 02:00:00,6.76032,6.76329,6.759219999999999,6.761609999999999,8328.0,6.7617,8328
2026-06-16 03:00:00,6.761539999999999,6.7621400000000005,6.7602,6.76132,6814.0,6.7614,6814
2026-06-16 04:00:00,6.761260000000001,6.76281,6.760979999999999,6.76186,6241.0,6.762,6241
2026-06-16 05:00:00,6.761900000000001,6.762849999999999,6.7609,6.76272,7478.0,6.762,7478
2026-06-16 06:00:00,6.76281,6.76348,6.7593,6.75993,9869.0,6.7617,9869
2026-06-16 07:00:00,6.75987,6.76131,6.758380000000001,6.75928,11011.0,6.7599,11011
2026-06-16 08:00:00,6.75931,6.75955,6.756729999999999,6.756780000000001,9851.0,6.7583,9851
2026-06-16 09:00:00,6.75685,6.75755,6.756,6.75683,7951.0,6.757,7951
2026-06-16 10:00:00,6.75692,6.7574700000000005,6.7554,6.75588,7452.0,6.7565,7452
2026-06-16 11:00:00,6.755820000000001,6.75811,6.755820000000001,6.757340000000001,7786.0,6.7571,7786
2026-06-16 12:00:00,6.75721,6.75876,6.756499999999999,6.757299999999999,8844.0,6.7578,8844
2026-06-16 13:00:00,6.75739,6.75801,6.75617,6.75737,10829.0,6.7572,10829
2026-06-16 14:00:00,6.75761,6.759169999999999,6.7564,6.75733,10833.0,6.7578,10833
2026-06-16 15:00:00,6.757340000000001,6.75751,6.755,6.75523,10164.0,6.7568,10164
2026-06-16 16:00:00,6.75533,6.75644,6.754499999999999,6.75613,8660.0,6.7556,8660
2026-06-16 17:00:00,6.756060000000001,6.7574700000000005,6.7555000000000005,6.75711,6414.0,6.7567,6414
2026-06-16 18:00:00,6.75705,6.75756,6.756,6.75712,5117.0,6.7571,5117
2026-06-16 19:00:00,6.75715,6.757689999999999,6.756,6.75708,6074.0,6.757,6074
2026-06-16 20:00:00,6.75715,6.757580000000001,6.75602,6.756150000000001,2671.0,6.7571,2671
2026-06-16 21:00:00,6.75604,6.75699,6.74844,6.7564,1651.0,6.7552,1651
2026-06-16 22:00:00,6.755649999999999,6.7571,6.7532700000000006,6.75698,1140.0,6.756,1140
2026-06-16 23:00:00,6.75648,6.75714,6.7541400000000005,6.7564,2678.0,6.7562,2678
2026-06-17 00:00:00,6.75631,6.756670000000001,6.754,6.7540700000000005,8410.0,6.7551,8410
2026-06-17 01:00:00,6.75408,6.75754,6.75331,6.75645,9043.0,6.7557,9043
2026-06-17 02:00:00,6.75629,6.75749,6.755,6.75738,7459.0,6.7565,7459
2026-06-17 03:00:00,6.75744,6.757689999999999,6.7556,6.75624,6027.0,6.7567,6027
2026-06-17 04:00:00,6.75618,6.756329999999999,6.7548,6.75535,5350.0,6.7558,5350
2026-06-17 05:00:00,6.755249999999999,6.75749,6.75482,6.757289999999999,7037.0,6.7556,7037
2026-06-17 06:00:00,6.75715,6.75766,6.75589,6.75604,9479.0,6.7569,9479
2026-06-17 07:00:00,6.75596,6.75748,6.75511,6.757009999999999,9582.0,6.7564,9582
2026-06-17 08:00:00,6.757009999999999,6.758259999999999,6.7562,6.75752,8504.0,6.7573,8504
2026-06-17 09:00:00,6.75736,6.758259999999999,6.75704,6.758,6773.0,6.7577,6773
2026-06-17 10:00:00,6.757980000000001,6.760140000000001,6.7576,6.75929,8201.0,6.759,8201
2026-06-17 11:00:00,6.7592,6.76123,6.758990000000001,6.760689999999999,7805.0,6.7603,7805
2026-06-17 12:00:00,6.76079,6.76095,6.7585,6.75926,9023.0,6.7599,9023
2026-06-17 13:00:00,6.75926,6.760009999999999,6.7585,6.75988,9779.0,6.7594,9779
2026-06-17 14:00:00,6.75995,6.762,6.759449999999999,6.76066,10391.0,6.7602,10391
2026-06-17 15:00:00,6.76066,6.76111,6.758700000000001,6.75909,9771.0,6.7598,9771
2026-06-17 16:00:00,6.7590200000000005,6.7597,6.758300000000001,6.75925,8582.0,6.7593,8582
2026-06-17 17:00:00,6.75915,6.7599100000000005,6.755580000000001,6.7564,7802.0,6.759,7802
2026-06-17 18:00:00,6.75572,6.76777,6.75561,6.767059999999999,15609.0,6.7651,15609
2026-06-17 19:00:00,6.76697,6.78151,6.76624,6.77852,15024.0,6.7758,15024
2026-06-17 20:00:00,6.7784,6.77859,6.771859999999999,6.77214,8276.0,6.7763,8276
2026-06-17 21:00:00,6.771939999999999,6.776339999999999,6.7656600000000005,6.768860000000001,1584.0,6.7736,1584
2026-06-17 22:00:00,6.77485,6.7756,6.77353,6.77408,1389.0,6.7748,1389
2026-06-17 23:00:00,6.77503,6.77526,6.77231,6.77247,3756.0,6.7739,3756
2026-06-18 00:00:00,6.77241,6.773569999999999,6.76965,6.771660000000001,11080.0,6.7718,11080
2026-06-18 01:00:00,6.771539999999999,6.77189,6.7664,6.7670200000000005,11088.0,6.769,11088
2026-06-18 02:00:00,6.7670200000000005,6.767670000000001,6.76269,6.76435,10713.0,6.7651,10713
2026-06-18 03:00:00,6.76423,6.76447,6.76266,6.76266,8113.0,6.7637,8113
2026-06-18 04:00:00,6.76272,6.76373,6.761900000000001,6.76348,6980.0,6.763,6980
2026-06-18 05:00:00,6.7634300000000005,6.76498,6.7624,6.76484,8610.0,6.7637,8610
2026-06-18 06:00:00,6.7648,6.764950000000001,6.76224,6.76299,10757.0,6.7634,10757
2026-06-18 07:00:00,6.76287,6.76571,6.7624,6.762849999999999,11707.0,6.7641,11707
2026-06-18 08:00:00,6.762860000000001,6.769270000000001,6.7627500000000005,6.76897,11827.0,6.7651,11827
2026-06-18 09:00:00,6.76895,6.771580000000001,6.768060000000001,6.77121,11574.0,6.7704,11574
2026-06-18 10:00:00,6.77122,6.77457,6.770700000000001,6.774150000000001,11408.0,6.7726,11408
2026-06-18 11:00:00,6.774179999999999,6.776860000000001,6.773,6.776060000000001,11971.0,6.7753,11971
2026-06-18 12:00:00,6.77592,6.77706,6.77092,6.77383,12494.0,6.7738,12494
2026-06-18 13:00:00,6.773980000000001,6.77504,6.7715000000000005,6.77272,13882.0,6.7731,13882
2026-06-18 14:00:00,6.772670000000001,6.77394,6.7678,6.76889,13475.0,6.7718,13475
2026-06-18 15:00:00,6.76889,6.77432,6.7685900000000006,6.774089999999999,11083.0,6.7713,11083
2026-06-18 16:00:00,6.77429,6.77746,6.77385,6.776540000000001,9336.0,6.7759,9336
2026-06-18 17:00:00,6.776460000000001,6.777150000000001,6.775,6.77696,7713.0,6.7764,7713
2026-06-18 18:00:00,6.77695,6.779059999999999,6.775900000000001,6.77871,7951.0,6.7774,7951
2026-06-18 19:00:00,6.77872,6.78093,6.777219999999999,6.778510000000001,9876.0,6.7792,9876
2026-06-18 20:00:00,6.77849,6.77894,6.777100000000001,6.77756,5604.0,6.7778,5604
2026-06-18 21:00:00,6.7777400000000005,6.778739999999999,6.76873,6.77737,1289.0,6.7764,1289
2026-06-18 22:00:00,6.77685,6.77936,6.77372,6.77785,1703.0,6.7776,1703
2026-06-18 23:00:00,6.77696,6.77799,6.77392,6.77747,3280.0,6.7767,3280
2026-06-19 00:00:00,6.77735,6.77753,6.775100000000001,6.77624,9745.0,6.7765,9745
2026-06-19 01:00:00,6.77628,6.78724,6.77549,6.78683,8757.0,6.7793,8757
2026-06-19 02:00:00,6.7872,6.79116,6.78336,6.78708,10628.0,6.7871,10628
2026-06-19 03:00:00,6.786979999999999,6.79481,6.786899999999999,6.79415,11135.0,6.7913,11135
2026-06-19 04:00:00,6.79409,6.797299999999999,6.79369,6.796899999999999,9331.0,6.7952,9331
2026-06-19 05:00:00,6.79685,6.79793,6.79371,6.794910000000001,10935.0,6.7963,10935
2026-06-19 06:00:00,6.794849999999999,6.795020000000001,6.79068,6.7933,13043.0,6.7931,13043
2026-06-19 07:00:00,6.79331,6.79676,6.792140000000001,6.794339999999999,13482.0,6.7947,13482
2026-06-19 08:00:00,6.79437,6.794700000000001,6.787580000000001,6.7876,12130.0,6.7905,12130
2026-06-19 09:00:00,6.78763,6.78994,6.785900000000001,6.789820000000001,10944.0,6.7886,10944
2026-06-19 10:00:00,6.78976,6.79143,6.789,6.78989,9947.0,6.7903,9947
2026-06-19 11:00:00,6.78993,6.791059999999999,6.787699999999999,6.790089999999999,10038.0,6.7897,10038
2026-06-19 12:00:00,6.78994,6.790819999999999,6.7856,6.7858,11874.0,6.7886,11874
2026-06-19 13:00:00,6.78581,6.78844,6.784529999999999,6.787939999999999,12851.0,6.7869,12851
2026-06-19 14:00:00,6.78784,6.78852,6.7833,6.78448,11918.0,6.7867,11918
2026-06-19 15:00:00,6.784470000000001,6.78572,6.782030000000001,6.783939999999999,8998.0,6.784,8998
2026-06-19 16:00:00,6.78409,6.7847100000000005,6.7572,6.7838,5845.0,6.7839,5845
2026-06-19 17:00:00,6.78377,6.783980000000001,6.7807900000000005,6.78269,3030.0,6.783,3030
2026-06-19 18:00:00,6.78269,6.78347,6.781699999999999,6.78292,2422.0,6.7828,2422
2026-06-19 19:00:00,6.78286,6.783219999999999,6.78081,6.78185,2852.0,6.7819,2852
2026-06-19 20:00:00,6.78211,6.78448,6.77592,6.78421,3184.0,6.7816,3184
2026-06-21 21:00:00,6.778099999999999,6.783740000000001,6.77648,6.78319,716.0,6.7804,716
2026-06-21 22:00:00,6.78268,6.789299999999999,6.78268,6.78452,611.0,6.7841,611
2026-06-21 23:00:00,6.785089999999999,6.78517,6.78264,6.78276,2634.0,6.7837,2634
2026-06-22 00:00:00,6.78261,6.78396,6.779129999999999,6.779190000000001,8873.0,6.7823,8873
2026-06-22 01:00:00,6.77932,6.780609999999999,6.772780000000001,6.77383,13348.0,6.777,13348
2026-06-22 02:00:00,6.77379,6.775100000000001,6.7728,6.774419999999999,11632.0,6.774,11632
2026-06-22 03:00:00,6.77456,6.781420000000001,6.77394,6.780550000000001,10879.0,6.7776,10879
2026-06-22 04:00:00,6.78054,6.7822700000000005,6.78013,6.78171,8514.0,6.7815,8514
2026-06-22 05:00:00,6.781619999999999,6.782150000000001,6.7786,6.78009,10921.0,6.7803,10921
2026-06-22 06:00:00,6.78008,6.78044,6.7769,6.780049999999999,13085.0,6.7787,13085
2026-06-22 07:00:00,6.78007,6.78116,6.77703,6.779660000000001,12656.0,6.7794,12656
2026-06-22 08:00:00,6.77978,6.78177,6.7768,6.77741,11553.0,6.7792,11553
2026-06-22 09:00:00,6.777139999999999,6.77768,6.7745500000000005,6.77733,10793.0,6.7765,10793
2026-06-22 10:00:00,6.77718,6.779820000000001,6.776700000000001,6.77923,9283.0,6.7782,9283
2026-06-22 11:00:00,6.77909,6.77979,6.7761,6.77865,10923.0,6.7777,10923
2026-06-22 12:00:00,6.77865,6.78008,6.77785,6.779699999999999,11427.0,6.779,11427
2026-06-22 13:00:00,6.77972,6.78152,6.7784,6.78125,12036.0,6.78,12036
2026-06-22 14:00:00,6.78116,6.78181,6.77531,6.777379999999999,13201.0,6.7793,13201
2026-06-22 15:00:00,6.777270000000001,6.77901,6.77512,6.77871,10809.0,6.7771,10809
2026-06-22 16:00:00,6.778449999999999,6.779859999999999,6.777500000000001,6.77769,9537.0,6.7786,9537
2026-06-22 17:00:00,6.7776,6.778220000000001,6.776700000000001,6.777550000000001,7598.0,6.7776,7598
2026-06-22 18:00:00,6.77745,6.77843,6.776700000000001,6.77792,6844.0,6.7777,6844
2026-06-22 19:00:00,6.77793,6.779,6.777500000000001,6.77827,7685.0,6.7783,7685
2026-06-22 20:00:00,6.778099999999999,6.7783500000000005,6.777,6.77771,3511.0,6.7779,3511
2026-06-22 21:00:00,6.77771,6.77975,6.7718,6.77945,1803.0,6.7769,1803
2026-06-22 22:00:00,6.775849999999999,6.77967,6.7756,6.77756,1409.0,6.7773,1409
2026-06-22 23:00:00,6.77748,6.778510000000001,6.7768,6.77773,3713.0,6.7776,3713
2026-06-23 00:00:00,6.77759,6.77934,6.77706,6.77771,10566.0,6.7783,10566
2026-06-23 01:00:00,6.77765,6.778739999999999,6.7744,6.7769,12010.0,6.7769,12010
2026-06-23 02:00:00,6.776860000000001,6.779870000000001,6.7753,6.77976,10537.0,6.7778,10537
2026-06-23 03:00:00,6.779870000000001,6.782220000000001,6.77929,6.780060000000001,10476.0,6.7808,10476
2026-06-23 04:00:00,6.78002,6.78241,6.77992,6.782089999999999,6864.0,6.7808,6864
2026-06-23 05:00:00,6.782089999999999,6.784409999999999,6.781,6.78381,11150.0,6.7824,11150
2026-06-23 06:00:00,6.78364,6.785769999999999,6.783100000000001,6.7841,12844.0,6.7846,12844
2026-06-23 07:00:00,6.78432,6.790710000000001,6.7822,6.789969999999999,14481.0,6.7866,14481
2026-06-23 08:00:00,6.78989,6.79067,6.7878,6.78992,12765.0,6.7894,12765
2026-06-23 09:00:00,6.78977,6.79024,6.785699999999999,6.78616,11137.0,6.788,11137
2026-06-23 10:00:00,6.78601,6.78888,6.78496,6.78845,11026.0,6.7874,11026
2026-06-23 11:00:00,6.78817,6.791180000000001,6.78669,6.79107,11065.0,6.7889,11065
2026-06-23 12:00:00,6.79116,6.79186,6.78844,6.791500000000001,11809.0,6.7905,11809
2026-06-23 13:00:00,6.79144,6.79386,6.78933,6.793539999999999,13480.0,6.7919,13480
2026-06-23 14:00:00,6.79364,6.79635,6.7929,6.79393,13803.0,6.7946,13803
2026-06-23 15:00:00,6.79393,6.79751,6.7927800000000005,6.79561,11547.0,6.7949,11547
2026-06-23 16:00:00,6.7955000000000005,6.79776,6.79492,6.79755,9501.0,6.7963,9501
2026-06-23 17:00:00,6.79757,6.797859999999999,6.7964,6.79756,6321.0,6.7975,6321
2026-06-23 18:00:00,6.79748,6.797820000000001,6.796499999999999,6.796550000000001,6711.0,6.7974,6711
2026-06-23 19:00:00,6.796819999999999,6.79688,6.7944,6.79518,8906.0,6.7951,8906
2026-06-23 20:00:00,6.79501,6.79548,6.79386,6.79386,4274.0,6.7949,4274
2026-06-23 21:00:00,6.79331,6.796339999999999,6.785550000000001,6.7932,2065.0,6.7938,2065
2026-06-23 22:00:00,6.7932,6.79608,6.79277,6.79405,1570.0,6.7942,1570
2026-06-23 23:00:00,6.79405,6.79507,6.7929,6.79335,3776.0,6.794,3776
2026-06-24 00:00:00,6.79332,6.79403,6.791329999999999,6.793150000000001,10177.0,6.7928,10177
2026-06-24 01:00:00,6.79313,6.79517,6.7902,6.792940000000001,12156.0,6.7929,12156
2026-06-24 02:00:00,6.792940000000001,6.79944,6.792470000000001,6.798940000000001,11827.0,6.7953,11827
2026-06-24 03:00:00,6.79888,6.804060000000001,6.798380000000001,6.80292,12054.0,6.8019,12054
2026-06-24 04:00:00,6.80292,6.80851,6.80292,6.80755,10172.0,6.8064,10172
2026-06-24 05:00:00,6.80755,6.807619999999999,6.80464,6.80593,12483.0,6.8063,12483
2026-06-24 06:00:00,6.80605,6.80935,6.80373,6.808409999999999,13564.0,6.8066,13564
2026-06-24 07:00:00,6.808409999999999,6.810510000000001,6.80727,6.80873,12859.0,6.8088,12859
2026-06-24 08:00:00,6.80833,6.811660000000001,6.80668,6.81157,12593.0,6.8093,12593
2026-06-24 09:00:00,6.81136,6.81611,6.81136,6.81552,11918.0,6.8141,11918
2026-06-24 10:00:00,6.81564,6.81747,6.8142,6.816929999999999,10965.0,6.816,10965
2026-06-24 11:00:00,6.81696,6.81833,6.812,6.8132600000000005,12299.0,6.8155,12299
2026-06-24 12:00:00,6.81339,6.81797,6.812449999999999,6.817769999999999,13292.0,6.8155,13292
2026-06-24 13:00:00,6.81768,6.81935,6.81408,6.8167100000000005,13498.0,6.8173,13498
2026-06-24 14:00:00,6.816979999999999,6.81811,6.815,6.81572,13387.0,6.8165,13387
2026-06-24 15:00:00,6.815619999999999,6.8163100000000005,6.81263,6.81488,12274.0,6.8144,12274
2026-06-24 16:00:00,6.814769999999999,6.815180000000001,6.81164,6.81383,10359.0,6.8136,10359
2026-06-24 17:00:00,6.8138,6.81526,6.8128,6.814369999999999,10898.0,6.8142,10898
2026-06-24 18:00:00,6.814430000000001,6.81496,6.81315,6.814620000000001,10482.0,6.814,10482
2026-06-24 19:00:00,6.81463,6.814830000000001,6.813,6.813859999999999,10700.0,6.814,10700
2026-06-24 20:00:00,6.81393,6.81441,6.81228,6.81242,6328.0,6.8135,6328
2026-06-24 21:00:00,6.81225,6.81379,6.80219,6.812329999999999,2005.0,6.81,2005
2026-06-24 22:00:00,6.810700000000001,6.8135,6.80891,6.81244,1365.0,6.812,1365
2026-06-24 23:00:00,6.81339,6.81356,6.81061,6.81167,4186.0,6.8119,4186
2026-06-25 00:00:00,6.81213,6.81376,6.80868,6.80996,11310.0,6.812,11310
2026-06-25 01:00:00,6.80992,6.81628,6.806099999999999,6.8156,14967.0,6.8099,14967
2026-06-25 02:00:00,6.81576,6.816460000000001,6.8106,6.8114,12790.0,6.8127,12790
2026-06-25 03:00:00,6.81133,6.81179,6.80675,6.807500000000001,11322.0,6.8087,11322
2026-06-25 04:00:00,6.807510000000001,6.80829,6.80592,6.807169999999999,8130.0,6.8072,8130
2026-06-25 05:00:00,6.80709,6.80973,6.8065,6.80964,10981.0,6.808,10981
2026-06-25 06:00:00,6.80952,6.81099,6.80845,6.809260000000001,12761.0,6.8097,12761
2026-06-25 07:00:00,6.80907,6.80972,6.803580000000001,6.803870000000001,13631.0,6.8074,13631
2026-06-25 08:00:00,6.80375,6.80511,6.80024,6.801379999999999,13246.0,6.8029,13246
2026-06-25 09:00:00,6.8013,6.80402,6.800460000000001,6.80239,11962.0,6.8029,11962
2026-06-25 10:00:00,6.80239,6.80515,6.800929999999999,6.80454,9701.0,6.8035,9701
2026-06-25 11:00:00,6.804609999999999,6.80659,6.8038,6.805820000000001,9699.0,6.8052,9699
2026-06-25 12:00:00,6.80565,6.80697,6.79794,6.8018,13300.0,6.8032,13300
2026-06-25 13:00:00,6.801820000000001,6.80389,6.79728,6.802179999999999,14338.0,6.8007,14338
2026-06-25 14:00:00,6.802289999999999,6.80344,6.79669,6.800470000000001,15407.0,6.8006,15407
2026-06-25 15:00:00,6.800409999999999,6.80345,6.798540000000001,6.79861,13947.0,6.8004,13947
2026-06-25 16:00:00,6.79874,6.80208,6.79807,6.8013,12915.0,6.7998,12915
2026-06-25 17:00:00,6.80146,6.80197,6.7955000000000005,6.80123,12310.0,6.8013,12310
2026-06-25 18:00:00,6.80124,6.802910000000001,6.799900000000001,6.80123,11957.0,6.8014,11957
2026-06-25 19:00:00,6.80123,6.8022,6.80049,6.800870000000001,10721.0,6.8015,10721
2026-06-25 20:00:00,6.80096,6.801609999999999,6.80032,6.80062,3876.0,6.801,3876
2026-06-25 21:00:00,6.80069,6.801209999999999,6.79217,6.798700000000001,1708.0,6.7977,1708
2026-06-25 22:00:00,6.798700000000001,6.801209999999999,6.79628,6.80105,1496.0,6.7996,1496
2026-06-25 23:00:00,6.8005,6.80416,6.79913,6.80279,3474.0,6.8015,3474
2026-06-26 00:00:00,6.80228,6.80334,6.8002,6.801779999999999,11937.0,6.8017,11937
2026-06-26 01:00:00,6.80181,6.8041100000000005,6.79725,6.8025400000000005,14069.0,6.8013,14069
2026-06-26 02:00:00,6.802569999999999,6.807939999999999,6.80164,6.8063,13333.0,6.8053,13333
2026-06-26 03:00:00,6.806259999999999,6.8093,6.8052,6.80724,12440.0,6.807,12440
2026-06-26 04:00:00,6.80726,6.80765,6.8058,6.80676,9499.0,6.8068,9499
2026-06-26 05:00:00,6.806649999999999,6.807569999999999,6.80329,6.80443,11798.0,6.8058,11798
2026-06-26 06:00:00,6.80443,6.80704,6.801100000000001,6.80454,13861.0,6.8046,13861
2026-06-26 07:00:00,6.80452,6.807900000000001,6.804209999999999,6.806369999999999,14679.0,6.8063,14679
2026-06-26 08:00:00,6.80639,6.80673,6.80137,6.80238,13558.0,6.8039,13558
2026-06-26 09:00:00,6.8025400000000005,6.803870000000001,6.7989,6.80105,12816.0,6.8016,12816
2026-06-26 10:00:00,6.80104,6.802969999999999,6.800140000000001,6.802689999999999,11614.0,6.8018,11614
2026-06-26 11:00:00,6.8025400000000005,6.80653,6.802350000000001,6.80536,11319.0,6.8042,11319
2026-06-26 12:00:00,6.80536,6.80639,6.801939999999999,6.80278,9778.0,6.8046,9778
2026-06-26 13:00:00,6.80255,6.805689999999999,6.8021400000000005,6.80344,10126.0,6.8038,10126
2026-06-26 14:00:00,6.80338,6.804259999999999,6.8006,6.80277,8654.0,6.8031,8654
2026-06-26 15:00:00,6.80278,6.8034,6.80055,6.80142,9607.0,6.8018,9607
2026-06-26 16:00:00,6.80142,6.802849999999999,6.800860000000001,6.801820000000001,10669.0,6.8019,10669
2026-06-26 17:00:00,6.80198,6.80345,6.800700000000001,6.803139999999999,10380.0,6.8024,10380
2026-06-26 18:00:00,6.8032,6.803539999999999,6.8018,6.802979999999999,8817.0,6.8027,8817
2026-06-26 19:00:00,6.80294,6.806,6.801900000000001,6.80248,7052.0,6.803,7052
2026-06-26 20:00:00,6.80244,6.80503,6.79674,6.799,3277.0,6.8028,3277
2026-06-28 21:00:00,6.79693,6.79863,6.795859999999999,6.79697,456.0,6.7973,456
2026-06-28 22:00:00,6.796899999999999,6.801489999999999,6.79688,6.80123,356.0,6.8005,356
2026-06-28 23:00:00,6.80131,6.80351,6.801089999999999,6.80328,2020.0,6.8023,2020
2026-06-29 00:00:00,6.8032,6.80493,6.80164,6.80388,9927.0,6.8037,9927
2026-06-29 01:00:00,6.8038,6.80741,6.80231,6.80675,12230.0,6.8054,12230
2026-06-29 02:00:00,6.80679,6.8072,6.79761,6.798990000000001,13461.0,6.8019,13461
2026-06-29 03:00:00,6.799110000000001,6.80142,6.7979,6.8013,9462.0,6.7995,9462
2026-06-29 04:00:00,6.8013,6.80216,6.800419999999999,6.801740000000001,6465.0,6.8013,6465
2026-06-29 05:00:00,6.80163,6.802300000000001,6.79805,6.79845,9553.0,6.8007,9553
2026-06-29 06:00:00,6.7985,6.79889,6.79346,6.794739999999999,11422.0,6.7966,11422
2026-06-29 07:00:00,6.79476,6.79697,6.7924,6.79557,12997.0,6.7951,12997
2026-06-29 08:00:00,6.7956,6.79789,6.79438,6.79768,11750.0,6.7962,11750
2026-06-29 09:00:00,6.79764,6.79841,6.79557,6.79665,10352.0,6.7969,10352
2026-06-29 10:00:00,6.796780000000001,6.798089999999999,6.79645,6.797459999999999,8244.0,6.7973,8244
2026-06-29 11:00:00,6.797289999999999,6.798259999999999,6.79609,6.7967,9689.0,6.7973,9689
2026-06-29 12:00:00,6.796729999999999,6.8007800000000005,6.7963000000000005,6.800009999999999,11268.0,6.7985,11268
2026-06-29 13:00:00,6.799900000000001,6.80147,6.7986,6.80113,11872.0,6.8001,11872
2026-06-29 14:00:00,6.800929999999999,6.80212,6.79921,6.8003100000000005,13395.0,6.8006,13395
2026-06-29 15:00:00,6.800249999999999,6.80188,6.79852,6.79888,10289.0,6.8005,10289
2026-06-29 16:00:00,6.79888,6.7994200000000005,6.7976,6.799,7437.0,6.7989,7437
2026-06-29 17:00:00,6.799,6.79965,6.79793,6.79834,6546.0,6.799,6546
2026-06-29 18:00:00,6.79834,6.79859,6.7972,6.79824,6760.0,6.7981,6760
2026-06-29 19:00:00,6.79819,6.799100000000001,6.7972,6.798819999999999,6910.0,6.7983,6910
2026-06-29 20:00:00,6.798819999999999,6.801209999999999,6.798780000000001,6.80089,3718.0,6.8002,3718
2026-06-29 21:00:00,6.80089,6.80089,6.7912300000000005,6.797699999999999,1839.0,6.798,1839
2026-06-29 22:00:00,6.797699999999999,6.799790000000001,6.79711,6.798019999999999,1706.0,6.7984,1706
2026-06-29 23:00:00,6.79825,6.799859999999999,6.79788,6.799790000000001,3120.0,6.7988,3120
2026-06-30 00:00:00,6.79892,6.801209999999999,6.798780000000001,6.80008,8727.0,6.8004,8727
2026-06-30 01:00:00,6.79989,6.80259,6.79645,6.796889999999999,12653.0,6.799,12653
2026-06-30 02:00:00,6.79658,6.798,6.795699999999999,6.7975900000000005,10636.0,6.7971,10636
2026-06-30 03:00:00,6.7975900000000005,6.79761,6.7948,6.796499999999999,9181.0,6.796,9181
2026-06-30 04:00:00,6.79637,6.79698,6.794300000000001,6.79629,7034.0,6.7957,7034
2026-06-30 05:00:00,6.79631,6.79708,6.79346,6.79426,9612.0,6.7958,9612
2026-06-30 06:00:00,6.79437,6.794739999999999,6.78996,6.791449999999999,12500.0,6.7922,12500
2026-06-30 07:00:00,6.7914,6.792019999999999,6.786230000000001,6.789409999999999,13337.0,6.7895,13337
2026-06-30 08:00:00,6.78944,6.79192,6.78881,6.78992,11247.0,6.7904,11247
2026-06-30 09:00:00,6.78996,6.790990000000001,6.78881,6.7891900000000005,10130.0,6.7899,10130
2026-06-30 10:00:00,6.789070000000001,6.791390000000001,6.78884,6.79012,8410.0,6.7904,8410
2026-06-30 11:00:00,6.79011,6.792060000000001,6.789740000000001,6.7918,10064.0,6.7909,10064
2026-06-30 12:00:00,6.791790000000001,6.79363,6.79132,6.7925,11164.0,6.7926,11164
2026-06-30 13:00:00,6.792409999999999,6.79323,6.7914,6.79204,11503.0,6.7922,11503
2026-06-30 14:00:00,6.79188,6.79295,6.78779,6.78837,14153.0,6.7903,14153
2026-06-30 15:00:00,6.788390000000001,6.79205,6.78688,6.79176,11805.0,6.79,11805
2026-06-30 16:00:00,6.79177,6.793660000000001,6.791,6.792129999999999,9336.0,6.7926,9336
2026-06-30 17:00:00,6.792019999999999,6.79265,6.79067,6.79072,7911.0,6.7917,7911
2026-06-30 18:00:00,6.790769999999999,6.79126,6.7894,6.790700000000001,7821.0,6.7904,7821
2026-06-30 19:00:00,6.79081,6.791790000000001,6.7903,6.7906200000000005,7550.0,6.791,7550
2026-06-30 20:00:00,6.79067,6.79175,6.7899,6.79073,5762.0,6.7909,5762
2026-06-30 21:00:00,6.790030000000001,6.79172,6.77733,6.78985,1705.0,6.7886,1705
2026-06-30 22:00:00,6.789059999999999,6.79104,6.78858,6.789630000000001,1376.0,6.7903,1376
2026-06-30 23:00:00,6.78965,6.791910000000001,6.789350000000001,6.79177,2264.0,6.7906,2264
2026-07-01 00:00:00,6.79166,6.79425,6.790380000000001,6.794220000000001,7840.0,6.7927,7840
2026-07-01 01:00:00,6.79419,6.79703,6.792,6.796220000000001,12243.0,6.7944,12243
2026-07-01 02:00:00,6.79619,6.7985,6.79482,6.79779,10347.0,6.7968,10347
2026-07-01 03:00:00,6.797750000000001,6.79886,6.7962,6.7983,8256.0,6.7978,8256
2026-07-01 04:00:00,6.79829,6.8,6.7975,6.79891,7197.0,6.7989,7197
2026-07-01 05:00:00,6.798830000000001,6.800579999999999,6.797699999999999,6.79783,9850.0,6.7993,9850
2026-07-01 06:00:00,6.79795,6.80256,6.79773,6.80055,11362.0,6.8001,11362
2026-07-01 07:00:00,6.80055,6.801660000000001,6.798419999999999,6.79937,12574.0,6.7999,12574
2026-07-01 08:00:00,6.79932,6.80024,6.79784,6.7990200000000005,10629.0,6.7992,10629
2026-07-01 09:00:00,6.79891,6.80072,6.798310000000001,6.800179999999999,10323.0,6.7996,10323
2026-07-01 10:00:00,6.80029,6.80105,6.7972,6.79789,9102.0,6.7993,9102
2026-07-01 11:00:00,6.798030000000001,6.7996300000000005,6.79768,6.79916,9896.0,6.7988,9896
2026-07-01 12:00:00,6.79921,6.80069,6.797699999999999,6.79981,11325.0,6.7994,11325
2026-07-01 13:00:00,6.79981,6.80088,6.79216,6.79499,14076.0,6.797,14076
2026-07-01 14:00:00,6.79484,6.7982,6.7925,6.79302,14149.0,6.7939,14149
2026-07-01 15:00:00,6.79296,6.79539,6.7929,6.79482,11967.0,6.7944,11967
2026-07-01 16:00:00,6.79487,6.795310000000001,6.7926,6.7948,9824.0,6.7944,9824
2026-07-01 17:00:00,6.79489,6.795539999999999,6.793900000000001,6.79495,8890.0,6.7949,8890
2026-07-01 18:00:00,6.794910000000001,6.79635,6.794099999999999,6.794969999999999,8656.0,6.7956,8656
2026-07-01 19:00:00,6.79488,6.79518,6.7936,6.794860000000001,9345.0,6.7947,9345
2026-07-01 20:00:00,6.794969999999999,6.7956,6.793,6.79398,4934.0,6.7946,4934
2026-07-01 21:00:00,6.79296,6.79663,6.7878,6.7927100000000005,1548.0,6.7934,1548
2026-07-01 22:00:00,6.7927100000000005,6.79568,6.79265,6.79325,2258.0,6.7935,2258
2026-07-01 23:00:00,6.79332,6.79468,6.784579999999999,6.7938,2847.0,6.7935,2847
2026-07-02 00:00:00,6.79333,6.794179999999999,6.79081,6.79333,10498.0,6.7928,10498
2026-07-02 01:00:00,6.79358,6.79608,6.78892,6.790579999999999,14272.0,6.793,14272
2026-07-02 02:00:00,6.790700000000001,6.79097,6.78694,6.79079,14434.0,6.7887,14434
2026-07-02 03:00:00,6.79045,6.7914,6.78804,6.78819,11226.0,6.7897,11226
2026-07-02 04:00:00,6.78828,6.78904,6.78694,6.78852,9843.0,6.7882,9843
2026-07-02 05:00:00,6.78849,6.791049999999999,6.787,6.78921,11373.0,6.7893,11373
2026-07-02 06:00:00,6.78936,6.78968,6.78669,6.78741,13891.0,6.7883,13891
2026-07-02 07:00:00,6.78757,6.792470000000001,6.78736,6.79057,14232.0,6.7906,14232
2026-07-02 08:00:00,6.79069,6.7914,6.78856,6.79057,13171.0,6.7898,13171
2026-07-02 09:00:00,6.790579999999999,6.79272,6.78996,6.79195,12189.0,6.7916,12189
2026-07-02 10:00:00,6.79192,6.79384,6.7916,6.79276,10760.0,6.793,10760
2026-07-02 11:00:00,6.79276,6.79623,6.7925,6.795459999999999,11139.0,6.7945,11139
2026-07-02 12:00:00,6.795459999999999,6.7965100000000005,6.78386,6.786289999999999,14896.0,6.7904,14896
2026-07-02 13:00:00,6.786510000000001,6.78853,6.783459999999999,6.784179999999999,15476.0,6.7862,15476
2026-07-02 14:00:00,6.78409,6.78896,6.7838,6.78764,15005.0,6.787,15005
2026-07-02 15:00:00,6.78757,6.788499999999999,6.784929999999999,6.78584,12828.0,6.7868,12828
2026-07-02 16:00:00,6.78592,6.78856,6.785660000000001,6.78749,11851.0,6.7871,11851
2026-07-02 17:00:00,6.787420000000001,6.78973,6.787369999999999,6.78916,10368.0,6.7888,10368
2026-07-02 18:00:00,6.789180000000001,6.789420000000001,6.7862,6.78736,9593.0,6.7878,9593
2026-07-02 19:00:00,6.78738,6.78913,6.78721,6.78763,9460.0,6.7881,9460
2026-07-02 20:00:00,6.78764,6.78869,6.786899999999999,6.78831,2998.0,6.7878,2998
2026-07-02 21:00:00,6.78824,6.78853,6.77536,6.78587,2307.0,6.7844,2307
2026-07-02 22:00:00,6.78375,6.788670000000001,6.78199,6.78836,2353.0,6.7865,2353
2026-07-02 23:00:00,6.78774,6.78991,6.78692,6.78932,3883.0,6.7885,3883
2026-07-03 00:00:00,6.78937,6.79008,6.78695,6.787030000000001,10607.0,6.7889,10607
2026-07-03 01:00:00,6.787030000000001,6.787939999999999,6.78,6.78331,12374.0,6.7848,12374
2026-07-03 02:00:00,6.78324,6.78529,6.78185,6.78384,10786.0,6.7838,10786
2026-07-03 03:00:00,6.78383,6.78532,6.782700000000001,6.78483,8074.0,6.7844,8074
2026-07-03 04:00:00,6.78479,6.78525,6.7834,6.78399,5771.0,6.7844,5771
2026-07-03 05:00:00,6.784009999999999,6.78437,6.7822,6.783329999999999,9606.0,6.7836,9606
2026-07-03 06:00:00,6.78329,6.78397,6.78092,6.7838,12153.0,6.7823,12153
2026-07-03 07:00:00,6.783740000000001,6.786289999999999,6.7829,6.783740000000001,11889.0,6.7845,11889
2026-07-03 08:00:00,6.78365,6.7844,6.782430000000001,6.78369,10777.0,6.7836,10777
2026-07-03 09:00:00,6.78369,6.78601,6.78263,6.785830000000001,9041.0,6.7841,9041
2026-07-03 10:00:00,6.785820000000001,6.786099999999999,6.7829,6.784689999999999,8722.0,6.7844,8722
2026-07-03 11:00:00,6.78462,6.7849,6.7823,6.782380000000001,8176.0,6.7833,8176
2026-07-03 12:00:00,6.782380000000001,6.78353,6.7814,6.78325,8216.0,6.7826,8216
2026-07-03 13:00:00,6.78325,6.78541,6.78316,6.78506,9596.0,6.7847,9596
2026-07-03 14:00:00,6.7849900000000005,6.78547,6.7833,6.78472,9717.0,6.7843,9717
2026-07-03 15:00:00,6.784860000000001,6.78568,6.7841,6.78437,7604.0,6.7847,7604
2026-07-03 16:00:00,6.78426,6.785089999999999,6.7832,6.78462,3025.0,6.7845,3025
2026-07-03 17:00:00,6.784540000000001,6.78492,6.7834,6.7847100000000005,2897.0,6.7843,2897
2026-07-03 18:00:00,6.78467,6.785100000000001,6.783169999999999,6.784809999999999,1964.0,6.7846,1964
2026-07-03 19:00:00,6.784809999999999,6.785299999999999,6.783900000000001,6.78495,1962.0,6.7849,1962
2026-07-03 20:00:00,6.78501,6.7861400000000005,6.77596,6.78559,1650.0,6.7837,1650
2026-07-05 21:00:00,6.7812,6.78211,6.77908,6.78092,498.0,6.7813,498
2026-07-05 22:00:00,6.78093,6.78334,6.78082,6.78324,1921.0,6.7829,1921
2026-07-05 23:00:00,6.78324,6.78523,6.78289,6.78437,2115.0,6.7843,2115
2026-07-06 00:00:00,6.78412,6.78567,6.78349,6.78459,8964.0,6.7843,8964
2026-07-06 01:00:00,6.78456,6.7892,6.784060000000001,6.789,12075.0,6.7869,12075
2026-07-06 02:00:00,6.7891,6.79171,6.788620000000001,6.790089999999999,11146.0,6.79,11146
2026-07-06 03:00:00,6.79021,6.79346,6.789619999999999,6.7914,8726.0,6.7914,8726
2026-07-06 04:00:00,6.79141,6.79208,6.790700000000001,6.79084,7342.0,6.7913,7342
2026-07-06 05:00:00,6.79074,6.79209,6.789699999999999,6.79116,8809.0,6.791,8809
2026-07-06 06:00:00,6.79116,6.79557,6.7905500000000005,6.79488,11301.0,6.7928,11301
2026-07-06 07:00:00,6.794979999999999,6.79636,6.7928,6.793609999999999,12838.0,6.7946,12838
2026-07-06 08:00:00,6.79372,6.79575,6.7934,6.79468,11474.0,6.7947,11474
2026-07-06 09:00:00,6.794569999999999,6.79721,6.79433,6.796940000000001,8724.0,6.7952,8724
2026-07-06 10:00:00,6.79694,6.79838,6.7962,6.79709,9785.0,6.7974,9785
2026-07-06 11:00:00,6.79697,6.79913,6.79648,6.79886,9137.0,6.7974,9137
2026-07-06 12:00:00,6.7988,6.79948,6.7969,6.79907,9802.0,6.7982,9802
2026-07-06 13:00:00,6.799059999999999,6.799859999999999,6.7982,6.799169999999999,10955.0,6.799,10955
2026-07-06 14:00:00,6.799180000000001,6.799500000000001,6.79756,6.79851,10787.0,6.7988,10787
2026-07-06 15:00:00,6.79847,6.79861,6.7954,6.796259999999999,9693.0,6.7971,9693
2026-07-06 16:00:00,6.796270000000001,6.79657,6.7948,6.79567,7885.0,6.7958,7885
2026-07-06 17:00:00,6.795580000000001,6.795870000000001,6.79439,6.79496,6483.0,6.795,6483
2026-07-06 18:00:00,6.79487,6.79517,6.7934,6.79407,4903.0,6.7944,4903
2026-07-06 19:00:00,6.79406,6.79483,6.7933,6.79407,4870.0,6.7943,4870
2026-07-06 20:00:00,6.79403,6.7946,6.7934,6.79383,2472.0,6.7942,2472
2026-07-06 21:00:00,6.79383,6.79694,6.78886,6.79577,2333.0,6.7939,2333
2026-07-06 22:00:00,6.79384,6.7968,6.793260000000001,6.794579999999999,2456.0,6.794,2456
2026-07-06 23:00:00,6.79392,6.79496,6.792700000000001,6.794339999999999,3106.0,6.7937,3106
2026-07-07 00:00:00,6.7944,6.795459999999999,6.793889999999999,6.795310000000001,7889.0,6.7947,7889
2026-07-07 01:00:00,6.79509,6.79548,6.78938,6.78977,11750.0,6.7928,11750
2026-07-07 02:00:00,6.789619999999999,6.794979999999999,6.7884,6.7948,10569.0,6.7918,10569
2026-07-07 03:00:00,6.79482,6.79576,6.7936,6.79518,8946.0,6.7946,8946
2026-07-07 04:00:00,6.795249999999999,6.7972600000000005,6.795100000000001,6.79685,6716.0,6.7963,6716
2026-07-07 05:00:00,6.79687,6.80027,6.796099999999999,6.79954,11282.0,6.7988,11282
2026-07-07 06:00:00,6.79965,6.802849999999999,6.799,6.80064,12153.0,6.8012,12153
2026-07-07 07:00:00,6.800700000000001,6.80294,6.7989500000000005,6.80062,12300.0,6.801,12300
2026-07-07 08:00:00,6.80051,6.801100000000001,6.797420000000001,6.79807,11452.0,6.7987,11452
2026-07-07 09:00:00,6.79799,6.7986,6.79636,6.798419999999999,9086.0,6.7975,9086
2026-07-07 10:00:00,6.7984,6.79913,6.7962,6.79713,9192.0,6.7975,9192
2026-07-07 11:00:00,6.79699,6.79795,6.7959000000000005,6.796329999999999,9660.0,6.797,9660
2026-07-07 12:00:00,6.7963000000000005,6.79744,6.795580000000001,6.79668,11326.0,6.7967,11326
2026-07-07 13:00:00,6.796659999999999,6.79789,6.7956,6.7975,11988.0,6.7967,11988
2026-07-07 14:00:00,6.79754,6.79972,6.797289999999999,6.798380000000001,10114.0,6.7986,10114
2026-07-07 15:00:00,6.79833,6.80199,6.7979,6.80147,9734.0,6.8003,9734
2026-07-07 16:00:00,6.801379999999999,6.80184,6.7955000000000005,6.801139999999999,6181.0,6.8012,6181
2026-07-07 17:00:00,6.80116,6.80135,6.79993,6.80045,7654.0,6.8008,7654
2026-07-07 18:00:00,6.80021,6.80252,6.799900000000001,6.80244,9010.0,6.8011,9010
2026-07-07 19:00:00,6.802350000000001,6.804940000000001,6.802230000000001,6.80351,10745.0,6.8038,10745
2026-07-07 20:00:00,6.80351,6.80407,6.80239,6.802620000000001,3810.0,6.8035,3810
2026-07-07 21:00:00,6.80256,6.80681,6.79255,6.80273,2102.0,6.802,2102
2026-07-07 22:00:00,6.80248,6.80432,6.8016700000000005,6.803660000000001,1320.0,6.8034,1320
2026-07-07 23:00:00,6.802,6.80577,6.80192,6.80432,3267.0,6.8037,3267
2026-07-08 00:00:00,6.804889999999999,6.80606,6.8014,6.80311,10712.0,6.8036,10712
2026-07-08 01:00:00,6.80309,6.80721,6.8003100000000005,6.80347,12497.0,6.8038,12497
2026-07-08 02:00:00,6.80332,6.80589,6.8013,6.80248,11341.0,6.8035,11341
2026-07-08 03:00:00,6.80256,6.80259,6.7982,6.79925,10387.0,6.7999,10387
2026-07-08 04:00:00,6.79913,6.79988,6.7979,6.79863,7800.0,6.799,7800
2026-07-08 05:00:00,6.79856,6.80063,6.79818,6.79943,10343.0,6.7995,10343
2026-07-08 06:00:00,6.79941,6.80118,6.798710000000001,6.80043,11773.0,6.8002,11773
2026-07-08 07:00:00,6.800419999999999,6.802849999999999,6.799,6.80051,12003.0,6.8011,12003
2026-07-08 08:00:00,6.80044,6.80533,6.799510000000001,6.804499999999999,14148.0,6.803,14148
2026-07-08 09:00:00,6.80464,6.80646,6.803299999999999,6.805059999999999,13454.0,6.8046,13454
2026-07-08 10:00:00,6.80498,6.80532,6.802860000000001,6.8038300000000005,10925.0,6.8041,10925
2026-07-08 11:00:00,6.80384,6.807100000000001,6.80377,6.80639,11101.0,6.8056,11101
2026-07-08 12:00:00,6.806369999999999,6.80685,6.804499999999999,6.80669,13229.0,6.8053,13229
2026-07-08 13:00:00,6.80668,6.8076300000000005,6.80573,6.806649999999999,13095.0,6.8066,13095
2026-07-08 14:00:00,6.80651,6.80965,6.80613,6.80945,12637.0,6.808,12637
2026-07-08 15:00:00,6.80925,6.810179999999999,6.8083800000000005,6.80947,10089.0,6.8094,10089
2026-07-08 16:00:00,6.809379999999999,6.80958,6.8064,6.80715,9251.0,6.8084,9251
2026-07-08 17:00:00,6.80714,6.807510000000001,6.805459999999999,6.80667,8810.0,6.8062,8810
2026-07-08 18:00:00,6.8065500000000005,6.807,6.8035000000000005,6.80503,8088.0,6.8051,8088
2026-07-08 19:00:00,6.80492,6.805059999999999,6.803100000000001,6.804060000000001,6856.0,6.8042,6856
2026-07-08 20:00:00,6.80412,6.807059999999999,6.804,6.805809999999999,5730.0,6.8056,5730
2026-07-08 21:00:00,6.805809999999999,6.80681,6.79228,6.80621,1742.0,6.8046,1742
2026-07-08 22:00:00,6.80555,6.806369999999999,6.805,6.80589,1501.0,6.8057,1501
2026-07-08 23:00:00,6.80554,6.80611,6.8039000000000005,6.80493,3382.0,6.8053,3382
2026-07-09 00:00:00,6.8045100000000005,6.80499,6.801550000000001,6.80437,9083.0,6.8034,9083
2026-07-09 01:00:00,6.80418,6.8058700000000005,6.801340000000001,6.80144,12321.0,6.8031,12321
2026-07-09 02:00:00,6.80103,6.802969999999999,6.7984,6.80216,10905.0,6.801,10905
2026-07-09 03:00:00,6.802060000000001,6.8039000000000005,6.80036,6.80171,8982.0,6.802,8982
2026-07-09 04:00:00,6.80171,6.80323,6.801100000000001,6.80117,6435.0,6.8021,6435
2026-07-09 05:00:00,6.80118,6.80159,6.79897,6.79993,10200.0,6.8002,10200
2026-07-09 06:00:00,6.79999,6.800409999999999,6.796819999999999,6.79813,11849.0,6.7984,11849
2026-07-09 07:00:00,6.798,6.79937,6.797,6.79816,11257.0,6.7982,11257
2026-07-09 08:00:00,6.79795,6.7985500000000005,6.796609999999999,6.798430000000001,10940.0,6.7978,10940
2026-07-09 09:00:00,6.7985,6.7986,6.7971,6.79784,8482.0,6.798,8482
2026-07-09 10:00:00,6.79793,6.79995,6.797,6.79949,8702.0,6.7984,8702
2026-07-09 11:00:00,6.79949,6.79997,6.79796,6.798369999999999,8863.0,6.799,8863
2026-07-09 12:00:00,6.798430000000001,6.79904,6.79692,6.79886,10128.0,6.7979,10128
2026-07-09 13:00:00,6.79869,6.79888,6.79581,6.79612,11070.0,6.7974,11070
2026-07-09 14:00:00,6.795820000000001,6.79663,6.79488,6.79524,10757.0,6.7959,10757
2026-07-09 15:00:00,6.795139999999999,6.79653,6.7929,6.79499,10190.0,6.7951,10190
2026-07-09 16:00:00,6.794979999999999,6.795539999999999,6.794179999999999,6.79507,7647.0,6.7949,7647
2026-07-09 17:00:00,6.79507,6.79548,6.793699999999999,6.79487,7560.0,6.7948,7560
2026-07-09 18:00:00,6.79504,6.796259999999999,6.794499999999999,6.79563,7680.0,6.7956,7680
2026-07-09 19:00:00,6.79555,6.79715,6.795,6.79675,6995.0,6.7963,6995
2026-07-09 20:00:00,6.79676,6.797020000000001,6.79529,6.79549,2960.0,6.7965,2960
2026-07-09 21:00:00,6.79527,6.7967,6.78711,6.790419999999999,1895.0,6.7941,1895
2026-07-09 22:00:00,6.79385,6.79618,6.793660000000001,6.79517,1487.0,6.795,1487
2026-07-09 23:00:00,6.79517,6.796060000000001,6.794510000000001,6.794510000000001,2404.0,6.7953,2404
2026-07-10 00:00:00,6.79455,6.795660000000001,6.7908,6.791790000000001,9359.0,6.7939,9359
2026-07-10 01:00:00,6.79177,6.79225,6.78316,6.78431,13478.0,6.7878,13478
2026-07-10 02:00:00,6.78421,6.78558,6.77818,6.78018,13292.0,6.7815,13292
2026-07-10 03:00:00,6.78015,6.78264,6.7795000000000005,6.78204,9725.0,6.7811,9725
2026-07-10 04:00:00,6.78208,6.78302,6.7812,6.78265,7417.0,6.7822,7417
2026-07-10 05:00:00,6.78259,6.78416,6.7813,6.78228,9963.0,6.7827,9963
2026-07-10 06:00:00,6.78228,6.78334,6.78065,6.78272,11960.0,6.7823,11960
2026-07-10 07:00:00,6.78272,6.78399,6.7811,6.7818,12472.0,6.7825,12472
2026-07-10 08:00:00,6.78176,6.78204,6.78,6.78083,11945.0,6.7809,11945
2026-07-10 09:00:00,6.78095,6.78164,6.7779,6.77929,10151.0,6.7798,10151
2026-07-10 10:00:00,6.77912,6.77979,6.775900000000001,6.778579999999999,9829.0,6.7779,9829
2026-07-10 11:00:00,6.77843,6.77971,6.77802,6.77908,9987.0,6.7788,9987
2026-07-10 12:00:00,6.77892,6.780940000000001,6.77652,6.779699999999999,11550.0,6.7795,11550
2026-07-10 13:00:00,6.77967,6.781459999999999,6.7794,6.78045,11988.0,6.7805,11988
2026-07-10 14:00:00,6.78045,6.78423,6.7799000000000005,6.781859999999999,11566.0,6.7811,11566
2026-07-10 15:00:00,6.781859999999999,6.782430000000001,6.777500000000001,6.77812,11519.0,6.7797,11519
2026-07-10 16:00:00,6.77803,6.7954,6.7773,6.78031,9178.0,6.7789,9178
2026-07-10 17:00:00,6.78041,6.78175,6.7799,6.78138,8373.0,6.781,8373
2026-07-10 18:00:00,6.78133,6.78229,6.781,6.7814,7990.0,6.7818,7990
2026-07-10 19:00:00,6.781409999999999,6.7823,6.780899999999999,6.78192,5230.0,6.7818,5230
2026-07-10 20:00:00,6.781820000000001,6.78219,6.773569999999999,6.77625,2549.0,6.7814,2549
2026-07-12 21:00:00,6.77604,6.78133,6.773969999999999,6.781020000000001,95.0,6.7792,95
2026-07-12 22:00:00,6.78083,6.78436,6.77775,6.7838899999999995,889.0,6.7816,889
2026-07-12 23:00:00,6.7839100000000006,6.7848999999999995,6.7836300000000005,6.78386,1986.0,6.7842,1986
2026-07-13 00:00:00,6.78375,6.78671,6.7834,6.78638,10707.0,6.7851,10707
2026-07-13 01:00:00,6.78638,6.78756,6.7755,6.78146,13977.0,6.7841,13977
2026-07-13 02:00:00,6.78144,6.78636,6.78141,6.78612,12376.0,6.7834,12376
2026-07-13 03:00:00,6.78613,6.78876,6.78587,6.78734,10529.0,6.7875,10529
2026-07-13 04:00:00,6.78728,6.78778,6.78651,6.78679,7628.0,6.7871,7628
2026-07-13 05:00:00,6.78672,6.78954,6.7852,6.78897,12356.0,6.7876,12356
2026-07-13 06:00:00,6.78864,6.78902,6.78447,6.78623,13302.0,6.7872,13302
2026-07-13 07:00:00,6.78622,6.78671,6.78299,6.78345,13104.0,6.7847,13104
2026-07-13 08:00:00,6.7834,6.78383,6.7813,6.78272,12942.0,6.7827,12942
2026-07-13 09:00:00,6.78267,6.78326,6.7781,6.77887,11486.0,6.782,11486
2026-07-13 10:00:00,6.77878,6.78061,6.77786,6.77987,10809.0,6.7793,10809
2026-07-13 11:00:00,6.77965,6.78134,6.7788,6.78,10262.0,6.7801,10262
2026-07-13 12:00:00,6.77995,6.78094,6.77819,6.7785,11766.0,6.7798,11766
2026-07-13 13:00:00,6.77833,6.78143,6.77773,6.78116,11898.0,6.7798,11898
2026-07-13 14:00:00,6.78117,6.78399,6.78071,6.78245,13085.0,6.7823,13085
2026-07-13 15:00:00,6.78255,6.7831,6.78131,6.78153,11546.0,6.7822,11546
2026-07-13 16:00:00,6.78165,6.78567,6.7809,6.78505,12044.0,6.7835,12044
2026-07-13 17:00:00,6.78497,6.78536,6.7837,6.7851,10350.0,6.7848,10350
2026-07-13 18:00:00,6.78509,6.78535,6.7835,6.78449,8545.0,6.7847,8545
2026-07-13 19:00:00,6.78446,6.78546,6.784,6.78502,6673.0,6.7849,6673
2026-07-13 20:00:00,6.78502,6.78602,6.78435,6.78456,3982.0,6.7852,3982
2026-07-13 21:00:00,6.78456,6.78634,6.78103,6.78497,880.0,6.784,880
2026-07-13 22:00:00,6.78393,6.78532,6.78204,6.78456,1179.0,6.7843,1179
2026-07-13 23:00:00,6.7846,6.78566,6.78336,6.78423,5016.0,6.7843,5016
2026-07-14 00:00:00,6.78401,6.78666,6.783,6.78479,12878.0,6.7846,12878
2026-07-14 01:00:00,6.78482,6.78789,6.78346,6.78494,12633.0,6.785,12633
2026-07-14 02:00:00,6.78488,6.78656,6.78285,6.78571,12111.0,6.7849,12111
2026-07-14 03:00:00,6.78571,6.78722,6.78268,6.78352,10601.0,6.7851,10601
2026-07-14 04:00:00,6.78358,6.7848,6.7824,6.78361,8304.0,6.7838,8304
2026-07-14 05:00:00,6.78362,6.78386,6.77888,6.78014,11916.0,6.781,11916
2026-07-14 06:00:00,6.78019,6.78251,6.7793,6.78228,11550.0,6.7811,11550
2026-07-14 07:00:00,6.78229,6.78306,6.7792,6.77981,12730.0,6.7809,12730
2026-07-14 08:00:00,6.77982,6.78089,6.7786,6.78039,11698.0,6.7797,11698
2026-07-14 09:00:00,6.78036,6.78077,6.77919,6.78019,10919.0,6.78,10919
2026-07-14 10:00:00,6.78018,6.78219,6.77996,6.78196,9983.0,6.7812,9983
2026-07-14 11:00:00,6.78199,6.7824,6.7801,6.78119,10008.0,6.7815,10008
2026-07-14 12:00:00,6.78113,6.7821,6.76891,6.77256,14523.0,6.7756,14523
2026-07-14 13:00:00,6.77245,6.77364,6.77101,6.77213,14642.0,6.7721,14642
2026-07-14 14:00:00,6.7721,6.77333,6.77011,6.77161,13446.0,6.772,13446
2026-07-14 15:00:00,6.77145,6.77495,6.7684,6.77488,12474.0,6.7716,12474
2026-07-14 16:00:00,6.77466,6.77508,6.7716,6.77252,10322.0,6.7732,10322
2026-07-14 17:00:00,6.7724,6.77426,6.77203,6.77408,8796.0,6.7734,8796
2026-07-14 18:00:00,6.7741,6.77503,6.7727,6.77342,8443.0,6.7739,8443
2026-07-14 19:00:00,6.77339,6.77396,6.772,6.77363,7890.0,6.7733,7890
2026-07-14 20:00:00,6.7736,6.7743,6.77298,6.77328,4289.0,6.7737,4289
2026-07-14 21:00:00,6.77328,6.77411,6.75988,6.76855,1603.0,6.7697,1603
2026-07-14 22:00:00,6.76855,6.77381,6.7662,6.77366,1395.0,6.7713,1395
2026-07-14 23:00:00,6.77311,6.77371,6.77177,6.77231,2485.0,6.7729,2485
